#HCal ADCT offsets obtained 3_1_2023
#Offsets obtained from fits over ADCT distributions = 
-40.9298
-39.0768
-41.3544
-41.5856
-9.31728
-14.9452
-16.2242
-10.1137
-35.2008
-40.0932
-49.4434
-39.3566
-39.9004
-43.0426
-2.29326
-4.7811
-11.2021
-15.2895
-11.6473
-8.0333
-2.45322
-0.663512
-27.469
-36.7236
-29.5262
1.60552
-1.54282
-9.19238
28.9968
23.57
31.608
30.1458
-1.54924
-0.0539882
1.3753
-1.11328
-6.13502
-2.51696
-5.29248
-1.42738
24.8552
22.9032
24.3802
24.3494
-0.758278
-3.1742
-0.819304
-0.213718
-0.99513
-3.65034
2.25484
-1.20286
-16.4929
-15.1142
27.1632
29.32
1.7576
-0.274806
-37.7734
-39.797
-4.88982
-4.78576
-3.21572
-1.03418
-11.1916
-17.9471
21.5574
27.6054
-1.26786
1.60234
-40.0702
-41.595
3.0516
2.66696
3.659
6.90866
26.9064
33.2512
24.608
29.095
-2.23642
1.27365
-3.0175
-6.38698
-43.7924
-42.744
-40.9448
-40.721
-14.1329
-16.2467
-15.0987
-12.4939
-33.8706
-36.999
-36.1778
-40.347
-1.05424
-4.82434
0.0962972
-1.91605
-12.0874
-16.2229
28.9242
29.349
0.7523
0.642318
-37.8628
-40.8642
1.71326
-0.922648
-39.662
-38.3164
-16.1062
-13.2121
24.2878
25.2686
-37.3318
-34.4878
-39.9198
-40.0304
-7.03812
-3.21612
-0.872644
-1.31944
-17.8964
-14.4188
22.493
22.6586
-1.38878
-1.39163
-36.405
-39.2046
-42.003
-44.8358
-38.902
-36.11
23.0136
23.7002
-11.9759
-11.2025
-37.8838
-37.1606
-3.75566
-4.12664
2.55482
3.12562
5.04816
8.49744
33.533
24.5644
33.2054
33.8402
2.98052
5.23496
-3.95998
-5.54478
-7.24594
-1.16383
-2.41106
0.747974
19.5286
24.3292
18.892
23.6692
-2.02842
1.30057
-5.47978
-4.21054
-40.6202
-42.2792
-39.692
-36.4702
21.418
17.9764
-13.6361
-12.2582
-38.4358
-31.714
-4.99182
-6.42524
-10.1842
-4.32532
-4.39554
-3.6352
21.54
21.9818
18.4504
22.2806
-0.42485
-2.29034
-2.71666
-7.03638
-4.90364
-4.38656
-0.762272
-0.995934
29.0036
16.0522
28.1986
31.5054
-1.34376
3.62616
-2.93754
-2.16602
-7.66248
-1.97461
-15.0957
-1.11428
17.8868
15.8182
18.5204
24.1286
-4.51496
-2.68536
-7.75316
-3.22784
-3.58562
2.41018
-5.39344
1.04817
20.9552
23.6278
23.0828
21.1774
-1.90962
-0.208652
-6.8717
-1.90649
-5.71274
-8.15006
-5.58384
-4.62886
25.3236
22.9296
20.189
27.4052
-3.51336
-6.44088
-1.11082
-1.32275
-2.2821
-0.023774
-4.0184
0.204058
-7.63404
-17.6582
25.1676
27.1096
-0.642868
2.78618
-37.037
-35.0704
-2.65402
-2.63562
-8.6607
-5.68648
-18.8868
-24.4732
15.8654
20.1392
-3.6037
-4.156
-41.2428
-46.0254
-679.994
-8.06492
-6.88164
-6.31476
-17.7271
-22.801
24.349
21.6978
-6.42416
-4.5967
-40.4158
-46.5334
-40.4794
-38.3958
-41.9582
-42.9688
-19.084
-20.7368
-14.4926
-8.4201
-43.6628
-41.7676
-39.6406
-41.532
