#HCal adct vs E fit parameter P1 obtained 3_7_2023
#Exponential fit for i PMTs -> y = P0_i*exp(-P1_i*x)+P2_i, P1_i = 
0.0309516
0.0411552
0.0189833
0.05
0.05
0.05
0.05
0.05
0.008
0.008
0.008
0.0474421
0.0302531
0.05
0.0499955
0.017561
0.0499998
0.0152176
0.0297956
0.05
0.008
0.0131011
0.0133834
0.008
0.05
0.0389185
0.0125081
0.0188623
0.05
0.05
0.05
0.05
0.008
0.008
0.041796
0.05
0.05
0.05
0.05
0.05
0.05
0.0141565
0.0499657
0.049999
0.008
0.0499999
0.008
0.05
0.05
0.0487553
0.05
0.05
0.0499999
0.0494962
0.008
0.0499999
0.008
0.008
0.05
0.0499815
0.010918
0.05
0.05
0.0499996
0.0499995
0.0499998
0.049918
0.0499998
0.0499998
0.05
0.05
0.05
0.05
0.05
0.05
0.05
0.05
0.05
0.0130687
0.0499999
0.05
0.05
0.05
0.0167724
0.0412407
0.0127073
0.0298612
0.0204011
0.05
0.0157994
0.0499992
0.0499992
0.05
0.0479576
0.008
0.05
0.0447815
0.05
0.05
0.0499995
0.05
0.00897664
0.05
0.0499999
0.05
0.05
0.05
0.0368772
0.05
0.05
0.0158902
0.0496347
0.05
0.05
0.05
0.008
0.05
0.05
0.05
0.0492773
0.05
0.05
0.05
0.0499974
0.05
0.0499999
0.05
0.05
0.05
0.05
0.05
0.0406663
0.05
0.05
0.0499999
0.05
0.05
0.05
0.05
0.0499637
0.05
0.05
0.05
0.0452767
0.05
0.05
0.05
0.05
0.05
0.05
0.05
0.05
0.05
0.05
0.05
0.0376612
0.0480135
0.05
0.0499999
0.0499999
0.05
0.05
0.05
0.05
0.05
0.0499999
0.05
0.0203441
0.0117013
0.0499962
0.05
0.0223966
0.05
0.05
0.05
0.05
0.05
0.05
0.0474246
0.0260831
0.05
0.05
0.0499999
0.05
0.05
0.0492744
0.05
0.0260748
0.05
0.05
0.0499938
0.05
0.008
0.05
0.05
0.0498054
0.05
0.0499998
0.0326383
0.05
0.05
0.05
0.05
0.0465171
0.05
0.0289435
0.05
0.05
0.05
0.05
0.05
0.05
0.05
0.0499997
0.05
0.05
0.0301814
0.05
0.05
0.05
0.05
0.05
0.05
0.05
0.0499999
0.05
0.05
0.0253724
0.0179673
0.0499999
0.05
0.05
0.05
0.05
0.05
0.05
0.05
0.0245933
0.05
0.05
0.0499983
0.0148307
0.05
0.05
0.05
0.05
0.05
0.05
0.05
0.05
0.05
0.05
0.0287896
0.05
0.05
0.05
0.05
0.05
0.05
0.05
0.05
0.05
0.05
0.05
0
0.05
0.05
0.05
0.05
0.05
0.05
0.0384114
0.0493102
0.0477401
0.0474288
0.008
0.0454077
0.05
0.0499997
0.008
0.05
0.05
0.05
0.0136965
0.05
0.0499998
0.05
0.0188435
