#HCal adct vs E fit parameter P1 obtained 3_7_2023
#Exponential fit for i PMTs -> y = P0_i*exp(-P1_i*x)+P2_i, P1_i = 
0
0
0
0
0
0
0
0
0
0
0
0
0
0
0
0
0
0
0
0
0
0
0
0
0
0
0
0
0
0
0
0
0
0
0
0
0
0
0
0
0
0
0
0
0
0
0
0
0
0
0
0
0
0.122375
0.14624
0
0
0
0
0
0
0
0
0
0.164742
0.00905357
0.0423459
0.0528198
0.015093
0
0
0
0
0
0
0
0.21748
0.02604
0.10706
0.109736
0.177271
0.135561
0
0
0
0
0
0.1711
0.145296
0.172929
0.288188
0.333105
0.179598
0.0796594
0
0
0
0
0
0.167613
0.173242
0.250791
0.0140949
0.18862
0.140955
0.0962564
0
0
0
0
0.0352422
0.169534
0.166467
0.29188
0.036275
0.0880026
0.033654
0.0144844
0
0
0
0
0.0817959
0.108489
0.174009
0.0444752
0.100062
0.0285564
0.172619
0.196503
0
0
0
0
0.166717
0.0691701
0.108269
0.0382465
0.171297
0.0220812
0.181936
0.176575
0
0
0
0
0.192801
0.00295575
0.0123713
0.170341
0.0583841
0.0816492
0.144667
0.158916
0
0
0
0
0.0871308
0.167487
0.15432
0.0991562
0.0696298
0.130422
0.155382
0.262626
0
0
0
0
0.177382
0.16827
0.0384909
0.10031
0.0674626
0.334082
0.171455
0
0
0
0
0
0.163028
0.179154
0.11553
0.1855
0.106253
0.0447652
0.0254403
0.130221
0.21981
0
0
0
0.0650059
0.358674
0.233059
0.155882
0.118834
0.0432888
0.170694
0.188329
0.181564
0.228117
0
0
0
0.170127
0.132589
0.234728
0.0291086
0.052526
0.136085
0.167045
0.21696
0.0651254
0
0
0
0.16096
0.0927833
0.147227
0.0646774
0.0730268
0.177919
0.22733
0.0377775
0.0452183
0
0
0
0.16937
0.0929293
0.0881569
0.00887758
0.144285
0.0974354
0.179144
0.0335608
0.122887
0
0
0
0
0.0908654
0.0404019
0.0808937
0.0793392
0.17522
0.173581
0.185397
0.320735
0
0
0
0
0.148944
0.358799
0.0272767
0.148304
0.0328657
0.000267212
0.17457
0.138512
0
0
0
0
0
0.144339
0.101052
0.130424
0.178228
0.0689925
0.156698
0
0
0
0
0
0
0.0958809
0.193437
0.18235
0.218992
0
0
0
