#HCal adct vs E fit parameter P0 obtained 3_7_2023
#Exponential fit for i PMTs -> y = P0_i*exp(-P1_i*x)+P2_i, P0_i = 
3.62923
3.82742
3.38565
3.42935
2.08368
1.96962
4.55789
2.26031
3.78776
3.20323
3.04339
1.35059e-12
3.49465
5.65169
3.54866
2.91313
2.26065
3.8815
4.21985
2.6717
4.95632
5.7295
5.86573
10
6.12795
4.46437
4.10092
2.64008
2.83819
2.6614
0.106884
0.0605498
5.7971
6.25384
5.87039
8.29831
3.8892
6.11462
4.60859
0.385962
0.0850193
5.78803
5.50143
3.63157
6.32793
9.91634
6.91028
10
5.14245
4.41961
4.1443
1.65335
2.47021
4.51321
7.43451
0.748884
6.0611
7.30406
4.38229
2.49516
10
6.68678
4.92653
1.44549
1.23425
1.60161
6.25085
3.45436
3.25711
0.258983
0.388489
5.63286
0.0326766
3.62788
0.0999561
0.679637
0.642453
1.52526
5.04252
0.00448345
0.558109
1.98982
6.90347
10
3.13536
3.77469
3.85404
2.48074
1.38671
4.33372
4.60848
2.81933
0.633311
4.90705
3.68384
3.81097
8.277
3.60445
4.28521
4.68066
1.31653
4.52369
1.71319
1.52741
1.5063
1.20797
2.56017
10
1.3534
0.493486
2.67143
3.32569
1.59467
1.43203
5.54485
6.06483
0.492275
3.03161
4.34856
2.68244
0.0950691
6.11895
4.77804
4.66654
3.81107
4.49287
6.58499
5.21905
0.455298
0.099554
5.12504
3.90359
3.24172
3.91185
1.33213
4.32062
6.18316
7.02342
0.683793
3.49415
1.20968
3.65902
7.07346
5.56966
4.28644
3.61045
1.15836
3.04375
4.45562
3.36767e-10
7.54204
6.54439
1.49697
0.45395
3.19969
6.28907
9.95181
0.616737
0.659012
1.56067
0.0467439
6.45078
5.64666
6.57231
3.3081
2.85228
4.26384
7.60444
6.03532
3.85784
0.998513
2.74573
6.19524
5.93441
5.13785
5.2748
2.77053
0.0281032
1.09225e-10
10
8.47271
0.587
1.60362
4.40201
6.29625
4.57106
6.64346
5.58947
5.56812
7.50137
9.98648
0.555876
9.21604
0.423543
5.23807
4.62621
5.37047
0.012691
5.59968
2.86166
5.01336
2.22222
10
10
6.79223
4.61686
1.26767
1.07169
6.54069
6.124
7.08764
7.19571
5.82842
1.98639
10
0.623118
9.37769
7.98617
1.58267
1.41216
6.62762
6.45811
6.58463
7.12707
3.53724
5.34563
2.8822
10
10
3.28884
1.30734
3.94622
5.65139
5.03085
6.56708
6.34257
6.03603
5.12158
5.09289
10
3.28631
5.98725
0.557437
4.54958
0.359628
3.35951
5.80022
7.53808
5.58982
1.43886
4.24836
0.586214
8.18765
5.98137
5.37954
2.50317
4.82053
4.74772
5.92189
5.72897
4.66772
0.434475
0.0672469
0.650186
0
9.90697
1.38261
1.58751
4.78909
1.23736
7.10532
5.66084
4.17991
3.22249
1.99715e-10
8.98535
8.79909
0.956863
1.16538
4.80764
6.24954
1.22316
8.73686e-10
5.36029
0.708554
1.00124
5.0698
4.66392
