#HCal ADCT offsets obtained 3_7_2023
#Offsets obtained from fits over ADCT distributions = 
25.494
28.0035
26.1247
26.6383
43.4727
40.3662
39.5719
42.5601
29.9627
26.1642
20.4154
26.1898
27.258
24.6824
45.0358
44.6626
42.7691
40.2062
42.3407
44.4902
46.3771
47.3308
37.379
26.6316
18.29
46.8323
45.4767
42.6578
62.1308
59.7665
64.2278
63.1587
46.8608
47.6342
47.6589
45.9746
42.4092
44.6528
43.4041
45.943
59.5427
58.8105
59.49
59.3716
46.5393
45.0896
46.1759
46.5895
45.8416
43.5418
47.2278
45.8378
38.777
39.5761
61.0114
62.1398
47.8028
46.3958
27.8083
25.6487
42.5009
42.9482
44.1384
45.9883
41.1982
37.7583
57.5385
61.0145
46.5652
47.8845
26.368
25.6842
42.3905
46.7581
47.7318
49.9895
60.7717
64.103
59.057
61.3988
45.6834
47.0094
46.6945
43.3551
23.4421
23.8973
25.6054
25.9446
39.7589
38.7284
39.2209
40.3926
29.6759
27.803
27.5967
25.3397
45.5755
42.7664
46.3352
45.5118
40.969
38.8827
62.1644
61.6336
47.2382
46.8603
27.2061
25.7188
47.6649
45.9138
26.6718
27.6099
39.1959
40.8535
59.5466
59.8518
28.4775
29.567
26.5738
25.4288
42.5267
44.5266
46.2162
46.3249
38.4064
40.2701
58.7193
58.844
46.6255
46.2013
28.295
26.3347
24.7797
23.6957
27.3647
29.261
59.1806
59.5976
41.7757
41.9701
28.2598
28.2398
44.2979
41.5144
45.6629
48.2869
49.9627
52.8543
64.9561
60.7937
64.5118
64.7716
49.0772
49.8877
44.5585
41.9828
42.331
46.3882
46.039
48.1458
57.5122
59.8169
57.0797
59.2942
46.4925
47.428
44.2876
44.1533
24.6544
25.0161
27.3016
29.1529
58.135
56.5165
40.6036
41.3308
28.2031
31.3895
44.3559
44.5638
40.3746
44.1061
44.4627
44.9041
57.8386
58.0489
56.2064
58.016
46.6923
45.8563
45.9727
43.8361
43.1549
44.0678
45.9579
46.1393
61.2031
54.7225
61.0541
62.6275
46.1748
48.7195
45.5503
47.016
42.0906
45.516
38.6772
46.189
55.6902
54.7274
56.2923
59.1974
45.2057
46.0739
43.5683
45.0781
44.5226
48.4047
44.5113
47.7901
57.9062
59.5528
59.1501
58.338
46.7216
47.5146
43.7104
44.9124
44.6853
42.7977
44.5217
45.5411
61.212
59.6352
58.0984
61.7886
46.2825
44.6204
47.3338
48.4721
45.6446
47.2836
44.4572
48.3644
47.7112
39.1788
60.6396
61.3505
47.5701
49.4063
29.7644
32.2548
45.3103
46.0196
42.7594
44.7727
38.1101
34.954
55.3948
57.8515
46.313
46.4995
27.9997
24.8254
-679.994
42.7447
43.4837
43.848
38.0484
35.9673
59.9618
58.8313
44.9709
45.9293
28.3793
24.567
25.0595
26.9156
25.6806
25.4837
37.5245
36.9992
40.0378
43.4848
26.15
27.5994
28.5177
26.9743
