#HCal adct vs E fit parameter P2 obtained 3_8_2023
#Exponential fit for i PMTs -> y = P0_i*exp(-P1_i*x)+P2_i, P2_i = 
0
0
0
0
0
0
0
0
0
0
0
0
0
0
0
0
0
0
0
0
0
0
0
0
0
0
0
0
0
0
0
0
0
0
0
0
0
0
0
0
0
0
0
0
0
0
0
0
0
0
0
0
0
59.0713
63.2407
0
0
0
0
0
0
0
0
0
60.6511
59.0627
61.3499
62.2022
59.4495
0
0
0
0
0
0
0
62.1069
60.7077
61.6952
62.2038
62.2936
60.0033
0
0
0
0
0
59.3438
60.3196
59.8476
59.8299
59.5449
57.7912
55.4504
0
0
0
0
0
59.1326
60.2231
59.8041
59.5271
61.3919
57.852
60.9793
0
0
0
0
59.2866
61.1347
60.8808
59.1923
61.2869
62.0552
56.9762
55.4883
0
0
0
0
59.835
60.4638
60.1755
60.6384
61.2057
61.5353
60.3061
58.1854
0
0
0
0
59.5793
60.1335
62.7611
62.4228
61.1974
59.1832
59.176
58.8291
0
0
0
0
63.1923
57.3209
60.6521
63.1577
62.9538
63.4348
60.7045
61.0663
0
0
0
0
59.4348
61.9841
62.4115
62.0084
60.9912
62.2143
60.294
63.1786
0
0
0
0
60.0152
61.2537
62.242
62.2825
60.6495
60.6052
59.3918
0
0
0
0
0
56.7051
60.7632
63.0629
63.62
61.8816
62.2346
60.1276
60.3513
61.3537
0
0
0
63.4924
62.5408
62.1762
63.7485
62.7732
62.1087
60.8076
61.5895
60.6322
56.5244
0
0
0
61.2274
62.1676
62.5736
63.4785
62.9357
60.3988
61.4292
61.546
59.1929
0
0
0
63.0584
62.8617
62.5699
63.5094
63.0203
60.8831
59.4441
59.4498
59.5172
0
0
0
60.3006
63.7018
63.189
59.8938
62.5478
60.0399
61.9259
62.2185
66.8011
0
0
0
0
62.9502
59.9549
62.8114
62.8283
59.7659
61.1199
56.8009
63.3581
0
0
0
0
63.9915
60.1641
61.5994
60.2134
60.5638
61.0688
57.5828
54.7815
0
0
0
0
0
63.3343
65.1811
63.3511
60.7012
64.2786
60.2843
0
0
0
0
0
0
65.9058
62.4336
63.678
52.8488
0
0
0
