#HCal adct vs E fit parameter P0 obtained 3_7_2023
#Exponential fit for i PMTs -> y = P0_i*exp(-P1_i*x)+P2_i, P0_i = 
0
0
0
0
0
0
0
0
0
0
0
0
0
0
0
0
0
0
0
0
0
0
0
0
0
0
0
0
0
0
0
0
0
0
0
0
0
0
0
0
0
0
0
0
0
0
0
0
0
0
0
0
0
19.1755
30
0
0
0
0
0
0
0
0
0
1.96551e-10
4.5604
11.5802
29.3627
5.22352
0
0
0
0
0
0
0
30
6.02243
30
30
30
29.7886
0
0
0
0
0
1.96509e-13
23.7411
5.97287e-10
30
30
2.39275e-10
1.46549e-13
0
0
0
0
0
4.61631e-12
2.29508e-10
30
7.4216
30
30
16.5379
0
0
0
0
13.4451
1.92775e-09
1.34193e-11
30
9.01863
30
4.03665
5.72678
0
0
0
0
10.0408
30
4.22995e-12
3.06152
30
8.16458
5.09592e-13
30
0
0
0
0
1.98591e-11
2.83107e-14
30
5.63216
1.13566e-10
4.78581
1.39072e-11
5.88529e-12
0
0
0
0
7.0067e-10
12.3999
5.43785
30
12.3478
30
30
2.3574e-08
0
0
0
0
30
5.01501e-10
30
30
11.6939
30
19.8707
30
0
0
0
0
4.40314e-12
8.54317e-13
8.8788
7.27642
3.16414e-14
30
7.01106e-13
0
0
0
0
0
2.01651e-09
30
29.9539
30
30
12.9842
7.36471
30
30
0
0
0
30
1.25446e-07
30
30
30
9.95047
3.60212e-12
30
1.05671e-09
30
0
0
0
4.673e-09
30
30
3.34365
11.9321
30
30
30
30
0
0
0
2.14828e-13
30
30
17.7171
18.7504
8.98448e-12
30
3.74812
30
0
0
0
1.97559e-11
30
30
6.48877
30
30
4.51456e-11
30
30
0
0
0
0
15.8787
18.5442
30
30
1.67599e-11
1.62718e-10
4.35235e-11
30
0
0
0
0
30
30
6.35947
28.3965
8.37475
29.9999
1.10954e-08
30
0
0
0
0
0
30
30
30
2.34921e-09
1.4988e-14
30
0
0
0
0
0
0
30
9.28414e-10
4.40679e-10
1.79856e-13
0
0
0
