#HCal adct vs E fit parameter P2 obtained 3_7_2023
#Exponential fit for i PMTs -> y = P0_i*exp(-P1_i*x)+P2_i, P2_i = 
45.8857
46.3921
45.6591
46.9885
47.7599
47.9489
47.4504
49.7352
46.0966
45.4615
44.2795
50.3991
47.0825
46.4559
46.292
46.3041
48.5308
45.9251
46.4284
47.7068
44.3368
45.8954
47.7119
46.1706
33.6899
45.0254
44.6738
46.9552
48.4836
48.6828
48.832
49.5604
44.9361
45.3689
46.4087
52.6953
46.1562
46.2144
46.757
47.6227
48.3993
45.5142
48.0417
49.8912
44.8998
48.3845
44.8856
50.9535
48.1215
45.7642
46.6285
47.7748
48.0404
46.631
44.752
50.6226
45.9167
45.0497
47.4927
47.0615
42.9567
46.8543
46.5354
48.2403
47.9575
47.334
47.287
50.6803
49.873
50.706
47.7224
48.4142
55.1712
45.001
46.6146
47.7981
49.0072
48.7064
46.4795
50.3984
49.7062
50.0915
48.1952
53.3564
46.5223
44.4596
45.7636
46.0798
47.7932
45.1133
47.453
47.8654
47.7757
46.9425
44.479
47.4739
49.1381
46.2654
46.4689
46.8768
48.0593
44.8517
48.8169
49.5163
49.3187
50.2431
47.0742
44.1491
51.2796
48.6211
46.2512
47.092
48.4113
48.4616
48.9829
46.5073
48.0164
48.4258
47.1293
48.6881
52.7729
47.632
47.1593
48.231
47.7532
48.6996
48.594
49.2369
49.3232
50.1588
45.2444
49.5325
50.4669
47.0031
48.0824
47.5298
48.8342
48.8575
48.7062
47.3608
47.4366
47.1673
48.8107
53.1407
46.1098
46.8902
48.8599
48.8528
48.5142
50.0669
49.3154
49.3828
49.4131
49.8242
52.1327
54.5679
51.8624
48.871
48.8617
49.4279
49.7113
48.5418
48.3639
48.9293
49.0433
51.1818
53.7997
52.1462
43.7521
46.7063
48.2711
47.3798
48.6214
48.8255
47.7926
47.8606
48.3003
47.1047
53.2239
52.3553
48.2967
48.7667
48.8478
47.6041
48.1807
48.0811
48.2865
47.6078
47.6269
48.5424
51.595
58.6994
44.9768
48.7647
47.4994
47.5056
47.6899
49.0684
47.4416
49.3416
47.8707
51.0273
49.6028
54.9954
49.6222
47.7438
48.2177
48.5725
47.8888
47.6864
48.6203
49.086
48.4621
51.0993
49.7256
58.1529
51.1261
49.2205
50.0804
49.7237
48.7516
48.7199
49.3933
48.9975
49.7757
48.7332
51.1982
51.7336
49.4998
50.6644
50.0482
49.3536
50.1488
49.5146
49.1845
48.739
48.0396
47.2375
48.9622
53.9961
56.924
47.625
48.8293
49.5797
53.4147
49.0223
49.2875
49.0488
48.3897
50.5603
48.3121
53.2732
50.0557
49.5135
49.4078
50.5777
48.6861
47.9748
49.3739
49.192
49.0678
51.2264
49.6794
50.0164
0
51.7968
51.3987
50.4233
48.1534
49.1507
48.7405
48.6586
49.3068
49.898
50.2561
43.4385
49.4625
50.3736
49.8589
45.9934
48.4878
49.8695
49.6303
46.729
48.8368
49.4384
47.9324
48.5894
