#HCal adct vs E fit parameter P0 obtained 3_8_2023
#Exponential fit for i PMTs -> y = P0_i*exp(-P1_i*x)+P2_i, P0_i = 
0
9
2
3.60892
5.01796
3.18553
4.25355
6.257
6.77147
8.02946
9
9
0
6.28612
3.76285
2
3.74723
3.09258
3.6522
2
2.46772
6.10224
3.41655
2
0
2
7.28239
3.80724
3.85678
3.11455
3.91025
6.63928
5.39573
4.74374
5.58033
9
0
5.789
7.13156
4.60984
3.87893
4.84505
4.12523
5.62335
3.71183
5.85313
6.43566
9
2.67808
6.5936
6.44631
5.12666
4.16078
3.88452
6.39288
5.46835
4.13395
4.17021
3.30917
2.93835
9
9
5.90892
5.24822
4.45034
3.86204
6.22764
5.8504
4.31715
5.81889
4.16889
5.68783
9
9
6.32547
5.66975
5.74228
6.29608
5.61301
5.40529
4.27957
5.84681
4.87359
9
8.24094
3.19186
4.30944
4.22039
3.25624
3.16407
4.48486
4.53205
3.61514
4.38035
4.27338
4.77402
5.64951
8.7878
6.3802
5.12004
3.54937
3.73978
4.43843
4.66652
4.22822
4.94971
3.54798
5.976
9
7.30365
3.5934
2.37167
2.48795
3.77636
4.73583
4.70867
2.43333
4.30807
3.3726
4.69779
9
9
4.20285
3.56654
2.84231
3.21995
5.76964
4.18688
4.00626
5.34806
3.39057
5.33113
9
4.269
3.46631
3.33734
3.82161
4.43739
3.63412
3.89902
2.91463
3.4319
4.36029
9
9
2.85438
5.66647
3.29369
3.79661
3.99456
5.87444
5.59352
3.5673
5.34504
7.13628
9
9
3.9725
4.68617
3.18338
3.7896
4.19192
4.95273
6.44007
4.18071
6.76004
8.45368
9
7.86187
4.95618
3.18456
3.19693
5.39017
5.43325
5.11684
4.51171
3.52124
3.10479
6.6178
9
9
7.17877
3.44998
3.94244
4.4525
4.51069
5.23477
5.81451
4.20058
6.42262
7.04185
9
9
5.50687
3.56186
3.96215
4.31213
4.98173
5.23829
4.59247
4.62323
7.03263
6.9887
9
6.66409
6.86906
5.74243
4.24218
4.88051
3.65941
4.03242
6.09835
4.90348
6.64418
7.99182
9
9
7.91913
3.64835
3.312
3.51593
4.11255
5.97412
4.88325
3.78155
5.51195
9
9
9
8.50603
4.8061
4.56404
4.82334
4.64382
4.5707
4.772
4.17092
4.45295
6.99823
9
9
8.85175
8.2307
4.80343
3.9491
3.57389
4.09388
4.53007
5.22158
6.02019
4.46153
7.47542
9
8.9984
5.15603
4.60021
3.59063
2.39188
4.48558
5.1179
4.7106
5.18208
3.91942
6.14292
0
8.27691
4.19153
4.91582
2.42046
2.04165
5.13001
5.06303
4.00409
4.48602
4.45912
6.12568
9
8.91336
5.04384
4.20434
4.02448
4.96076
4.05084
6.26349
3.55224
3.10778
5.33357
7.07511
