#HCal adct vs E fit parameter P1 obtained 3_8_2023
#Exponential fit for i PMTs -> y = P0_i*exp(-P1_i*x)+P2_i, P1_i = 
0
0.0280877
0.05
0.05
0.05
0.05
0.05
0.0268761
0.0215274
0.0209465
0.0463502
0.0307311
0
0.0312611
0.05
0.05
0.0184144
0.0302279
0.05
0.05
0.05
0.0299973
0.05
0.05
0
0.008
0.05
0.05
0.05
0.05
0.05
0.05
0.05
0.05
0.05
0.0163982
0
0.05
0.008
0.05
0.0364519
0.0458152
0.0260513
0.05
0.05
0.05
0.05
0.05
0.05
0.05
0.05
0.05
0.0220902
0.05
0.05
0.0343412
0.0264099
0.0205027
0.05
0.05
0.05
0.05
0.05
0.0445615
0.0491857
0.0488261
0.0304661
0.0478721
0.0375014
0.0206285
0.0458287
0.05
0.05
0.05
0.0151124
0.05
0.0313969
0.0375598
0.0459009
0.0459087
0.0390151
0.0231933
0.0489849
0.05
0.05
0.05
0.05
0.0289714
0.0191211
0.0288948
0.0491956
0.0276226
0.0210794
0.05
0.05
0.0494506
0.05
0.05
0.05
0.05
0.05
0.05
0.0227358
0.0220093
0.020275
0.0115059
0.008
0.0452704
0.05
0.05
0.0256134
0.0496358
0.0275273
0.0316543
0.0294866
0.0244183
0.05
0.0496844
0.05
0.0419555
0.05
0.05
0.0451024
0.0382925
0.05
0.05
0.0498517
0.0200961
0.05
0.00933195
0.0489506
0.05
0.05
0.05
0.0498382
0.05
0.0368217
0.0183811
0.05
0.0284004
0.0491443
0.0249579
0.05
0.05
0.0308071
0.05
0.05
0.0496729
0.0496391
0.0489018
0.0401821
0.05
0.05
0.05
0.05
0.05
0.05
0.05
0.05
0.0147747
0.0216722
0.0285818
0.05
0.05
0.05
0.008
0.0396899
0.05
0.05
0.05
0.05
0.0176951
0.05
0.05
0.05
0.0355203
0.0146299
0.05
0.05
0.05
0.0150905
0.05
0.05
0.0176237
0.0197192
0.0478808
0.05
0.05
0.0174437
0.0499587
0.05
0.05
0.05
0.05
0.0201972
0.05
0.05
0.05
0.05
0.05
0.0295259
0.05
0.05
0.0413949
0.05
0.05
0.05
0.05
0.05
0.0420246
0.027336
0.0498496
0.05
0.05
0.05
0.05
0.05
0.05
0.0496823
0.05
0.0177175
0.0379223
0.05
0.0260989
0.0144788
0.0279285
0.05
0.05
0.05
0.05
0.05
0.0170575
0.0136647
0.0492982
0.0232913
0.0391484
0.0493635
0.05
0.05
0.05
0.0352837
0.05
0.05
0.0210278
0.05
0.0208395
0.05
0.041706
0.05
0.05
0.008
0.0214709
0.0188631
0.0109673
0.05
0.0109236
0.05
0.05
0.0482951
0.0486438
0.05
0.0341593
0.05
0.05
0
0.05
0.049715
0.008
0.0185607
0.0415618
0.0491333
0.018177
0.0153524
0.0484797
0.0450425
0.05
0.05
0.0499485
0.05
0.0163793
0.0478597
0.049892
0.0176377
0.0489834
0.0150514
0.0174716
0.05
0.05
