#HCal ADCT offsets obtained 3_8_2023
#Offsets obtained from fits over ADCT distributions = 
-40.9298
-39.0768
-41.3544
-41.5856
-9.31728
-14.9452
-16.2242
-10.1137
-35.2008
-40.0932
-49.4434
-39.3566
-39.9004
-43.0426
-2.29326
-4.7811
-11.2021
-15.2895
-11.6473
-8.0333
-2.45322
-0.663512
-27.469
-36.7236
-29.5262
1.60552
-1.54282
-9.19238
28.9968
23.57
31.608
30.1458
-1.54924
-0.0539882
1.3753
-1.11328
-6.13502
-2.51696
-5.29248
-1.42738
24.8552
22.9032
24.3802
24.3494
-0.758278
-3.1742
-0.819304
-0.213718
-0.99513
-3.65034
2.25484
-1.20286
-16.4929
52.7271
74.2231
29.32
1.7576
-0.274806
-37.7734
-39.797
-4.88982
-4.78576
-3.21572
-1.03418
54.9697
52.0187
71.0866
74.371
59.3245
1.60234
-40.0702
-41.595
3.0516
2.66696
3.659
6.90866
74.9434
78.4664
73.5082
75.8709
59.8031
59.4344
-3.0175
-6.38698
-43.7924
-42.744
-40.9448
38.9531
52.8444
52.1487
53.0175
54.7796
43.3782
37.3033
-36.1778
-40.347
-1.05424
-4.82434
0.0962972
58.7119
53.4215
51.6331
75.3746
74.7892
60.1524
60.0175
-37.8628
-40.8642
1.71326
-0.922648
40.7671
40.8148
52.3633
53.8645
72.5594
73.3561
42.0366
42.4315
-39.9198
-40.0304
-7.03812
-3.21612
60.4027
59.8706
51.8503
54.0554
72.1989
72.4431
60.7579
60.1069
-36.405
-39.2046
-42.003
-44.8358
41.5212
43.0783
73.2871
73.7899
56.0625
56.5979
42.9881
41.954
-3.75566
-4.12664
2.55482
3.12562
64.4029
66.8922
78.7581
74.6973
78.6234
79.0142
63.4921
63.9325
-3.95998
-5.54478
-7.24594
-1.16383
57.6274
61.8365
71.2487
73.4913
70.9175
73.2126
60.5126
62.362
-5.47978
-4.21054
-40.6202
-42.2792
39.0355
43.2443
72.0977
70.2839
54.4589
55.2743
42.2493
-31.714
-4.99182
-6.42524
-10.1842
-4.32532
60.7698
59.3972
72.0839
72.4802
70.5843
72.4724
61.648
60.2454
72.2789
-7.03638
-4.90364
-4.38656
60.4655
60.1776
75.7589
69.4798
76.0057
77.7078
61.1033
63.8738
59.3382
58.5628
-7.66248
-1.97461
-15.0957
60.8182
70.4597
69.6229
71.1927
74.0819
59.8419
60.9783
57.5875
60.2503
-3.58562
2.41018
-5.39344
62.3788
72.0372
73.8692
73.4689
72.093
60.6579
61.4207
56.7374
60.6891
-5.71274
-8.15006
-5.58384
58.4792
74.7987
73.323
71.2378
74.8772
59.2364
56.9444
60.6791
77.2911
-2.2821
-0.023774
-4.0184
0.204058
59.7546
52.5593
73.5721
74.3645
60.3867
61.9427
43.0445
44.0267
-2.65402
-2.63562
-8.6607
-5.68648
52.948
48.3759
69.2792
71.2683
59.2387
59.174
38.8428
45.9096
-679.994
-8.06492
-6.88164
-6.31476
-17.7271
50.1778
77.1745
72.5019
57.9582
58.8807
40.8016
-46.5334
-40.4794
-38.3958
-41.9582
-42.9688
-19.084
51.7584
53.9443
61.0418
43.0342
-41.7676
-39.6406
-41.532
