#HCal ADCT offsets obtained 3_1_2023
#Offsets obtained from fits over ADCT distributions = 
-40.9298
-39.0768
-41.3544
-41.5856
-9.31728
-14.9452
-16.2242
-10.1137
-35.2008
-40.0932
-49.4434
-39.3566
-39.9004
-43.0426
-2.29326
-4.7811
-11.2021
-15.2895
-11.6473
-8.0333
-2.45322
-0.663512
-27.469
-36.7236
-29.5262
1.60552
-1.54282
-9.19238
28.9968
23.57
31.608
30.1458
-1.54924
-0.0539882
1.3753
-1.11328
-6.13502
-2.51696
-5.29248
-1.42738
24.8552
22.9032
24.3802
66.7121
57.6503
-3.1742
-0.819304
-0.213718
-0.99513
-3.65034
2.25484
-1.20286
-16.4929
49.889
69.4459
76.557
61.2139
60.8169
-37.7734
-39.797
-4.88982
-4.78576
-3.21572
-1.03418
53.7467
52.3588
69.934
74.1356
60.2057
60.5318
-40.0702
-41.595
3.0516
2.66696
3.659
6.90866
74.2186
77.9385
72.4569
74.8801
58.3083
59.0848
50.6448
-6.38698
-43.7924
-42.744
-40.9448
-40.721
52.7058
52.4436
53.1411
54.4877
43.571
40.2104
40.5436
-40.347
-1.05424
-4.82434
0.0962972
57.2252
54.0581
52.143
75.3487
75.3073
60.7453
60.638
42.8095
-40.8642
1.71326
-0.922648
-39.662
41.2985
52.4266
53.8509
72.6111
73.2421
41.875
42.8993
40.0833
-40.0304
-7.03812
-3.21612
-0.872644
59.951
51.7466
53.8162
72.1088
72.2252
59.9371
59.3353
42.3121
-39.2046
-42.003
-44.8358
43.0216
42.5545
72.4013
73.0809
55.3979
55.6464
41.7865
41.6694
56.4678
-4.12664
2.55482
3.12562
5.04816
66.9583
78.5259
74.6284
78.5136
78.8816
62.8463
63.6921
55.3459
60.9608
-7.24594
-1.16383
-2.41106
61.533
71.4714
73.7862
71.1133
73.4422
60.2226
60.6924
58.5566
57.9292
-40.6202
-42.2792
-39.692
43.0247
72.941
70.6217
54.6884
55.4145
42.499
46.1592
58.5168
59.8156
-10.1842
-4.32532
-4.39554
58.4343
72.2103
72.4402
70.6359
72.606
61.0326
60.2176
58.9544
50.2647
-4.90364
-4.38656
-0.762272
61.0656
75.4922
69.0469
75.8347
77.4813
60.9673
62.7919
60.2965
61.8197
-7.66248
-1.97461
-15.0957
62.1958
69.4375
69.5315
70.7913
73.5632
59.0366
59.3839
56.1897
55.8427
-3.58562
2.41018
-5.39344
60.373
73.063
73.4537
73.031
71.7443
59.4956
60.2135
55.269
58.3813
-5.71274
-8.15006
-5.58384
59.5168
75.5936
72.8433
71.4261
74.7967
59.0736
57.0188
59.3907
-1.32275
-2.2821
-0.023774
-4.0184
0.204058
61.2595
52.5186
74.1887
74.5214
60.1685
62.814
41.001
44.6785
-2.65402
-2.63562
-8.6607
-5.68648
52.1614
49.3623
69.2635
71.3473
59.6413
57.987
41.2809
35.6151
-679.994
-8.06492
-6.88164
-6.31476
-17.7271
50.5645
73.9247
71.8973
56.7289
57.9387
38.4417
44.8284
-40.4794
-38.3958
-41.9582
-42.9688
50.7374
44.5383
53.5152
56.2525
38.7678
38.3692
38.4983
37.7143
