#HCal adct vs E fit parameter P2 obtained 3_8_2023
#Exponential fit for i PMTs -> y = P0_i*exp(-P1_i*x)+P2_i, P2_i = 
0
45.1838
49.9878
50.3926
50.1078
50.4585
50.4255
50.1104
48.9238
46.6306
47.2642
50.2496
0
48.923
51.2897
50.6697
50.0934
50.0156
49.8128
49.4714
49.832
48.9831
52.9061
53.5437
0
51.6368
49.1847
50.9484
51.1293
51.4208
48.7802
48.7817
49.3304
48.9298
47.6379
49.3226
0
50.6486
45.9129
50.2514
50.579
50.7441
50.2087
50.254
49.3401
48.4419
48.5444
49.1123
51.9595
49.7246
49.8983
49.9203
49.5228
49.9736
50.1656
50.0312
49.2953
48.2179
49.1913
47.8293
48.3773
50.6966
49.9076
50.4407
50.0376
49.6879
48.6063
50.1446
49.3834
47.7142
48.348
48.2086
61.0802
50.1903
46.38
49.7253
48.8973
49.5302
49.615
49.8117
49.2127
47.6603
49.12
50.6028
50.1339
50.3553
50.0744
49.3777
49.8768
50.0846
49.7623
48.5501
47.9853
48.2473
48.2562
48.842
53.6851
51.1347
50.3719
50.7574
51.3575
50.7567
49.182
49.49
48.8114
47.3576
47.1135
47.8372
54.4712
51.9603
50.9576
51.6949
51.5885
50.7529
50.5777
49.9157
50.0929
49.4954
49.2262
48.5595
53.3481
51.9371
51.8133
51.9084
52.0018
51.6973
51.0269
50.2175
50.3376
47.3708
48.737
49.9537
47.6291
50.7644
51.4721
52.1141
52.0471
50.9767
51.0157
50.3514
50.5604
49.4561
50.6493
51.1438
58.9757
52.7819
51.9499
51.21
51.8838
51.3868
51.4428
51.7994
51.6916
50.9521
50.354
53.2051
54.7169
53.1649
52.2093
51.0813
51.4559
51.366
51.662
51.5977
51.1319
47.8925
50.8787
51.2398
48.5853
51.1759
51.4088
50.9144
51.9818
51.9508
51.2246
50.9179
49.8019
49.7936
51.9033
52.8503
49.8805
52.7686
52.5538
50.5392
50.7324
51.5372
51.7476
51.9184
50.525
51.3794
51.8937
52.9843
52.624
52.4648
52.0179
52.2298
52.05
51.7334
51.6156
51.4091
50.5035
51.6399
52.5579
53.1939
49.6301
52.5912
51.5074
52.3947
52.662
52.0424
51.5874
51.7557
51.7958
51.6449
52.1524
54.2707
57.0018
53.4508
53.2619
52.7783
51.8895
52.4531
52.0296
51.3398
50.7456
51.5287
52.0516
53.1562
55.1541
52.069
52.5927
50.8198
50.902
52.5044
51.4192
52.3873
52.4837
52.4466
52.2331
54.6372
57.6335
51.8299
52.2268
51.2381
53.3872
51.6253
52.1276
52.625
52.1347
52.2673
49.3564
50.2687
54.6235
49.2815
53.0644
51.2568
53.0624
52.443
52.6164
52.4301
51.8915
51.3279
51.1216
50.1004
0
54.5693
53.6138
50.9614
52.4757
53.0276
52.7018
50.7365
50.9089
51.9929
51.3659
50.1567
57.0936
49.5507
52.0129
51.4462
52.8114
52.3862
51.2636
51.561
50.2909
50.6638
50.684
49.6288
