#HCal TDC offsets obtained 3_1_2023
#Offsets obtained from fits over TDC distributions = 
-1863.03
-1863.03
-1817.81
-1909.55
-3167.52
-2945.35
-2740.11
-2944.72
-1870.82
-1836.28
-1524.45
-2202.12
-1747.34
-1747.34
-1821.54
-1751.02
-3056.65
-2908.92
-3098.84
-3305.6
-1726.74
-1722.88
-2077.25
-1611.31
-1863.03
-2159.63
-1905.4
-1787.84
-3089.16
-3039.71
-3257.1
-3281.7
-1801.14
-1858.6
-2104.61
-1952.82
-1863.03
-1475.09
-1584.94
-1753.15
-2808.69
-2844.59
-2732.42
-2740.35
-157.308
-1558.12
-1685.12
-1949.45
1044.32
1044.32
1069.88
1102.28
308.386
63.2772
16.3942
-1.8215
101.371
110.703
1183.52
1332.3
-1669.07
-2292.29
-1646.12
-1791.53
22.8788
61.5925
-331.235
-283.523
-157.252
-187.89
131.347
1583.06
-2274.7
-2619.16
-2179.71
-2212.32
-289.657
-299.652
-278.519
-305.347
-162.068
-183.896
-1832.18
-1148.6
-1687.43
-2229.12
-1833.27
-1850.67
-287.391
-279.261
-291.223
-300.76
-197.782
-178.693
-206.994
-2576
-1596.35
-1737.8
-1789
-140.504
-279.901
-280.097
-291.954
-297.724
-174.067
-166.699
-177.899
-1637.76
-1956.38
-1821.27
-1814.52
-189.854
-271.65
-281.154
-294.538
-294.55
-176.492
-210.359
-191.387
-1758.57
-1757.59
-1908.64
-1798.22
-175.563
-254.365
-279.217
-275.682
-278.593
-180.46
-177.812
-2233.43
-1793.93
-2103.51
-1743.95
-1845.91
-154.464
-272.67
-277.135
-280.52
-293.592
-165.61
-157.263
-180.534
-2078.27
1124.55
957.671
934.841
124.541
-12.9563
10.0851
3.71748
10.811
139.219
131.124
126.338
99.6928
-946.987
-1574.65
-1397.42
-162.646
-212.824
-246.463
-229.739
-253.321
-140.473
-141.699
-114.076
-110.567
-2152.58
-1654.67
-1370.78
-138.66
-235.463
-232.547
-250.685
-256.033
-141.063
-1984.92
-183.787
-84.4717
1383.55
1205.43
-1359.36
-114.115
-251.297
-256.457
41.4643
29.7102
-132.775
-107.548
-100.887
-1725.01
-1052.71
-1405.44
-1567.41
-139.577
-229.902
-229.929
-257.07
-277.233
-139.17
-155.733
-119.201
-156.593
-3089.54
-3427.14
-2866.52
-176.653
-219.171
-218.919
-387.426
-408.041
-294.499
-336.325
-108.636
-1425.01
-1626.81
-1564.17
-949.995
-153.649
-387.436
-382.533
-232.051
-233.061
-136.341
-138.778
-302.584
-329.857
-1242.37
-1565.96
-1506.97
-144.505
-403.569
-414.448
-236.465
-263.467
-132.624
-115.801
-302.993
-320.831
-1465
-1803.35
2470.94
-1510.56
-389.595
-365.002
-246.685
-260.615
-139.588
-144.359
-3150.73
-328.532
-2147.03
-1757.09
-1392.08
-1452.83
-232.951
-225.226
-212.68
-247.195
-141.398
-595.477
-150.532
-568.401
-1088.96
-1088.96
-1252.19
-1411.21
-215.894
-206.966
-243.841
-245.734
-118.906
-130.502
-138.244
-1014.92
-1929.82
-2928.05
-1748.06
-1972.99
-2325.21
-209.963
-386.826
-416.28
-140.278
-139.631
-126.979
-102.799
