#HCal TDC offsets obtained 3_21_2023
#Offsets obtained from fits over TDC distributions = 
-1863.03
-1863.03
-248.922
-255.582
-382.018
-359.323
-342.916
-366.386
-257.518
-254.74
-223.107
-253.051
-1747.34
-1747.34
-251.152
-238.343
-365.149
-350.254
-369.202
-398.635
-240.455
-240.255
-268.172
-267.48
-1863.03
-271.277
-251.651
-241.926
-371.544
-363.35
-393.465
-390.585
-236.863
-245.53
-273.582
-260.02
-1863.03
-227.891
-225.994
-238.978
-345.815
-346.309
-332.456
-334.292
-230.645
-219.082
-238.099
-248.343
-75.1348
50.1237
35.4673
42.0701
-36.4311
-62.2744
-66.8853
-74.1602
41.5046
48.6843
42.3077
41.7325
-196.196
-249.154
-241.051
-252.716
-69.5387
-47.7137
-354.086
-368.844
-245.584
-246.591
43.8942
53.3013
-305.255
-288.19
-292.065
-293.044
-398.859
-385.46
-367.592
-389.464
-250.61
-261.722
-262.76
-249.535
-246.474
-265.497
-263.428
-266.425
-362.858
-367.522
-374.355
-388.549
-283.745
-266.787
-279.942
-264.196
-221.286
-252.304
-261.343
-251.063
-363.582
-360.055
-382.025
-380.967
-258.48
-256.221
-269.461
-249.564
-271.318
-263.217
-264.31
-268.2
-353.892
-360.013
-371.367
-371.32
-258.117
-283.688
-270.604
-250.567
-225.252
-259.633
-249.101
-259.743
-332.762
-356.563
-357.448
-360.288
-260.291
-262.344
-276.437
-270.12
-238.67
-243.3
-252.778
-256.126
-349.792
-357.277
-363.588
-372.016
-250.032
-254.547
-248.362
-242.364
20.9463
36.4159
35.7063
15.6239
-100.655
-83.9081
-84.4697
-78.8441
50.2018
36.6375
40.3353
96.6595
-196.973
-220.475
-206.093
-230.526
-300.991
-333.426
-315.352
-336.309
-228.41
-231.712
-200.39
-213.346
-248.089
-225.887
-226.199
-236.88
-327.364
-318.198
-334.917
-343.174
-231.079
-273.707
-230.975
-167.266
71.1653
49.2175
-201.997
-203.551
-333.442
-342.15
-47.3551
-57.8397
-223.391
-210.218
-231.984
-183.049
-211.558
-232.901
-229.884
-232.457
-354.877
-319.844
-346.768
-368.252
-223.67
-242.65
-213.799
-276.231
-397.707
-405.965
-363.306
-399.943
-302.813
-306.971
-478.587
-493.471
-374.728
-398.363
-197.107
-201.249
-208.221
-241.086
-197.481
-227.98
-478.477
-470.056
-316.982
-314.924
-210.213
-211.604
-364.032
-376.322
-199.68
-207.6
-214.442
-215.061
-491.755
-486.744
-313.091
-338.008
-211.298
-195.569
-381.743
-370.239
-225.513
-220.886
-196.925
-221.133
669.643
-469.906
-331.444
-334.477
-220.811
-217.132
-384.045
-367.87
-243.563
-248.487
-211.098
-216.968
-324.685
-307.125
-296.288
-338.465
-218.182
-224.215
-222.296
-219.121
-1088.96
-198.937
-201.151
-210.21
-314.705
-297.346
-327.272
-324.429
-196.249
-209.705
-217.159
-198.508
-359.727
-371.759
-216.758
-233.327
-312.524
-298.693
-473.921
-498.668
-209.788
-225.698
-221.647
-207.465
