#HCal TDC offsets obtained 3_9_2023
#Offsets obtained from fits over TDC distributions = 
-1863.03
-1863.03
-1817.81
-1909.55
-3167.52
-2945.35
-2740.11
-2944.72
-1870.82
-1836.28
-1524.45
-2202.12
-1747.34
-1747.34
-1821.54
-1751.02
-3056.65
-2908.92
-3098.84
-3305.6
-1726.74
-1722.88
-2077.25
-1611.31
-1863.03
-2159.63
-1905.4
-1787.84
-3089.16
-3039.71
-3257.1
-3281.7
-1801.14
-1858.6
-2104.61
-1952.82
-1863.03
-1475.09
-1584.94
-1753.15
-2808.69
-2844.59
-2732.42
-2740.35
-1694.41
-1558.12
-1685.12
-1949.45
1044.32
1044.32
1069.88
1102.28
26.819
-19.6172
4.6424
-84.3815
1059.6
1174.83
1183.52
1332.3
-1669.07
-2292.29
-1646.12
73.781
-9.36369
15.1238
-26.4515
-37.2065
10.5207
-35.0697
1240.65
1583.06
-2274.7
-2619.16
-2179.71
-96.7857
-97.6259
-71.3682
-40.8019
-63.202
80.1044
52.549
-1832.18
-47.3402
-1687.43
-2229.12
-1833.27
29.0454
-13.4689
-52.0566
-57.2862
-71.0123
38.007
-47.4528
-1961.27
-2576
-1596.35
-1737.8
-1789
62.8572
-45.7582
-43.5465
-59.7849
-63.3334
64.609
25.3028
-1867.04
-1637.76
-1956.38
-1821.27
56.0216
16.4456
-58.4026
-37.2929
-49.5464
-49.0307
59.4188
-121.135
-99.9673
-1758.57
128.795
-1908.64
74.5003
65.4436
-5.7668
-27.9586
-28.5183
-30.5143
-16.126
23.0343
-2233.43
-1793.93
31.0639
-1743.95
69.9956
67.1481
-19.8354
-25.8678
-31.0132
-41.4961
-24.0414
69.8656
84.7663
46.8927
1124.55
957.671
65.3085
77.8242
-47.9927
-25.9742
-27.4593
-22.0491
105.784
99.2998
246.931
1267.32
102.243
-1574.65
107.425
84.5533
-97.379
-52.2911
6.024
-44.4086
99.5744
125.534
120.369
-1476.56
-2152.58
-1654.67
93.9401
86.7783
-0.956275
8.2239
-7.0582
-11.5514
96.3239
-1984.92
-23.4662
-1476.58
1383.55
1205.43
119.945
120.531
-39.056
-12.0381
16.3613
9.43698
109.731
52.4899
98.2208
-157.436
-1052.71
-1405.44
92.2293
94.0402
-99.1893
13.0487
-12.1118
-25.5363
102.331
108.939
149.585
139.974
-3089.54
-3427.14
-2866.52
-80.8792
21.1411
17.2125
-195.875
-169.602
-55.1522
-88.8554
-70.7819
13.1359
87.6613
85.0106
-13.6994
88.1967
-161.391
-115.758
-2.60159
-2.97775
90.7466
98.7792
-107.334
-3408.86
-1242.37
-1565.96
-1506.97
104.979
-165.599
-171.434
-166.684
-34.8397
103.676
117.74
-3137.83
-2898.88
-1465
-1803.35
-44.9578
103.78
-150.529
-284.633
-176.298
-12.612
97.0155
-3.59602
-3150.73
-3174.44
-2147.03
-1757.09
-1392.08
-1452.83
6.2718
-62.4558
30.0282
-16.1446
81.5608
-244.469
-1656.39
29.2667
-1088.96
-1088.96
-1252.19
112.358
-162.346
28.7501
-7.48217
-11.5889
140.416
-1506.62
-1467.06
-1014.92
-1929.82
-2928.05
-1748.06
-31.3232
13.4378
18.138
-170.311
-195.635
138.08
-1480.37
-1635.38
-1444.92
