#HCal TDC offsets obtained 3_8_2023
#Offsets obtained from fits over TDC distributions = 
-11.3329
-18.6248
-3.66756
-5.93219
-132.574
-114.877
-100.227
-123.762
-19.4426
-14.3177
17.2505
-18.5871
-1.1838
-7.99143
-11.3805
6.49878
-116.955
-103.345
-125.589
-145.179
5.77958
0.15168
-33.1035
-100.166
-3.78403
-44.5391
-17.0175
-0.651161
-127.066
-117.473
-140.539
-139.815
7.12619
-2.23753
-33.7682
-17.5014
16.2849
13.2817
14.6355
0.213013
-104.781
-105.835
-89.8922
-91.2712
15.1024
25.1351
8.16927
0.212565
17.4085
11.695
5.45535
12.5401
-64.06
-89.5409
-93.0927
-100.236
15.5574
31.4405
19.496
19.2931
-5.18011
-9.9799
-4.01667
-10.7936
-96.2442
-73.6634
-112.534
-124.598
-1.35731
-1.40161
21.0016
31.1603
-54.9948
-59.7327
-60.3757
-57.4455
-150.427
-141.818
-124.411
-146.216
-6.93871
-15.5492
-18.4462
-18.7982
-10.4184
-28.335
-25.3413
-25.4228
-120.009
-125.394
-131.098
-144.431
-39.2098
-24.7107
-34.8781
-28.4277
-10.9395
-17.9484
-22.688
-10.9518
-120.185
-116.7
-134.344
-137.543
-13.4246
-9.13166
-21.6163
-5.18987
-32.4213
-26.0468
-23.557
-27.2389
-110.066
-115.077
-126.06
-126.097
-14.2073
-38.1686
-22.0103
3.08677
13.4186
-22.283
-11.5191
-19.2625
-91.6046
-113.152
-113.758
-115.904
-16.1167
-15.9748
-31.1521
-26.1638
-0.0208849
-4.07259
-12.258
-16.9019
-107.096
-112.806
-118.473
-128.666
-8.7516
-10.2419
0.336796
5.75863
-15.0352
-3.16015
2.02061
-1.83961
-127.686
-105.007
-107.365
-102.554
24.3414
11.2519
16.7559
10.0895
35.2031
14.9084
31.4713
10.1695
-59.1042
-89.4124
-71.74
-91.3207
14.7797
11.983
46.0261
32.7817
-6.55757
11.2863
14.6697
4.39379
-83.8086
-75.2134
-91.3159
-98.3445
12.1495
-31.3014
12.6951
28.3883
35.7334
11.8758
33.7365
33.4965
-93.9193
-102.945
-75.9852
-86.0482
15.3844
31.8577
10.1451
22.9764
23.2367
-3.52924
4.54884
2.40021
-117.364
-83.0548
-107.545
-130.043
10.0302
-4.61178
25.5105
0.985465
-158.49
-171.216
-130.64
-165.117
-66.5981
-70.1012
-238.485
-251.836
-134.035
-155.513
47.9317
42.2194
31.0866
4.1052
41.1562
10.956
-238.222
-229.191
-74.5348
-71.3532
30.2608
29.1423
-121.323
-132.719
30.8295
33.0091
28.6399
29.2782
-241.504
-244.066
-68.9898
-95.148
32.0921
46.9839
-139.947
-120.062
15.0145
20.2574
15.9162
24.2074
-230.924
-226.943
-87.6638
-90.7777
20.9733
22.929
-138.593
-118.487
-3.05691
-9.92715
27.6584
21.9304
-83.9509
-67.5453
-56.0053
-95.2711
26.0778
20.6658
29.3422
31.9398
9.48914
38.3939
34.4675
26.3046
-76.2232
-56.7169
-83.2944
-78.8257
51.5606
40.2935
38.1019
59.2467
-134.945
-140.911
13.7525
0.315207
-76.6586
-57.5974
-231.138
-252.271
37.1189
23.6437
32.3606
47.6623
