#HCal TDC offsets obtained 3_8_2023
#Offsets obtained from fits over TDC distributions = 
-1863.03
-1863.03
-1817.81
-1909.55
-3167.52
-2945.35
-2740.11
-2944.72
-1870.82
-1836.28
-1524.45
-2202.12
-1747.34
-1747.34
-1821.54
-1751.02
-3056.65
-2908.92
-3098.84
-3305.6
-1726.74
-1722.88
-2077.25
-1611.31
-1863.03
-2159.63
-1905.4
-1787.84
-3089.16
-3039.71
-3257.1
-3281.7
-1801.14
-1858.6
-2104.61
-1952.82
-1863.03
-1475.09
-1584.94
-1753.15
-2808.69
-2844.59
-2732.42
-2740.35
-1694.41
-1558.12
-1685.12
-1949.45
1044.32
1044.32
1069.88
1102.28
308.386
-14.5412
5.23477
-84.3815
1059.6
1174.83
1183.52
1332.3
-1669.07
-2292.29
-1646.12
-1791.53
-1.79666
17.3883
-284.401
-299.809
-1725.56
-1739.59
1240.65
1583.06
-2274.7
-2619.16
-2179.71
-2212.32
-293.417
-321.728
-296.843
-317.74
-180.729
-1857.66
-1832.18
-1148.6
-1687.43
-2229.12
-1833.27
-223.167
-302.515
-307.512
-346.427
-321.725
-215.296
-365.114
-1961.27
-2576
-1596.35
-1737.8
-1789
-195.289
-307.988
-303.619
-312.486
-316.052
-193.816
-174.11
-1867.04
-1637.76
-1956.38
-1821.27
-1814.52
-205.669
-293.826
-299.287
-309.513
-310.536
-194.732
-238.247
-1888.58
-1758.57
-1757.59
-1908.64
-192.616
-197.704
-269.554
-293.329
-291.402
-295.105
-193.711
-196.452
-2233.43
-1793.93
-2103.51
-1743.95
-189.375
-193.803
-286.907
-289.069
-293.822
-305.97
-175.331
-193.728
-1707.94
-2078.27
1124.55
957.671
934.841
100.014
-34.5644
-9.63296
-16.5143
-8.04523
126.049
1083.97
1110.62
1267.32
-946.987
-1574.65
-146.949
-167.596
-238.587
-268.287
-247.896
-271.899
-156.487
-1516.49
-1266.88
-1476.56
-2152.58
-1654.67
-162.154
-169.978
-264.725
-253.662
-277.526
-276.134
-157.634
-1984.92
-1527.89
-1476.58
1383.55
1205.43
-1359.36
-138.262
-266.97
-275.51
22.9551
9.13231
-149.444
-150.065
-1470.72
-1725.01
-1052.71
-1405.44
-1567.41
-167.041
-290.263
-251.5
-273.263
-295.228
-149.892
-163.01
-1424.8
-1571.4
-3089.54
-3427.14
-2866.52
-333.818
-236.822
-235.635
-405.915
-423.91
-303.581
-349.31
-135.61
-1425.01
-1626.81
-1564.17
-949.995
-160.767
-414.448
-402.141
-246.926
-250.143
-143.875
-147.951
-309.433
-3408.86
-1242.37
-1565.96
-1506.97
-153.87
-425.809
-423.431
-252.283
-283.787
-148.266
-135.196
-3137.83
-2898.88
-1465
-1803.35
2470.94
-1510.56
-407.217
-407.596
-272.054
-275.801
-163.35
-154.344
-373.337
-3174.44
-2147.03
-1757.09
-1392.08
-1452.83
-254.035
-246.288
-235.567
-272.483
-159.918
-158.518
-1656.39
-1420.99
-1088.96
-1088.96
-1252.19
-1411.21
-2512.36
-235.449
-247.53
-259.973
-130.74
-134.403
-1467.06
-1014.92
-1929.82
-2928.05
-1748.06
-1972.99
-2325.21
-231.792
-415.662
-434.173
-1389.81
-1480.37
-1635.38
-1444.92
