#HCal TDC offsets obtained 3_8_2023
#Offsets obtained from fits over TDC distributions = 
-1863.03
-1863.03
-1817.81
-1909.55
-3167.52
-2945.35
-2740.11
-2944.72
-1870.82
-1836.28
-1524.45
-2202.12
-1747.34
-1747.34
-1821.54
-1751.02
-3056.65
-2908.92
-3098.84
-3305.6
-1726.74
-1722.88
-2077.25
-1611.31
-1863.03
-2159.63
-1905.4
-1787.84
-3089.16
-3039.71
-3257.1
-3281.7
-1801.14
-1858.6
-2104.61
-1952.82
-1863.03
19.2597
21.6417
4.51111
-103.726
-104.879
-90.4661
-93.0141
-10.2495
9.77898
-1685.12
-1949.45
1044.32
45.6108
12.5068
19.3281
-58.3184
-84.2605
-49.8411
-95.62
21.5381
102.866
1183.52
1332.3
3.38478
-1.18437
2.98565
-4.98327
-91.0824
-68.8513
-108.02
-118.412
6.41324
8.66003
1240.65
1583.06
-41.3456
-46.2288
-52.7646
-52.6262
-145.946
-139.655
-118.855
-139.931
3.6049
-5.07962
-59.703
46.0627
6.41011
-14.0978
-14.2475
-18.1723
-114.511
-120.125
-125.452
-184.248
-27.8432
-14.3817
17.4447
-2576
9.56793
0.831079
-7.0718
2.88545
-108.219
-105.378
-122.198
-125.419
2.12848
8.54892
33.1975
-1637.76
-13.8414
-6.93601
-49.9113
-6.59896
-88.7948
-94.4935
-106.751
-107.168
6.19014
-1.12825
-88.0664
-1758.57
33.5285
-5.28201
5.9058
-0.961285
-72.026
-92.9115
-93.1925
-95.564
4.89159
7.82697
2.8218
-262.595
20.765
10.298
0.12332
-5.78513
-95.2703
-99.9983
-104.746
-113.461
9.46291
9.20556
24.9959
76.4434
-2.79525
9.64344
10.499
7.39449
-116.484
-95.0395
-96.5079
-89.3869
40.7698
27.7644
2.07165
146.155
52.0596
28.8431
43.2744
22.4789
-46.2134
-75.6875
-57.1795
-76.0538
32.0636
32.1451
69.3658
-16.0626
10.9647
-16.0109
30.7003
21.0277
-65.8354
-55.7204
-70.227
-77.4105
33.0355
-256.258
33.4722
42.3678
55.484
31.1385
54.1604
54.6788
-71.1042
-79.8631
-52.1215
-62.9295
37.8601
54.9795
32.771
-44.7594
43.5537
14.3981
23.4016
21.2738
-98.2019
-62.8841
-88.475
-112.815
29.5273
18.1639
49.3607
31.9715
-141.399
-155.953
-115.415
-151.663
-53.6145
-57.5559
-225.176
-237.301
-119.373
-140.217
71.1036
1.79128
54.5226
21.737
52.6888
21.6391
-227.934
-219.403
-64.7582
-60.5632
43.3222
43.8945
-106.097
-83.4689
40.4305
44.8727
39.2101
38.6857
-230.804
-233.782
-58.5763
-83.7914
46.4801
60.4642
-99.1227
-107.89
30.0743
34.5885
-55.8758
36.962
-217.646
-264.067
-73.6949
-76.1807
35.3554
36.1498
-193.989
-3174.44
-15.8025
10.8346
47.5956
40.6656
-65.5717
-50.1353
-40.6993
-82.0405
8.0917
48.3051
34.4434
-53.2818
36.3182
65.2128
59.735
46.9943
-56.9428
-40.5736
-72.0273
-68.5204
63.9506
56.137
80.1492
-1014.92
-120.923
-299.93
-69.4924
26.0459
-54.0565
-40.7885
-219.027
-284.265
-144.371
-98.616
45.3414
-1444.92
