#HCal tdc vs E fit parameter P2 obtained 3_8_2023
#Exponential fit for i PMTs -> y = P0_i*exp(-P1_i*x)+P2_i, P2_i = 
0
-77
-77.5976
-74.6535
-74.7132
-73.6566
-74.8606
-76.3041
-76.0494
-79.5455
-75.8255
-72.8482
0
-77
-74.9746
-75.3426
-73.7887
-73.7567
-75.6978
-77.3497
-75.4865
-77.9057
-78.8457
-77.9196
0
-77
-84.3919
-73.7486
-72.3303
-72.7454
-77.6171
-75.2679
-75.4459
-78.1597
-76.1539
-76.3235
0
-73.2392
-74.1015
-74.4398
-73.4543
-72.8373
-72.9445
-73.2055
-74.1626
-77.7069
-77.1955
-76.3324
0
-66.7858
-73.8346
-74.5842
-74.3306
-74.7015
-74.8603
-74.7105
-74.1999
-75.1535
-77.7443
-78.3655
-77
-68.8111
-77.3247
-74.4552
-75.7855
-75.8607
-75.2589
-75.1879
-75.9746
-77.0585
-77.4472
-79.6275
-77
-76.8804
-75.6764
-77.2535
-75.8243
-78.9894
-75.9746
-75.7195
-76.5929
-76.3413
-77.1104
-86.8043
-76.969
-75.1578
-76.8211
-76.2014
-75.7334
-74.6505
-75.3779
-76.7763
-77.6257
-79.3993
-80.686
-70.1994
-77
-78.6782
-73.0906
-76.0573
-75.1494
-75.7433
-76.6885
-76.2029
-76.4961
-77.9599
-76.6831
-78.2138
-38.99
-75.061
-73.2238
-74.0122
-74.566
-75.2667
-76.9672
-76.2161
-77.0301
-76.1139
-75.7893
-77.1591
-76.9335
-69.914
-71.3356
-72.6619
-73.2175
-74.2402
-75.7969
-76.1908
-77.0697
-77.7704
-73.5659
-75.8291
-111.586
-69.9809
-71.733
-73.1091
-73.2042
-73.3511
-75.12
-75.2244
-74.8053
-75.1269
-73.9691
-77.5109
-66.728
-77.0017
-74.1481
-77.6092
-76.1581
-75.0671
-74.4749
-73.0896
-73.4635
-73.4109
-74.831
-77.026
-84.1045
-69.5267
-73.1011
-72.5583
-73.2849
-73.661
-73.949
-74.1298
-74.9425
-77.5825
-77.7139
-73.9776
-75.9546
-72.2559
-75.3428
-74.9186
-73.8033
-73.9115
-75.0124
-75.1615
-75.997
-86.4983
-75.0996
-76.5012
-80.7224
-72.1435
-73.9793
-74.5045
-74.2912
-73.9776
-73.6197
-74.1575
-74.6
-74.7936
-76.9811
-82.1328
-77.4839
-75.3737
-74.3189
-72.9562
-74.3795
-73.637
-74.3377
-75.3181
-74.8157
-77.0607
-76.56
-87.8465
-84.8718
-71.7722
-75.5552
-72.2645
-72.3678
-72.958
-75.2817
-76.2194
-74.8506
-75.9715
-80.3632
-80.9244
-75.652
-82.729
-77.743
-73.2762
-73.8654
-73.8411
-74.0347
-74.305
-73.2927
-73.8666
-72.8973
-72.5891
-127.075
-70.4581
-75.6419
-76.0652
-74.9134
-73.1504
-73.7015
-73.3962
-72.8155
-71.6382
-73.2422
-76.6305
-72.7944
-73.1542
-118.805
-73.5652
0
-73.9851
-73.0697
-72.3794
-71.8361
-71.9118
-74.5978
-82.9245
-104.198
-71.043
-70.9977
-73.8581
-72.3683
-72.0953
-71.5035
-71.7908
-73.7953
-73.2177
-74.8104
-80.2392
0
-88.0372
-72.1406
-71.2485
-71.4821
-71.591
-71.8907
-72.1627
-71.9688
-73.651
-75.3047
-79.5937
-77
-83.3145
-71.2622
-70.122
-74.3248
-69.4283
-73.7252
-74.1208
-74.5737
-77.1663
-76.1293
-76.3539
