#HCal tdc vs E fit parameter P2 obtained 3_8_2023
#Exponential fit for i PMTs -> y = P0_i*exp(-P1_i*x)+P2_i, P2_i = 
0
0
0
0
0
0
0
0
0
0
0
0
0
0
0
0
0
0
0
0
0
0
0
0
0
0
0
0
0
0
0
0
0
0
0
0
0
0
0
0
0
0
0
0
0
0
0
0
0
0
0
0
0
-68.891
0
0
0
0
0
0
0
0
0
0
-68.8541
-73.2516
-84.294
-79.9708
0
0
0
0
0
0
0
0
-73.4003
-72.7844
-77.417
-70.2427
-65.4184
0
0
0
0
0
0
-72.119
-85.2551
-79.3836
-84.0195
-75.5126
-73.4658
-78.8593
0
0
0
0
0
-70.7727
-68.9846
-77.7979
-71.9596
-71.2954
-71.3756
-70.9415
0
0
0
0
0
-77.4321
-69.6524
-70.5528
-81.7718
-77.9388
-83.7357
-71.8893
0
0
0
0
-71.2458
-67.7961
-72.3294
-76.6404
-78.4499
-83.7608
-70.5066
-77.0476
0
0
0
0
-66.5262
-70.1122
-74.264
-74.6281
-72.9699
-74.1878
-71.2366
-84.5005
0
0
0
0
0
-63.1669
-71.7016
-67.2242
-70.0924
-69.4393
-73.5042
0
0
0
0
0
-76.2225
-70.4151
-76.87
-75.2878
-73.6988
-76.6418
-81.9753
0
0
0
0
0
-70.5302
-76.2618
-72.4519
-78.4247
-77.7729
-75.1475
-73.4099
0
0
0
0
0
0
-68.9112
-72.4311
-73.3175
-67.5978
-71.2981
-86.1497
-91.3692
0
0
0
0
0
-66.8927
-79.6918
-72.4581
-73.1507
-77.188
-68.6714
-69.5649
0
0
0
0
0
-65.5436
-71.2555
-72.1552
-73.4373
-72.9574
-70.7597
-88.7062
-72.9563
0
0
0
0
-35.1158
-66.425
-70.9235
-73.3232
-71.571
-69.6791
-70.1924
-76.9449
0
0
0
0
-77
-71.17
-65.8152
-74.3192
-72.3767
-69.238
-70.8295
0
0
0
0
0
0
-113.935
-67.2701
-70.5584
-76.9386
-71.621
-93.3917
-80.6165
0
0
0
0
0
-77
-70.6954
-97.1844
-91.4758
-89.3075
-112.272
0
0
0
0
0
0
0
-133.325
-128.165
-69.3712
-71.3181
-77
0
0
0
0
0
0
0
-77
-77
-77
0
0
0
0
