#HCal tdc vs E fit parameter P1 obtained 3_8_2023
#Exponential fit for i PMTs -> y = P0_i*exp(-P1_i*x)+P2_i, P1_i = 
0.0982134
0.01
0.0344895
0.0378936
0.033801
0.0429042
0.0595976
0.103794
0.068356
0.0160164
0.0887967
0.01
0.0254583
0.0965283
0.0490007
0.0401659
0.0474255
0.0563892
0.0441512
0.0299232
0.0610159
0.0600549
0.0509962
0.0789008
0.038349
0.031866
0.0337996
0.0372908
0.0432604
0.0451086
0.0897146
0.0926644
0.0529078
0.0931143
0.0312535
0.0243592
0.109739
0.066998
0.0481379
0.0487662
0.0707515
0.0707749
0.0465703
0.029589
0.0251135
0.0217411
0.0333692
0.2
0.0422529
0.0525198
0.0428613
0.0513489
0.0492923
0.0641322
0.0651024
0.0278473
0.0328951
0.0168744
0.115909
0.146693
0.115726
0.0261667
0.042662
0.047093
0.0482166
0.0448425
0.0196362
0.0437031
0.0383418
0.0706101
0.0908927
0.15218
0.0999074
0.151268
0.0243482
0.0563995
0.0553304
0.0107243
0.0370448
0.0316779
0.0356759
0.0211066
0.101541
0.01
0.0326688
0.0516566
0.0466449
0.0336021
0.055655
0.0447901
0.0551233
0.111607
0.0430531
0.0862106
0.0607035
0.0512557
0.0922285
0.0620451
0.0658599
0.0440371
0.0320656
0.0412504
0.0502987
0.0470015
0.0163261
0.0456233
0.091648
0.2
0.0549469
0.0438929
0.0345879
0.0367143
0.060797
0.0498708
0.031805
0.047689
0.0406423
0.0762852
0.123423
0.0580062
0.0733052
0.0672573
0.0316535
0.0300392
0.0492674
0.0362289
0.0343499
0.040665
0.0238406
0.0224867
0.0788683
0.01
0.0100778
0.0256615
0.0337783
0.0430766
0.0561474
0.030871
0.0426304
0.0511816
0.0513121
0.0304289
0.0497306
0.01
0.0980413
0.0956111
0.0423851
0.0469516
0.0515446
0.069263
0.0683351
0.0636023
0.045288
0.0530188
0.0640606
0.2
0.0282283
0.0639858
0.0489232
0.049066
0.0812822
0.0415197
0.0331341
0.0303861
0.0446526
0.0279195
0.0203744
0.01
0.2
0.0373027
0.0482101
0.0444584
0.0476984
0.0417157
0.0506472
0.041705
0.0158422
0.0433483
0.0240189
0.0320389
0.0400845
0.0716672
0.0352992
0.037038
0.0582018
0.06452
0.0480212
0.0783904
0.0244341
0.0498313
0.0486544
0.01
0.0439912
0.0923314
0.0375142
0.0400661
0.0755204
0.0423214
0.0301415
0.0433107
0.0758086
0.0269134
0.0146857
0.0210326
0.0741175
0.0334436
0.0562157
0.0434989
0.0345633
0.0687791
0.0529442
0.0502171
0.0493779
0.0666347
0.0232204
0.0385489
0.130937
0.0391605
0.0483521
0.040901
0.0438056
0.0405112
0.0451979
0.0335847
0.0961195
0.0306833
0.0779601
0.01
0.112162
0.0308502
0.0457444
0.0504757
0.0361891
0.0479114
0.0818071
0.0310691
0.0248832
0.0384377
0.02337
0.0903082
0.100147
0.0288838
0.150963
0.0478831
0.0863521
0.0612942
0.0630855
0.0310424
0.0242292
0.0419568
0.052768
0.0405657
0.0768803
0.0940787
0.0149297
0.0157924
0.0209936
0.0307945
0.0141316
0.0439092
0.0122145
0.0728361
0.01
0.2
0.112753
0.013594
0.0150504
0.0167919
0.044315
0.0453424
0.0363739
0.0532046
0.0158425
0.0196338
0.0100039
0.1515
0.0186535
0.0268414
0.0110024
0.0128361
0.0252277
0.0435705
0.0323387
0.0356201
0.0128565
0.0407549
0.0502903
0.0260616
