#HCal tdc vs E fit parameter P1 obtained 3_7_2023
#Exponential fit for i PMTs -> y = P0_i*exp(-P1_i*x)+P2_i, P1_i = 
0
0
0
0
0
0
0
0
0
0
0
0
0
0
0
0
0
0
0
0
0
0
0
0
0
0
0
0
0
0
0
0
0
0
0
0
0
0
0
0
0
0
0
0
0
0
0
0
0
0
0
0
0
0.0041351
0
0
0
0
0
0
0
0
0
0
0.00136183
0.000762575
0.0235229
0.00402989
0
0
0
0
0
0
0
0
0.057052
0.0159739
0.0100893
0.0776758
0.0126024
0
0
0
0
0
0
0.0248912
0.00410653
0.153717
0.0128996
0.199435
0.116614
0.415932
0
0
0
0
0
0.000119415
6.64701e-05
0.119418
0.0229915
0.0909923
0.00114023
0.487416
0
0
0
0
0
0.00995359
0.0211411
3.39978e-13
0.0151187
0.0392215
0.0313114
0.000723474
0
0
0
0
1.34634e-12
0.0142274
0.0862552
0.0251466
0.00982015
0.00341354
0.0280622
0.0202821
0
0
0
0
0.0299669
0.0584265
0.0162228
0.00174279
0.0660992
1.11577e-14
0.00791316
0.0852319
0
0
0
0
0
0.191023
9.54237e-14
0.0319606
0.0496365
0.0718069
0.00334214
0
0
0
0
0
0.0197317
0.00859706
0.000128933
0.0911287
0.0876994
0.0497341
0.0109511
0
0
0
0
0
0.140637
0.044775
0.0756322
0.0194068
0.00469238
8.88178e-16
0.0968619
0
0
0
0
0
0
0.0110667
0.0234727
0.130618
0.0482932
0.0296074
0.0642465
0.0138138
0
0
0
0
0
0.0044069
0.0400782
0.00975847
0.0445463
0.37154
0.0918153
3.74856e-12
0
0
0
0
0
0.0320689
0.0700391
0.0633286
0.0340706
0.0547697
0.0123831
0.0112397
0.00364801
0
0
0
0
0.0131744
0.0521039
0.0760742
0.0562358
0.0413433
0.0588451
0.000118273
0.0698104
0
0
0
0
0.1
0.00366622
0.0303867
0.0735467
0.0477376
0.0496176
0.0863846
0
0
0
0
0
0
0.112606
0.0200157
0.0173196
0.0163442
0.0513217
0.462885
0.151003
0
0
0
0
0
0.1
0.0385904
0.00881998
0.0606526
0.0370061
0.168803
0
0
0
0
0
0
0
0.124735
0.0252398
0.00715593
0.00383583
0.1
0
0
0
0
0
0
0
0.1
0.1
0.1
0
0
0
0
