#HCal tdc vs E fit parameter P0 obtained 3_8_2023
#Exponential fit for i PMTs -> y = P0_i*exp(-P1_i*x)+P2_i, P0_i = 
0
14
2
26
12.5614
18.763
12.4403
14.8642
26
9.56474
2
26
0
14
11.5745
7.97717
20.3584
9.63644
9.06845
4.50301
8.46163
13.453
11.6251
26
0
14
14.765
15.6919
11.0034
10.99
6.43327
8.84578
12.5571
12.7394
10.703
11.0882
0
2
9.50052
7.91587
9.65818
9.56932
13.2728
26
26
12.0468
7.52232
26
0
26
26
14.6415
13.5973
10.9822
15.0091
11.432
11.7608
20.1866
4.59807
26
14
26
26
23.1479
10.132
9.58681
15.0785
17.1232
12.5187
10.2227
19.5138
26
14
2
8.38162
9.33688
10.2329
26
13.1605
13.6039
16.1027
25.6484
26
7.52935
14.0516
26
9.96263
9.85562
8.48363
8.92768
15.4209
13.4845
11.077
10.649
11.1413
26
14
8.22677
21.088
11.9976
10.2971
7.49804
12.0897
15.5506
13.198
11.2379
26
7.42576
2
7.5888
8.08205
8.31718
9.08795
12.7796
10.2764
23.3043
9.33214
14.3859
20.0802
6.39061
26
26
9.91263
12.3151
11.7438
9.67242
13.9711
14.1996
12.9065
10.3309
20.151
26
25.9918
16.3551
22.1979
11.345
13.3557
14.4733
12.2508
10.386
10.8661
26
26
26
26
15.9284
13.0815
7.39907
6.87948
10.7718
14.8524
22.1841
14.0445
21.698
26
26
26
8.9006
8.63369
11.8045
9.27036
14.1744
11.7573
15.119
11.6663
9.20308
12.183
26
14.6491
22.4714
12.037
8.65341
13.0609
18.0436
12.3142
11.5663
9.97198
10.5832
26
26
26
26
9.45562
12.1709
12.2742
17.9475
21.8598
17.4583
11.0239
19.9765
26
20.1779
24.8795
2.14162
11.0355
11.9889
8.61789
26
16.97
9.44099
11.833
17.223
11.1206
26
14.9576
26
14.7846
12.9972
21.9597
18.0174
11.4287
12.2039
25.5541
18.5035
11.7153
26
26
14.5004
9.3201
18.4403
9.84066
12.1792
23.8593
15.263
13.8006
12.8588
26
2
2.49606
3.462
11.4445
11.7065
18.7152
18.082
12.6116
11.7932
9.5082
26
4.75656
26
2
26
6.43409
18.4608
0
10.9014
11.7999
11.3117
19.1503
16.4808
26
23.6898
17.8461
26
26
6.94268
7.29456
8.52766
14.914
12.5224
9.87012
14.1806
26
11.3675
0
22.2168
26
26
7.33932
9.7262
13.5847
12.717
9.80173
8.57231
20.1855
26
14
26
9.75128
14.4411
11.6711
9.61976
9.99423
15.3202
9.40222
9.8723
8.11795
2.59553
