#HCal tdc vs E fit parameter P1 obtained 3_8_2023
#Exponential fit for i PMTs -> y = P0_i*exp(-P1_i*x)+P2_i, P1_i = 
0
0.04
0.2
0.0904666
0.108762
0.137109
0.0544436
0.0306226
0.0641603
0.039411
0.2
0.161322
0
0.04
0.2
0.0454076
0.0889221
0.0546909
0.0394603
0.0259066
0.0568575
0.0486158
0.0398029
0.101642
0
0.04
0.01
0.069027
0.12547
0.0770331
0.0569358
0.0646992
0.0583406
0.0367733
0.2
0.0198387
0
0.01
0.0726788
0.0419045
0.0551565
0.0644675
0.0712108
0.121974
0.120156
0.0394955
0.0456795
0.084785
0
0.0860662
0.130235
0.0788591
0.0614837
0.0713219
0.0737298
0.0607983
0.0552535
0.0739692
0.0107709
0.161918
0.04
0.121608
0.0717606
0.121755
0.0440109
0.0453308
0.082084
0.0905293
0.0519723
0.0586792
0.0941244
0.0897403
0.04
0.01
0.176673
0.0443099
0.0800778
0.0291294
0.0577945
0.06896
0.0530905
0.0893268
0.103863
0.0187782
0.0397116
0.106967
0.0368142
0.0451561
0.0346668
0.0649124
0.0978495
0.07513
0.0458151
0.0416104
0.0282362
0.0755526
0.04
0.01
0.149972
0.0367597
0.0474268
0.0363149
0.0717716
0.0865045
0.0562932
0.038684
0.114801
0.0629735
0.01
0.0358098
0.0693608
0.0444523
0.0457475
0.0677129
0.0387418
0.0977239
0.039007
0.0910498
0.0944388
0.01
0.2
0.140733
0.0691041
0.0570887
0.0788306
0.0578553
0.0618586
0.0612829
0.0494581
0.0288079
0.189263
0.139756
0.2
0.192091
0.154691
0.0532001
0.0675845
0.0695907
0.0617388
0.047128
0.0564442
0.0970654
0.0984867
0.0195476
0.096429
0.2
0.0493682
0.0321948
0.0337267
0.0732164
0.0575166
0.102475
0.0540134
0.121857
0.0862673
0.115565
0.0317614
0.0797212
0.0285333
0.0715083
0.0487762
0.0774201
0.0641346
0.0680643
0.0545961
0.0187802
0.0241419
0.106165
0.0209397
0.0751623
0.0698196
0.0320834
0.0685418
0.0912106
0.0581825
0.0558544
0.0313852
0.01
0.119521
0.0844002
0.0393247
0.149123
0.0323311
0.0416455
0.0659651
0.0984116
0.0910643
0.0721565
0.041959
0.103362
0.0840525
0.01
0.0994712
0.01
0.029984
0.0568066
0.0586882
0.111972
0.0989529
0.0736996
0.0574554
0.0608053
0.0346893
0.0242152
0.01
0.12295
0.0448842
0.0725402
0.118145
0.120731
0.0471573
0.0427684
0.103996
0.0747217
0.0113929
0.0433355
0.0496813
0.01
0.0338848
0.0931535
0.0412058
0.0704733
0.117829
0.0785223
0.0842774
0.0505873
0.124985
0.01
0.0323229
0.0347951
0.029109
0.0415189
0.0820079
0.115975
0.0631745
0.0877576
0.0466469
0.125963
0.0279079
0.0864402
0.01
0.0581378
0.01
0.0811163
0
0.0485233
0.116311
0.0587939
0.0869304
0.0765783
0.122759
0.0314226
0.0316616
0.0944392
0.0813501
0.0139415
0.0373943
0.0442539
0.0551219
0.0598511
0.0266318
0.0590549
0.0717995
0.0479405
0
0.01
0.0764489
0.106352
0.0283841
0.0513587
0.0751925
0.0659108
0.0319487
0.0300603
0.0645059
0.10828
0.04
0.0674548
0.0370069
0.0517742
0.0560714
0.0509295
0.0410139
0.0769145
0.0354993
0.0260417
0.0250406
0.01
