#HCal tdc vs E fit parameter P2 obtained 3_8_2023
#Exponential fit for i PMTs -> y = P0_i*exp(-P1_i*x)+P2_i, P2_i = 
-48.4499
-62.4369
-48.803
-47.1287
-51.1609
-49.3552
-49.1126
-48.2598
-48.9225
-50.1594
-48.6251
-47.0589
-46.8805
-47.4039
-47.6163
-47.0268
-46.71
-47.678
-48.7201
-50.0834
-47.746
-49.6724
-50.504
-64.2601
-46.3027
-49.268
-47.9723
-46.9887
-47.6907
-48.4571
-47.9237
-47.39
-48.2364
-47.2726
-51.6335
-54.4449
-43.4286
-48.9542
-47.731
-47.3226
-47.9777
-49.2097
-48.4378
-49.0033
-50.3129
-50.4452
-49.3011
-47.2886
-77.4042
-77.9306
-78.8595
-77.9886
-78.5256
-80.0702
-78.9429
-79.7069
-80.0655
-82.758
-79.7422
-81.2611
-49.0082
-43.6162
-49.0047
-48.2141
-78.9035
-80.0159
-52.5118
-49.8045
-50.557
-50.8228
-80.5088
-86.2797
-52.7013
-49.2831
-57.0304
-50.1002
-49.3998
-55.3488
-50.4772
-50.9297
-51.439
-51.7876
-49.3161
-79.0584
-51.3048
-45.9933
-50.1152
-49.6248
-50.3195
-52.4582
-51.0727
-50.6529
-50.8054
-51.9775
-49.7883
-50.0999
-50.3208
-48.8861
-49.0258
-49.2278
-50.2613
-51.7979
-51.4905
-51.3449
-53.3537
-50.1593
-48.0011
-50.5512
-51.5237
-49.4864
-50.7448
-49.7734
-49.3508
-50.3358
-51.1824
-51.3495
-52.5786
-53.1636
-48.5791
-52.7019
-45.9571
-46.5665
-48.6017
-48.8424
-49.07
-50.181
-50.9272
-50.7291
-52.4461
-52.0638
-51.1895
-61.4992
-62.4991
-47.6568
-48.144
-48.9194
-48.021
-49.4056
-50.137
-50.07
-50.848
-52.0499
-49.7707
-52.1038
-83.2738
-80.9047
-80.0646
-77.1004
-80.4647
-78.1084
-77.9854
-78.1335
-79.5569
-80.9806
-81.5604
-85.3882
-53.3774
-48.1437
-48.0231
-48.5644
-49.0175
-49.2297
-49.6075
-49.5903
-50.5658
-51.2903
-51.7953
-41.0997
-47.6719
-47.6383
-50.2921
-48.5367
-48.4434
-49.0909
-49.8891
-49.9866
-51.1853
-66.0866
-52.935
-42.3653
-79.2434
-78.4554
-48.2483
-48.4429
-48.6042
-48.9689
-79.2969
-79.1418
-51.2021
-51.2784
-51.6474
-46.8632
-53.1561
-52.7095
-48.7006
-49.0032
-49.8533
-49.7986
-51.1213
-52.7492
-52.0691
-52.8314
-52.4538
-56.3208
-51.9126
-47.3781
-49.2236
-49.4473
-50.1356
-50.2086
-50.1942
-49.7924
-50.3637
-53.0703
-52.093
-59.7999
-45.0413
-48.204
-50.8986
-48.0974
-49.3128
-50.6984
-49.3637
-49.6435
-50.7041
-51.1915
-50.4566
-60.7039
-51.1145
-46.6751
-47.254
-47.6757
-47.813
-48.4645
-48.5678
-51.5648
-50.3623
-48.5393
-49.3142
-48.8362
-51.2854
-45.2453
-105.204
-47.0312
-99.4163
-47.9829
-47.2207
-48.5262
-49.1993
-48.2973
-50.6497
-45.3636
-42.3832
-48.666
-48.3832
-48.3032
-49.0197
-48.5218
-48.216
-46.7759
-48.3998
-47.5495
-47.4429
-48.3394
-51.4258
-50.6969
-50.6155
-49.7779
-47.5868
-47.634
-47.9898
-46.5407
-46.529
-46.8562
-48.5535
-49.0901
-64.3618
-59.3646
-50.1296
-48.2012
-51.3082
-45.6766
-48.6818
-49.4128
-51.1169
-49.8496
-47.8185
-52.7456
