#HCal tdc vs E fit parameter P0 obtained 3_7_2023
#Exponential fit for i PMTs -> y = P0_i*exp(-P1_i*x)+P2_i, P0_i = 
0
0
0
0
0
0
0
0
0
0
0
0
0
0
0
0
0
0
0
0
0
0
0
0
0
0
0
0
0
0
0
0
0
0
0
0
0
0
0
0
0
0
0
0
0
0
0
0
0
0
0
0
0
17.5095
0
0
0
0
0
0
0
0
0
0
30
30
30
30
0
0
0
0
0
0
0
0
21.8593
30
18.3435
30
9.15606
0
0
0
0
0
0
5.70453
30
2.38642e-12
10.4427
1.82173e-08
30
6.0747e-08
0
0
0
0
0
18.0562
29.6485
30
16.8317
30
30
8.29373e-10
0
0
0
0
0
16.6918
13.2871
9.96752
30
10.2223
4.0665
29.8084
0
0
0
0
10.0499
8.62772
30
17.9255
13.0943
30
30
30
0
0
0
0
30
30
28.6958
30
30
6.27594
2.54571
30
0
0
0
0
0
30
9.02009
5.0099
30
30
22.3425
0
0
0
0
0
24.0107
9.65575
3.44149
26.0862
30
30
30
0
0
0
0
0
30
10.9245
30
22.5426
13.3548
5.71631
30
0
0
0
0
0
0
15.2202
13.6183
30
30
22.4041
30
30
0
0
0
0
0
10.7596
6.12604
22.8022
30
5.31328e-08
30
10.7481
0
0
0
0
0
30
30
30
14.2293
30
21.2522
30
30
0
0
0
0
30
30
30
30
30
30
29.7614
30
0
0
0
0
10
30
30
30
30
30
30
0
0
0
0
0
0
14.9169
30
30
30
28.6143
2.1355e-06
4.63796e-12
0
0
0
0
0
10
30
30
3.4972e-14
30
8.72955
0
0
0
0
0
0
0
14.1753
30
29.9998
30
10
0
0
0
0
0
0
0
10
10
10
0
0
0
0
