#HCal tdc vs E fit parameter P0 obtained 3_8_2023
#Exponential fit for i PMTs -> y = P0_i*exp(-P1_i*x)+P2_i, P0_i = 
22.1654
16.4348
9.11359
9.46887
7.21012
10.922
13.2151
26
21.0574
7.14307
26
3.24774
4.73208
22.3508
11.0798
10.2684
10.4609
12.8157
8.97963
8.81097
14.105
14.2042
11.0989
9.20399
13.3917
6.15438
8.52931
9.41984
9.20675
12.3294
10.7534
14.7224
12.945
14.965
8.01246
17.4535
21.2893
18.5763
10.7568
10.3085
12.8002
15.2881
11.2901
9.65401
11.3038
9.61772
9.11348
11.9855
16.0398
14.166
13.9409
14.776
12.2283
12.4336
16.2287
10.0887
11.8472
13.0555
26
26
18.8924
10.6485
11.6337
11.5542
13.0505
13.9187
7.66032
11.2085
11.2566
13.0715
19.7652
26
26
14.594
5.17461
8.90985
11.4907
19.0545
11.3983
9.65304
15.3601
10.4086
26
2
6.83888
9.9865
10.5922
7.79939
10.3546
8.95002
12.4104
18.9663
9.81538
16.4059
12.2797
18.4347
15.6367
20.0844
13.7043
11.877
9.10223
12.7343
11.6093
12.4443
10.19
12.7575
26
2
13.5491
11.3231
8.79419
9.73033
13.7036
12.3384
10.209
13.5681
12.0125
14.9171
17.3342
26
8.34171
17.4564
10.5116
10.7237
11.2161
10.8093
11.4646
11.8762
10.6904
11.0381
14.7148
19.9503
25.4667
6.90707
8.3991
10.0262
13.2855
10.3103
10.8995
12.5217
13.4485
12.3638
15.9338
8.63416
13.1476
9.58777
8.99547
8.66713
7.97988
12.9876
22.859
18.2324
16.847
18.4586
24.2392
2
13.5501
15.5649
12.8759
11.9424
15.5324
11.4226
10.103
9.04222
12.0605
10.501
8.34864
2
26
11.4707
10.2038
10.4221
13.0075
11.0191
12.2317
11.6024
7.3496
7.68213
15.1394
15.3265
16.6202
18.6959
11.3255
10.9881
12.7232
13.7014
16.105
26
10.9866
17.6561
17.2018
5.63214
14.3667
13.9544
12.7081
11.3796
12.3002
11.7384
10.7637
9.21173
17.4275
10.4719
10.5058
15.8516
19.023
10.101
13.8128
12.7324
10.9009
15.0822
14.6678
13.1107
13.3625
17.2788
11.7465
26
24.9262
15.8068
13.6714
10.7338
12.913
11.9291
11.4853
10.9911
22.7997
12.8046
24.4204
19.0653
26
13.1751
15.6457
13.0726
10.4311
10.3471
17.422
9.94789
10.5514
10.4876
8.19837
26
26
9.69719
26
14.3148
13.8507
11.6333
12.6873
10.8274
9.93897
10.3698
11.2959
4.14093
26
20.0334
6.78099
8.00223
8.55135
9.36043
8.36104
11.9561
7.65202
16.1589
6.86876
21.6068
26
7.26929
7.85644
8.71037
10.0413
11.6575
9.8159
12.0303
8.13046
8.48301
7.05676
26
11.7525
13.0149
8.48938
6.42393
9.65901
10.2454
9.06412
11.3555
8.04473
15.1126
8.90068
15.2579
