#HCal cosmic fit parameters obtained 3_1_2023
#Exponential fit for i PMTs -> y = P0_i*exp(-P1_i*x)+P2_i, P0_i = 
0
0
0
0
0
0
0
0
0
0
0
0
0
0
0
0
0
0
0
0
0
0
0
0
0
0
0
0
0
0
0
0
0
0
0
0
0
0
0
0
0
0
0
0
20
0
0
0
0
0
0
0
0
0
1.1833e-09
4.26308e-09
6.14175e-12
2.20909e-09
0
0
0
0
0
0
0
30
30
30
30
30
23.4859
0
0
0
0
0
30
20.0537
10.0886
30
9.88425
30
0
0
0
0
0
0
2.94598e-12
14.9766
30
1.66533e-15
0.192564
7.49401e-14
30
0
0
0
0
20
30
3.41398
30
30
21.3564
22.0516
1.20237e-12
0
0
0
0
16.089
17.2072
22.4129
30
30
30
30
30
0
0
0
0
23.5629
30
30
30
30
30
1.47882e-12
0
0
0
0
0
15.4851
27.2358
30
18.9976
30
30
30
23.2088
0
0
0
0
28.0364
30
7.85081
18.4119
30
30
6.72477
30
20
0
0
0
30
30
30
13.1991
30
30
1.32607e-10
30
22.7951
0
0
0
30
19.8649
20.0955
30
30
30
0
30
1.33393e-12
0
0
0
2.5866e-11
16.9398
20.2968
17.2563
19.9599
11.4801
30
4.16334e-14
0
0
0
0
7.89369e-13
0
30
30
30
30
18.379
30
18.1716
0
0
0
20
30
22.1081
30
30
1.67265e-08
4.4631e-13
30
0
0
0
0
30
30
30
29.9976
30
1.66533e-15
1.5008e-11
30
30
0
0
0
20
30
30
30
30
30
30
30
30
0
0
0
0
20
20
30
0
30
30
0
20
0
0
0
0
20
0
30
2.498e-14
3.01426e-13
20
30
20
0
0
0
0
28.7235
20
25.7166
22.0966
6.08347e-12
30
30
24.7213
0
0
0
0
0
30
20
20
30
2.16122e-08
1.13143e-11
20
