#HCal cosmic fit parameters obtained 3_1_2023
#Exponential fit for i PMTs -> y = P0_i*exp(-P1_i*x)+P2_i, P0_i = 
0
0
0
0
0
0
0
0
0
0
0
0
0
0
0
0
0
0
0
0
0
0
0
0
0
0
0
28.6411
30
22.5088
28.8471
28.4455
20
20
20
20
0
20
20
30
14.891
27.3839
25.8404
30
28.4594
20
20
20
0
20
30
30
14.7268
30
28.1572
7.24225
18.4758
30
20
20
20
29.7655
20.0975
26.5924
7.66496
14.7554
22.049
28.9751
25.2543
30
30
20
29.2603
28.7669
30
30
30
21.2428
14.28
27.3866
26.6046
30
8.12683e-13
0
20
30
30
26.7479
14.4104
9.65991
23.6839
16.253
30
21.7154
24.9018
20
20
29.2478
18.8314
10.6783
13.5363
2.95207
26.9787
30
27.066
24.8433
30
20
20
28.2505
24.1241
5.83787
29.273
6.6583
9.87004
17.8963
13.0197
19.5205
26.8599
20
20
30
28.158
7.03367
14.1591
25.5328
30
25.6438
30
26.8463
3.473e-06
20
20
25.3734
29.9997
24.7043
9.01127
13.1545
25.228
30
25.9474
22.9894
29.0602
20
20
30
1.33227e-14
10.3135
8.90592
7.37684
30
30
22.0277
30
23.7184
20
28.7245
24.8429
27.82
14.185
13.9375
8.15234
5.91268
29.9952
26.516
25.4776
24.0635
20
20
28.4515
21.5966
27.3952
25.198
14.6207
30
30
5.24385
20
0
29.8304
20
30
30
30
9.10594
16.6361
16.5945
26.213
27.1575
30
3.04263e-06
20
20
19.576
4.90759
27.0723
13.5969
7.65528
9.71224
30
17.3286
30
30
20
20
30
30
30
29.994
30
7.04581
11.5599
30
30
30
20
20
26.5968
30
17.8474
30
14.6028
30
30
21.4343
23.5932
25.2877
20
20
30
26.3056
26.6666
30
11.8573
30
30
15.1852
30
20
20
20
20
0
3.01549
1.56208e-12
22.0976
23.4675
24.1276
30
24.7221
27.9244
20
20
20
29.3528
27.8856
25.3891
24.0436
26.7542
30
20.3276
23.8425
20
20
20
20
23.0424
25.9638
24.4624
30
30
30
25.0882
3.35641
20
20
20
20
29.8576
5.32907e-14
30
20.0911
30
14.4949
22.4196
3.66374e-14
27.3165
20
