#HCal cosmic fit parameters obtained 3_6_2023
#Exponential fit for i PMTs -> y = P0_i*exp(-P1_i*x)+P2_i, P0_i = 
0
0
0
0
0
0
0
0
0
0
0
0
0
0
0
0
0
0
0
0
0
0
0
0
0
0
0
0
0
0
0
0
0
0
0
0
0
0
0
0
8.71571e-09
30
30
30
0
0
0
0
0
0
0
30
29.0797
16.319
19.795
30
30
20
20
0
0
0
0
5.70056
18.0131
16.278
30
30
30
15.6789
20.9302
0
0
0
0
29.021
30
30
3.81141
30
29.997
30
30
20
0
0
30
16.5232
19.9414
8.16187e-09
6.59149e-07
8.88206e-11
30
30
28.4216
20
0
4.12077
26.1928
7.19937
26.4125
8.68732
16.8261
30
3.41908
30
30
20
0
20
16.69
24.3962
30
30
30
30
30
1.56478
20
0
0
27.329
11.1994
5.64563
2.34344
30
12.6903
22.3848
20.2958
30
21.9574
0
0
23.3433
14.3137
10.376
12.5876
9.03461
14.255
1.0132e-09
14.3722
30
19.8138
0
0
0
16.2334
8.15913
1.61503
2.51886
30
4.82538
13.3644
30
9.65894e-14
20
0
20
24.4068
30
7.60563
30
0.604574
30
30
30
29.8756
20
0
22.0919
8.05501e-10
30
1.06778e-09
26.016
25.7377
7.57119
2.12804
0
20
0
0
20
30
13.394
10.8083
4.43069e-10
30
30
26
30
3.31069e-12
20
0
20
27.5983
8.71465
7.49095
20.3371
30
2.16493e-14
13.7556
7.72213
17.8332
30
0
20
20
30
30
30
23.975
30
18.6892
30
30
30
0
0
20
30
30
30
24.8722
30
4.2597
30
9.49241e-13
21.5681
0
0
20
20
30
30
30
30
10.9444
30
30
28.4029
0
0
0
21.6025
8.83403e-10
30
30
30
30
1.0475e-12
20.0217
18.5693
0
0
0
20
20
30
30
1.83187e-14
30
1.9984e-14
20
20
0
0
0
20
20
1.45034e-11
8.35998e-13
19.7669
19.0658
20
20
20
0
0
0
20
20
20
20
20
20
20
20
20
