#HCal cosmic fit parameters obtained 3_1_2023
#Exponential fit for i PMTs -> y = P0_i*exp(-P1_i*x)+P2_i, P1_i = 
0
0.2
0.445408
0.102536
0.109548
0.134451
0.0537126
0.0314638
0.0683029
0.0393966
0.998316
0.175524
0.2
0.2
0.379144
0.0451231
0.090874
0.0545752
0.0397747
0.0266203
0.0591479
0.0485565
0.0398776
0.107515
0.2
0.2
0.00381969
0.0687704
0.127766
0.0768334
0.0578731
0.0665778
0.0604615
0.0371054
0.372671
0.0182279
0.2
6.86682e-11
0.0734288
0.0412205
0.0557184
0.0645867
0.0711425
0.135879
0.135597
0.0395414
0.045981
0.0926308
0.2
0.0881825
0.141945
0.0798004
0.0619639
0.0715849
0.0741776
0.0613553
0.055426
0.0751999
0.0107539
0.177604
0.2
0.137269
0.0852442
0.122107
0.0445488
0.0444583
0.0823401
0.0895503
0.0523283
0.0586016
0.0959425
0.101087
0.2
1.63314e-13
0.179363
0.0435356
0.0817798
0.032269
0.0578098
0.0699912
0.0522453
0.0881191
0.117643
0.295527
0.0603046
0.122262
0.036506
0.0447789
0.0347617
0.0648566
0.0980029
0.0756215
0.0458545
0.0423182
0.0289178
0.0880516
0.2
0.00591179
0.148753
0.0373102
0.0474974
0.0362405
0.0724662
0.0862662
0.0554451
0.0389205
0.130427
0.0635158
1.02973e-13
0.0361772
0.0606063
0.0444373
0.0458062
0.067955
0.0392421
0.0971383
0.0392648
0.0903023
0.0941879
0.00155245
0.219634
0.152827
0.0703392
0.0574885
0.0795169
0.0582498
0.0623844
0.0609983
0.0494455
0.028994
0.177177
0.154341
0.350086
0.190883
0.154876
0.0531961
0.0680934
0.0702215
0.0618403
0.0471024
0.0566831
0.108508
0.110319
0.0170446
0.0988372
0.319449
0.0500016
0.0317916
0.0337318
0.0694331
0.0581186
0.103201
0.054449
0.121187
0.0957171
0.124725
0.0319913
0.0868867
0.0286251
0.0714888
0.0490268
0.0777101
0.0647165
0.0683566
0.0548615
0.0187854
0.0244304
0.110784
0.0157028
0.0747344
0.0702124
0.0318999
0.069468
0.0903194
0.057924
0.0565949
0.0312622
0.00846273
0.132603
0.0940924
0.0451826
0.170117
0.0327187
0.0418253
0.0656591
0.0973022
0.0913457
0.0724679
0.0416935
0.100893
0.0949638
0.00751463
0.0958815
0.0454672
0.0299681
0.0572019
0.0610466
0.116799
0.0987948
0.0721389
0.0577617
0.0619332
0.0351308
0.0231703
0.00500337
0.137457
0.0453813
0.0718526
0.123648
0.12022
0.047587
0.0431194
0.103706
0.0745146
0.0113681
0.0426913
0.0523147
0.00372567
0.0349483
0.0942178
0.0411619
0.0712298
0.118129
0.0802796
0.0835867
0.0505437
0.140073
5.55112e-17
0.286364
0.0356942
0.0296655
0.0420819
0.082605
0.115509
0.0634388
0.0878062
0.0464751
0.140763
0.0282908
0.0973184
0.801286
0.0611398
0.319007
0.081193
0
0.0481343
0.117445
0.0598012
0.0887871
0.0790671
0.124352
0.0317719
0.117253
0.102017
0.0904415
0.0138128
0.0373853
0.0445858
0.0558489
0.0589959
0.0269556
0.0587315
0.0819721
0.0471198
0
0.00648672
0.0856833
0.118081
0.0285447
0.0517352
0.0756951
0.0657926
0.0321494
0.0300621
0.0629925
0.119607
0.2
0.0658668
0.0367339
0.0510657
0.0578453
0.0510927
0.0412208
0.080997
0.035135
0.0260972
0.0251438
0.000721636
