#HCal cosmic fit parameters obtained 3_1_2023
#Exponential fit for i PMTs -> y = P0_i*exp(-P1_i*x)+P2_i, P1_i = 
0
0
0
0
0
0
0
0
0
0
0
0
0
0
0.2
0.2
0.2
0
0
0
0
0
0
0
0.2
0.2
0.2
0.0684689
1.73461e-12
0.2
0.2
0.2
0.2
0.2
0
0
0.2
0.000586276
0.16714
0.0277096
0.0623682
0.116399
8.27116e-15
7.89757e-13
7.50269e-06
0.2
0.2
0.2
0.2
0.0556441
0.0682468
0.0430318
0.0396458
0.149628
0.0253128
0.00251332
0.0447555
0.0760331
0.2
0
0.2
0.0760174
0.0410199
0.020145
0.0409676
0.087491
0.104167
0.0552617
0.00455985
0.0264673
0.2
0.2
0.2
0
0.0331726
0.0041046
0.0566885
0.0187365
0.0561653
0.0684159
0.000809102
0.00393661
0.000359197
0.2
0.0083423
0.0285703
0.0115756
0.0285107
0.103561
0.138902
0.105061
0.00510361
0.0400493
8.32667e-16
1.65072e-06
0.2
0.0929322
0.0265516
0.0465701
0.0306931
0.0354573
0.0307716
0.0443415
0.0757594
0.0220124
0.0016644
0.00185564
0.2
0.2
0.0566943
2.93099e-14
0.0237618
0.0496487
0.0425136
0.0375016
0.0196136
6.4948e-15
1.63758e-14
8.54758e-07
0.2
3.00093e-12
0.0080365
0.0473566
0.0447571
0.0228547
0.0694403
0.0599279
0.0540871
0.0370866
5.82867e-15
0.2
0.2
0.0476103
0.00487172
0.16341
0.0215111
0.0713262
0.0347097
0.0508857
0.0073922
0.00481706
1.12133e-14
5.49334e-06
0.2
0.0270654
0.0954606
0.150559
0.0677432
0.228308
0.0866785
0.0595562
0.0625417
0.111764
0.00329654
1.43942e-07
0.2
0.0684846
0.0478465
0.0401221
0.135326
0.0581689
0.056003
0.0415177
0.0717654
0.0389945
1.05471e-15
0.2
0.2
0.1416
0.034391
0.0213684
0.0273699
0.0574654
0.0588672
0.0396953
0.0275439
0.000637126
0.0909278
0.0174545
0.2
0.2
0.0337198
0.06506
0.00229762
0.126863
0.159191
0.0892896
0.0728969
0.0136598
1.20293e-13
0.0324425
0.2
0.2
0.0865789
0.142028
0.0317665
0.165676
0.0844268
0.0473574
0.0935066
0.0133589
0.00110998
0.495229
0.2
0.2
6.0657e-13
0.0371484
0.14845
0.0826378
0.0842318
0.0689146
0.0512448
0.0736482
1.23235e-13
0.2
0.2
0.2
5.86142e-08
0.0718842
0.00137003
3.53806e-12
0.0645047
0.0483159
0.000587368
0.2
0.2
0.2
0.2
0.2
0.2
0.2
1.99787e-07
0.2
0.2
0.2
0.2
0.2
0.2
0.2
0.2
0.2
0.2
0.2
0.2
0.2
0.2
0.2
0.2
0.2
0.2
0.2
0.2
0.2
0.2
0.2
0.2
0.2
0.2
0.2
0.2
0.2
0.2
0.2
0.2
0.2
0.2
0.2
0.2
0.2
0.2
0.2
0.2
0.2
0.2
0.2
0.2
0.2
0.2
0.2
0.2
0.2
0.2
0.2
0.2
0.2
0.2
0.2
0.2
