#HCal cosmic fit parameters obtained 3_1_2023
#Exponential fit for i PMTs -> y = P0_i*exp(-P1_i*x)+P2_i, P1_i = 
0
0
0
0
0
0
0
0
0
0
0
0
0
0
0
0
0
0
0
0
0
0
0
0
0
0
0
2.15006e-05
0.260243
6.66728e-12
0.00119073
0.000634896
0.2
0.2
0.2
0.2
0
0.2
0.2
0.0303167
0.0403602
3.77476e-15
0.0214644
0.0160157
0.000847276
0.2
0.2
0.2
0
0.2
0.00219718
0.0759142
0.0297465
0.19957
0.000765373
1.82077e-14
8.79002e-12
0.059313
0.2
0.2
0.2
6.33082e-07
0.0332192
2.92849e-05
0.0375478
0.0404373
1.18627e-12
0.0561837
1.78191e-14
0.0526309
0.024259
0.2
0.000226317
0.000514756
0.202163
0.188343
0.121544
0.0234758
0.0628905
0.00620004
5.55112e-17
0.00148922
0.651723
0
0.2
0.0396565
0.00355376
0
0.00490452
0.00480874
0.000855704
0.0232856
0.00102951
4.01179e-13
6.10623e-16
0.2
0.2
0.000131589
0.00994305
0.0244727
0.0598093
0.017952
9.89877e-05
0.0933872
2.0095e-14
2.51854e-13
0.0249348
0.2
0.2
5.78465e-12
0
0.00725289
0.000295134
0.0140919
0.025458
0.0293538
0.00657305
1.44329e-14
1.46753e-05
0.2
0.2
0.0458532
1.17684e-14
0.0263605
0.0847429
8.32667e-15
0.0011795
5.98465e-05
0.00137301
7.52509e-13
0.2382
0.2
0.2
2.39564e-12
0.000252088
5.55112e-17
0.0558638
0.0619651
0.000199915
0.00153485
1.66533e-16
1.44329e-15
0.000311514
0.2
0.2
0.0875502
0.115768
0.00866038
0.108773
0.0285347
0.101504
0.0768954
0.095471
0.109337
5.48532e-08
0.2
7.54275e-06
3.88578e-16
3.22079e-05
0.0776412
0.0860136
0.0200132
0.0264649
0.000453139
8.65974e-15
0
0.80521
0.2
0.2
5.82312e-14
0.00310174
0.000173281
0.131531
0.0674547
0.207613
0.000535575
0.00489348
0.2
0.201125
0.000284714
0.2
0.0522587
0.000702973
0.00171326
0.016599
0.0326794
0.0457831
0.0897914
3.94684e-14
0.0023571
0.796367
0.2
0.2
0.0520964
0.00892975
3.74441e-06
0.0765176
0.0480474
0.015694
0.00318065
0.114283
0.0082754
0.03894
0.2
0.2
0.0960991
0.0140643
0.00576327
0.000494091
0.171763
0.0563608
0.0107316
0.000817435
0.0677375
0.0336284
0.2
0.2
6.41154e-14
0.0909048
0.023075
0.00284866
0.0639397
0.123857
0.00103562
3.747e-14
3.55271e-15
7.82707e-15
0.2
0.2
0.0380046
2.17992e-13
1.11022e-15
0.10612
0.0345998
0.0122372
0.0608688
0.0364922
0.0150078
0.2
0.2
0.2
0.2
0
0.0134122
0.29446
6.55587e-14
1.16851e-13
3.36707e-05
0.00349642
4.13891e-13
9.94797e-07
0.2
0.2
0.2
4.90163e-14
4.4964e-15
1.11022e-16
2.96874e-13
2.38698e-15
0.0562295
0.0107733
1.29008e-13
0.2
0.2
0.2
0.2
1.06914e-13
1.68754e-14
2.31537e-13
0.00565565
0.00442308
0.0716189
1.28231e-14
0.00400817
0.2
0.2
0.2
0.2
1.2601e-14
0.510539
0.00756593
8.32667e-16
0.00147387
0.00417073
0
0.0971176
3.85066e-11
0.2
