#HCal cosmic fit parameters obtained 3_6_2023
#Exponential fit for i PMTs -> y = P0_i*exp(-P1_i*x)+P2_i, P1_i = 
0
0
0
0
0
0
0
0
0
0
0
0
0
0
0
0
0
0
0
0
0
0
0
0
0
0
0
0
0
0
0
0
0
0
0
0
0
0
0
0
0.0242801
0.00481211
0.00960489
0.0310295
0
0
0
0
0
0
0
0.00275271
0.113805
0.128608
1.06526e-13
0.00378703
0.0303495
0.2
0.2
0
0
0
0
0.0225979
0.0491426
0.0215149
0.0321109
0.0115054
0.0598771
0.175003
0.0403187
0
0
0
0
0.0178776
0.258909
0.0548511
0.0343454
0.00415508
0.000223599
0.11461
0.0982822
0.2
0
0
0.234153
0.145105
0.0247914
0.8805
0.303212
0.441511
0.610395
0.167895
0.0305013
0.2
0
5.18791e-12
0.00894242
0.0971378
0.00122655
0.0151752
0.0860599
0.00136991
0.0683914
0.129679
0.118058
0.2
0
0.2
0.0117475
0.0842673
0.198941
0.00314832
0.0883424
0.146959
0.17113
0.116116
0.2
0
0
0.0534888
0.0258576
0.0295024
0.0319644
0.163498
0.0227672
0.0653574
0.026547
0.0728922
0.0486551
0
0
0.0340711
0.109793
0.0750672
0.0690146
0.0310917
0.114495
0.0935336
0.138413
0.332977
0.0161523
0
0
0
0.0154927
0.0174667
0.00640099
0.0100291
0.161224
0.0195345
0.0285452
0.294991
0.272915
0.2
0
0.2
0.0736253
0.00358813
0.148835
0.336432
0.0262028
0.261311
0.0358112
0.0774635
1.66474e-05
0.2
0
0.054618
0.886164
0.198723
0.0489356
0.0717147
0.00312503
0.017825
0.366713
0
0.2
0
0
0.2
0.118759
0.0555001
0.0435639
0.0765348
0.0032969
0.137951
0.00997741
0.0330786
0.323017
0.2
0
0.2
5.55112e-17
0.0261499
0.0185144
0.0757556
0.149415
0.137181
0.000215704
1.54488e-12
1.55598e-12
0.0778986
0
0.2
0.2
0.112261
0.00810666
0.0017668
0.173225
0.309865
0.0547183
0.0383188
0.0135174
0.0355205
0
0
0.2
0.0342543
0.186068
0.00594302
0.00808626
0.206802
0.00938366
0.152188
0.378928
0.0121989
0
0
0.2
0.2
0.013234
0.138282
0.25761
0.480016
0.123804
0.2894
0.0444293
0.0162109
0
0
0
0.293925
0.246491
0.0641995
0.0266811
0.0588433
0.143782
0.395524
0.0222201
0.00793811
0
0
0
0.2
0.2
0.134428
0.0314067
0.15156
0.0245473
0.299433
0.2
0.2
0
0
0
0.2
0.2
0.29443
0.272321
0.00985462
0.00384739
0.2
0.2
0.2
0
0
0
0.2
0.2
0.2
0.2
0.2
0.2
0.2
0.2
0.2
