#HCal cosmic fit parameters obtained 3_6_2023
#Exponential fit for i PMTs -> y = P0_i*exp(-P1_i*x)+P2_i, P2_i = 
-48.0347
-56.8054
-48.8927
-47.0956
-50.6259
-49.3364
-49.0215
-48.1834
-48.8704
-50.3152
-48.5283
-73.8416
-46.919
-47.3429
-47.5799
-46.9908
-46.6695
-47.6518
-48.6908
-50.0505
-47.7079
-49.6809
-50.5053
-63.8954
-46.2153
-49.0356
-47.884
-46.9252
-47.6327
-48.3735
-47.9208
-47.3296
-48.1956
-47.1787
-51.4526
-54.5585
-43.4481
-48.8992
-47.6531
-47.2886
-47.9356
-49.1999
-48.3669
-48.9378
-50.0202
-50.5158
-49.2322
-47.5522
-77.3261
-77.9141
-78.8129
-77.9382
-78.4796
-80.0249
-78.9058
-79.3768
-79.9424
-82.9302
-79.6798
-81.5184
-49.0221
-43.5517
-48.899
-48.1709
-78.8598
-79.9696
-52.9063
-49.7782
-50.5007
-50.9346
-80.4924
-86.217
-51.9219
-49.3054
-56.3372
-50.0559
-49.3619
-47.0194
-50.396
-50.9161
-51.3435
-51.7086
-49.2248
-75.199
-52.2197
-45.9809
-50.0163
-49.5164
-50.289
-52.3869
-51.0429
-50.5812
-50.6046
-51.9768
-49.7675
-51.3175
-50.0666
-48.8363
-49.0014
-49.1756
-50.1938
-51.7004
-51.4267
-51.3467
-53.2244
-50.2211
-47.9239
-51.3013
-50.9888
-49.4613
-50.6122
-49.6749
-49.326
-50.3026
-51.1398
-51.258
-52.4703
-53.2311
-48.5604
-69.3658
-45.6089
-46.5525
-48.5031
-48.8238
-49.017
-50.1167
-50.8287
-50.6578
-52.38
-52.3679
-49.8546
-72.7624
-42.8747
-47.6312
-48.0795
-48.8746
-47.9655
-49.2835
-50.0667
-50.0001
-50.7953
-52.0633
-49.6973
-73.4523
-83.488
-80.7966
-79.9926
-77.0194
-80.4811
-78.0699
-77.9066
-78.0631
-79.454
-80.9326
-81.389
-85.2619
-55.4097
-48.0926
-47.8927
-48.4328
-48.9803
-49.1575
-49.5671
-49.4518
-50.4437
-51.2817
-51.6847
-68.129
-47.2518
-47.6056
-50.1814
-48.497
-48.3361
-48.9862
-49.8813
-49.9503
-51.0745
-66.6795
-53.0499
-42.2983
-79.2342
-78.43
-48.1099
-48.3075
-48.5406
-48.9026
-79.1965
-79.0564
-51.0186
-51.2509
-52.2029
-71.6743
-54.5619
-52.6964
-48.5393
-48.9372
-49.757
-49.7219
-50.9326
-52.709
-51.9372
-52.7572
-52.3876
-73.6609
-51.3023
-47.3463
-49.2002
-49.3883
-50.0768
-50.177
-50.0846
-49.72
-50.3023
-53.0339
-72.2667
-69.3908
-44.9261
-48.1925
-50.836
-48.0679
-49.2858
-50.6205
-49.3027
-49.5288
-50.6232
-50.8912
-50.4497
-74.2979
-51.1303
-46.3091
-47.158
-47.5998
-47.7013
-48.4024
-48.504
-51.3854
-50.2586
-48.5224
-49.3395
-48.6057
-56.102
-45.1897
-102.667
-46.9351
-97.7056
-47.9679
-47.1542
-48.4039
-49.1294
-48.2154
-50.7284
-44.2658
-42.2619
-48.6882
-48.5207
-48.2996
-48.8813
-48.444
-48.276
-46.73
-48.3393
-47.4705
-46.6655
-48.2639
-51.3338
-50.765
-50.268
-49.5665
-47.592
-47.5983
-47.9038
-46.4976
-46.3769
-46.8903
-70.3302
-49.0684
-63.1765
-62.2592
-50.9468
-48.7059
-51.3065
-45.6744
-48.5182
-49.3945
-51.3647
-49.8078
-47.8086
-52.8302
