#HCal cosmic fit parameters obtained 3_6_2023
#Exponential fit for i PMTs -> y = P0_i*exp(-P1_i*x)+P2_i, P2_i = 
0
0
0
0
0
0
0
0
0
0
0
0
0
0
0
0
0
0
0
0
0
0
0
0
0
0
0
0
0
0
0
0
0
0
0
0
0
0
0
0
-70.9445
-92.1644
-73.6292
-65.1652
0
0
0
0
0
0
0
-90.2056
-69.1854
-68.8968
-80.195
-69.4765
-82.7252
-80
-80
0
0
0
0
-70.0287
-69.5393
-75.2255
-88.9782
-90.214
-89.3788
-69.3371
-78.2082
0
0
0
0
-104.512
-73.1256
-73.8417
-75.4976
-96.7256
-95.365
-66.2038
-64.0193
-80
0
0
-73.8475
-72.2211
-84.6967
-78.7519
-82.2778
-75.463
-72.8146
-72.9385
-78.7003
-80
0
-73.6208
-87.3956
-70.316
-92.888
-77.0105
-71.9095
-100.687
-71.2876
-67.9662
-89.4169
-80
0
-80
-81.4664
-76.0727
-69.2582
-97.3254
-80.3929
-78.6682
-76.5872
-69.8492
-80
0
0
-73.6924
-72.09
-68.4347
-72.5678
-76.4491
-79.8415
-79.2746
-76.2162
-78.3099
-78.5597
0
0
-77.6843
-67.995
-70.7124
-72.5566
-73.3215
-73.4233
-74.1219
-71.4464
-82.9695
-80.1366
0
0
0
-79.3499
-68.9469
-72.1249
-68.4421
-70.0086
-71.0448
-71.5551
-69.9179
-96
-80
0
-80
-75.9432
-95.2798
-75.2025
-75.0086
-73.5305
-76.798
-85.6696
-90.1403
-45.3617
-80
0
-78.5777
-73.7222
-76.5859
-71.855
-79.5759
-98.387
-78.4138
-73.1957
0
-80
0
0
-80
-63.7958
-68.6203
-74.4351
-74.0128
-92.3788
-71.1283
-93.4388
-103.098
-100.5
-80
0
-80
-65.7649
-66.8011
-77.86
-72.0384
-73.5161
-76.9667
-81.0283
-78.3801
-80.0475
-101.71
0
-80
-80
-69.6862
-92.3519
-100.112
-72.6687
-73.2745
-70.4363
-92.8115
-79.2445
-87.1367
0
0
-80
-54.3633
-66.3795
-96.9247
-90.7406
-71.6992
-72.2008
-71.1504
-81.8334
-79.4079
0
0
-80
-80
-80.2735
-72.4749
-75.7003
-74.7635
-69.7534
-70.7442
-64.0923
-80.0064
0
0
0
-85.4856
-113.5
-69.6881
-88.1788
-78.133
-71.7968
-87.3334
-79.9864
-80.5082
0
0
0
-80
-80
-70.9346
-99.3052
-89.1
-105.125
-109.5
-80
-80
0
0
0
-80
-80
-132.5
-118.5
-80.1715
-80.7379
-80
-80
-80
0
0
0
-80
-80
-80
-80
-80
-80
-80
-80
-80
