#HCal cosmic fit parameters obtained 3_1_2023
#Exponential fit for i PMTs -> y = P0_i*exp(-P1_i*x)+P2_i, P2_i = 
0
0
0
0
0
0
0
0
0
0
0
0
0
0
0
0
0
0
0
0
0
0
0
0
0
0
0
-61.081
-38.9602
-77.0089
-62.0992
-64.5643
-80
-80
-80
-80
0
-80
-80
-47.8047
-51.601
-66.6373
-50.0191
-44.5755
-65.7608
-80
-80
-80
0
-80
-80.4013
-66.6687
-73.446
-74.6862
-96.0315
-77.4404
-81.3758
-65.934
-80
-80
-80
-34.2652
-45.9388
-69.0909
-70.8662
-73.6614
-77.6567
-51.1529
-72.4162
-49.2916
-145.215
-80
-59.6661
-62.9613
-73.5753
-49.6329
-44.1573
-41.045
-46.5843
-63.9868
-69.1232
-60.4962
-50.5
0
-80
-56.2292
-72.4076
-68.68
-60.4059
-65.7811
-77.0428
-65.1347
-73.6556
-78.0799
-73.0684
-80
-80
-56.0542
-51.7944
-44.6303
-42.6347
-45.6753
-67.0824
-47.5348
-67.7421
-73.1934
-17.5999
-80
-80
-62.9172
-74.5305
-45.0257
-69.4685
-49.9887
-46.8256
-50.409
-60.3142
-79.9371
-68.3407
-80
-80
-30.2387
-63.3564
-40.5223
-45.2651
-71.779
-73.252
-71.0965
-72.3855
-68.3463
-121.5
-80
-80
-72.1233
-76.3047
-73.4858
-46.7465
-43.6816
-72.4985
-76.409
-70.8168
-76.3542
-60.319
-80
-80
-98.3434
-86.9219
-72.9546
-85.9438
-74.3106
-73.9057
-71.2082
-70.3644
-62.346
-75.2184
-80
-60.2179
-73.1763
-65.4246
-47.1664
-53.3781
-46.9516
-46.2163
-74.1124
-69.3142
-70.2442
-50.5001
-80
-80
-62.2848
-57.9183
-66.4671
-42.1899
-45.5938
-46.5592
-75.711
-46.533
-80
-87.5
-50.2308
-80
-72.4672
-72.1542
-64.3091
-49.4004
-52.7573
-72.0352
-70.7917
-67.354
-69.3687
-56.5
-80
-80
-80.1415
-40.8155
-67.6887
-53.805
-46.2084
-47.7521
-84.0006
-57.9334
-69.0843
-36.4327
-80
-80
-41.341
-65.0845
-66.6329
-72.295
-51.8934
-48.5126
-54.3521
-78.7415
-76.6437
-28.4536
-80
-80
-69.0968
-37.1901
-48.6932
-73.4857
-51.119
-52.2693
-72.3934
-78.4201
-75.4223
-72.2877
-80
-80
-43.5178
-69.8702
-68.8653
-45.9841
-56.0311
-69.8366
-65.3856
-48.1816
-56.6928
-80
-80
-80
-80
0
-41.9422
-101.882
-77.5928
-75.6246
-74.1355
-70.2453
-73.4221
-0.423787
-80
-80
-80
-54.8528
-64.7317
-72.0645
-74.6839
-68.8289
-61.3555
-57.7257
-75.0092
-80
-80
-80
-80
-75.2924
-70.7638
-73.9232
-64.609
-68.4133
-46.548
-72.7099
-48.334
-80
-80
-80
-80
-45.8576
-78.0001
-79.6627
-79.8617
-80.6656
-66.9548
-77.1504
-72.3
-67.8165
-80
