#HCal cosmic fit parameters obtained 3_1_2023
#Exponential fit for i PMTs -> y = P0_i*exp(-P1_i*x)+P2_i, P2_i = 
0
0
0
0
0
0
0
0
0
0
0
0
0
0
0
0
0
0
0
0
0
0
0
0
0
0
0
0
0
0
0
0
0
0
0
0
0
0
0
0
0
0
0
0
-80
0
0
0
0
0
0
0
0
0
-89.2501
-67.8333
-121
-79.0002
0
0
0
0
0
0
0
-75.152
-80.9708
-84.0637
-91.2366
-93.0823
-76.9815
0
0
0
0
0
-68.7544
-79.9037
-77.043
-76.7002
-79.3623
-87.646
0
0
0
0
0
0
-77.0714
-82.1236
-87.4356
-85.8333
-70.9405
-89.7163
-98.616
0
0
0
0
-80
-94.7186
-73.2458
-92.4014
-77.7733
-72.7567
-74.7036
-90.55
0
0
0
0
-82.7319
-81.8144
-87.7554
-74.1268
-78.8135
-86.4151
-104.94
-126.08
0
0
0
0
-68.0432
-75.4661
-75.0572
-75.4237
-81.5027
-79.4865
-81.3696
0
0
0
0
0
-82.8981
-76.8633
-100.447
-81.2659
-86.8176
-74.5665
-75.4849
-75.8629
0
0
0
0
-66.1154
-93.8069
-83.0769
-82.0434
-83.183
-74.1238
-72.1908
-102.084
-80
0
0
0
-71.4464
-90.0388
-88.8514
-81.6112
-77.5134
-77.4555
-74.6262
-79.3727
-76.6285
0
0
0
-66.1185
-76.6492
-79.9032
-83.9903
-89.1314
-76.8576
0
-106.539
-66.5002
0
0
0
-84.6113
-82.4014
-77.2192
-75.8298
-85.4009
-80.4718
-79.045
-88.625
0
0
0
0
-96.5
-105.5
-77.5912
-77.427
-79.6157
-101.483
-84.2422
-81.0256
-81.4216
0
0
0
-80
-69.9934
-87.5546
-74.8133
-74.9599
-86.2935
-107.083
-80.4884
-177.5
0
0
0
-77.9849
-64.0989
-77.8393
-104.139
-94.8685
-87.6945
-83.694
-89.9908
-89.101
0
0
0
-80
-107.03
-79.6769
-84.7011
-89.136
-96.1385
-99.944
-90.3575
-76.7819
0
0
0
0
-80
-80
-79.5653
-66.3
-81.9155
-95.8509
0
-80
0
0
0
0
-80
-103.5
-111.161
-105.5
-85.3236
-80
-77.4771
-80
0
0
0
0
-16.2203
-80
-75.3256
-77.5966
-95.9286
-80.5047
-112.944
-52.5
0
0
0
0
0
-102.33
-80
-80
-81.0749
-82.5002
-172.5
-80
