#HCal cosmic fit parameters obtained 3_1_2023
#Exponential fit for i PMTs -> y = P0_i*exp(-P1_i*x)+P2_i, P2_i = 
0
-80
-77.72
-74.5435
-74.7147
-73.6683
-74.8764
-76.2696
-76.0009
-79.5408
-75.8104
-72.8425
-80
-80
-74.3867
-75.3624
-73.7688
-73.7643
-75.6923
-77.347
-75.431
-77.9155
-78.861
-78.9232
-80
-80
-99.9541
-73.7639
-72.3225
-72.7516
-77.5939
-75.2409
-75.3984
-78.1498
-75.9322
-76.641
-80
-78.1837
-74.1035
-74.4826
-73.449
-72.8398
-72.9509
-73.1322
-74.0457
-77.7146
-77.1927
-76.9457
-80
-67.7976
-73.8329
-74.5776
-74.3266
-74.7037
-74.8578
-74.7049
-74.2002
-75.1449
-77.7575
-78.3529
-80
-68.6524
-76.9871
-74.4577
-75.7778
-75.893
-75.2611
-75.2019
-75.9735
-77.072
-77.4234
-79.5647
-80
-79.5822
-75.6843
-77.2876
-75.8042
-78.766
-75.9812
-75.7069
-76.6236
-76.3623
-77.0356
-81.7462
-78.8929
-75.2177
-76.8535
-76.2193
-75.7364
-74.6562
-75.3815
-76.7766
-77.6337
-79.3798
-80.6419
-70.1178
-80
-81.42
-73.1128
-76.0342
-75.1549
-75.7523
-76.6827
-76.2095
-76.5178
-77.9564
-76.5311
-78.2283
-64.9653
-75.061
-73.3447
-74.0187
-74.5699
-75.2692
-76.9547
-76.2276
-77.0276
-76.1259
-75.7927
-100.95
-76.7961
-69.8834
-71.3243
-72.6606
-73.2155
-74.2378
-75.7917
-76.2011
-77.0778
-77.7682
-73.6007
-75.8825
-107.5
-70.001
-71.7353
-73.116
-73.2027
-73.3471
-75.1229
-75.2303
-74.8095
-75.044
-73.8352
-81.2896
-68.0356
-76.5489
-74.1318
-77.6322
-76.1635
-75.1425
-74.4673
-73.0895
-73.4599
-73.4235
-74.9677
-76.9257
-85.5779
-69.4721
-73.1092
-72.5636
-73.2845
-73.6618
-73.9452
-74.1304
-74.9412
-77.5994
-77.6987
-74.8792
-79.3673
-72.3013
-75.3421
-74.9355
-73.7948
-73.9262
-75.0245
-75.1524
-76.0122
-87.5334
-75.1021
-76.7361
-81.1331
-71.9711
-73.9648
-74.5061
-74.3039
-73.9957
-73.6224
-74.16
-74.6149
-74.8261
-76.8811
-86.6925
-77.6971
-73.6771
-74.3309
-72.9551
-74.3436
-73.6015
-74.3454
-75.346
-74.8128
-77.0428
-76.5554
-90.8578
-99.8745
-71.7316
-75.5319
-72.2796
-72.3387
-72.9647
-75.277
-76.2167
-74.8577
-75.9822
-80.4034
-82.9536
-76.2658
-98.6854
-77.6972
-73.2705
-73.8726
-73.8398
-74.0377
-74.2855
-73.3031
-73.8741
-72.8327
-74.5303
-125.5
-70.4643
-75.6118
-76.0502
-74.9136
-73.1585
-73.702
-73.4003
-72.8235
-71.5438
-73.2356
-76.7346
-70.9999
-73.9175
-114.15
-73.5715
0
-74.0044
-73.063
-72.366
-71.8247
-71.8889
-74.5924
-82.898
-91.5
-71.6327
-70.892
-73.8914
-72.3754
-72.0932
-71.4978
-71.8142
-73.7834
-73.2307
-74.6342
-80.3109
0
-96.2308
-72.1803
-71.1544
-71.4823
-71.5911
-71.8909
-72.1704
-71.9658
-73.6574
-75.3455
-79.5099
-80
-85.2755
-71.3005
-70.1562
-74.2895
-69.4341
-73.7278
-74.0815
-74.5931
-77.1741
-76.1304
-103.708
