#HCal gain coefficients from SBS-4 obtained 4_16_2022
#HCal_gainCoeff = 
0  0.00091867  0.00088163  5.382e-05  0.00088728  0.00010798  0.0006562  0.00157779  -0.00029041  -0.00029509  0.00047524  0.00199568  
0  0.0010614  0.00136657  0.0007807  0.00045669  0.00018068  -0.00041207  -0.00141742  -0.000762892  0.00033857  -0.00070197  0.00081277  
0  0.00023737  0.00063623  0.00070061  0.00040401  0.00017553  -0.000935909  -0.00063712  -0.00023009  0.00040693  -0.000881184  0.0014188  
0  0.00195595  0.00032407  0.00053005  6.339e-05  0.00021883  0.00013691  0.00033838  -0.00010288  0.00033062  0.00016594  0.00121845  
0  0.00114564  0.00056741  0.00038534  0.00039065  -4.49e-05  0.00027623  0.00022243  0.0002149  0.00027092  9.944e-05  0.00097894  
0.00364881  0.00174153  0.00079019  -4.166e-05  0.00012107  0.00012614  0.00033782  9.612e-05  5.81e-06  -0.00021028  -1.523e-05  0.00079265  
-5.627e-05  -0.00044476  -0.000783086  -0.00040379  -0.00053926  -0.00039373  0.0001078  6.004e-05  8.508e-05  0.00025068  -1.351e-05  0.00136957  
0.0013327  0.00197947  0.00080013  0.0006755  0.00013588  9.469e-05  0.00028854  4.18e-06  7.285e-05  0.00033202  0.00022725  0.00151762  
0.00337732  0.00141712  0.000624  0.00049892  0.00028045  -0.00014026  -0.00055028  0.00010589  -8.527e-05  0.00015801  1.975e-05  0.00125717  
0.00085136  0.00113451  0.00047348  0.00048933  6.14e-05  -0.00011209  -1.911e-05  -8.783e-05  0.00010743  0.00019299  -0.00019051  0.00130697  
0.00432633  0.00173856  0.00060369  0.00025456  0.00019897  1.758e-05  0.00013387  1.643e-05  0.00010465  0.00022599  -0.00048278  0.00041883  
0.0054798  0.00132353  0.00013761  0.0001943  -0.00034037  -0.00043042  -0.00021043  -1.165e-05  2.267e-05  0.0003461  0.00065923  0.00197126  
0.00059592  -7.888e-05  -1.307e-05  -0.00140924  -0.00070536  -0.00082998  -0.00024321  4.541e-05  0.00021525  1.972e-05  0.00053241  0.0017886  
0.00485769  0.00079332  0.00057964  -0.0001409  -0.00035396  -0.00022084  -0.0002113  0.00018139  -0.00029809  0.0005429  0.00095455  0.00204699  
0.00037358  0.0014028  -5.033e-05  0.00012637  -4.751e-05  0.00014173  9.6e-06  4.713e-05  0.00027973  -0.00146795  0.00075264  0.00166337  
0.00160189  0.00092784  0.0006322  0.00013996  -0.00029689  -0.00045341  -2.481e-05  0.00012615  0.00017496  0.0004879  0.00099045  0.00181526  
0.00174821  0.00033082  0.00068457  7.426e-05  -0.00056414  -0.00013077  -0.0002214  -0.00070933  5.417e-05  0.00026467  0.00093893  0.00165549  
0.00099887  0.00105964  0.00052678  -0.00016721  -6.734e-05  -0.00030067  -3.584e-05  0.00015508  0.00017204  0.00034136  0.00102177  0.00191691  
0.0032749  0.00117725  0.00050719  -0.00017031  -0.00011422  -0.00022774  -0.00015518  -5.531e-05  -0.0001434  0.00054904  0.00099889  0.0020375  
0.00257152  0.0011322  0.00042111  4.476e-05  -0.00010743  -0.0002047  -0.00025851  -0.00029794  7.338e-05  0.00065198  0.00121171  0.00197496  
0.0027694  0.00114505  0.00292872  -0.0001398  0.00068146  -0.00023156  -0.00043165  -7.967e-05  0.0001838  0.00038015  0.00051239  0.00235904  
0.00090122  0.00031662  0.00050118  0.00025294  3.346e-05  -4.5e-05  5.826e-05  4.812e-05  0.0001739  9.578e-05  0.00055078  0.00163812  
0  0.00228728  9.311e-05  0.00013862  -0.00010835  -0.00011256  -0.00025958  3.86e-05  0.00013636  0.0005108  0.00087937  0.00133539  
0.00556553  0.00558844  0.00094888  0.00061267  0.00029097  0.00071712  0.00066754  0.00065661  0.00020007  -0.00023343  0.00088376  0.00241878  
