#HCal Ratios from SBS-4 obtained 4_19_2022
#HCal_ratio = 
1
1
1
1
1
1
1
1
1
1
1
1
1
1
1
1
0.991564
1.13519
1.00217
1
1
1
1
1
1
1
1
1
0.686476
0.911801
0.619483
0.745848
0.921399
1
1
1
1
1
1
0.72521
0.881674
0.826129
1.0408
1.02614
1.00501
1.1492
1
1
1
1
1
0.874081
0.847225
0.830865
0.912248
0.892745
0.955832
0.964394
0.996583
1
1
1
1
0.877904
0.957676
1.00549
0.594922
0.97684
1.04717
0.707747
0.952119
1
1
1
0.338257
0.392732
0.733372
0.586872
1.02438
0.94583
0.993712
0.950528
1.08387
1
1
1
1
0.822958
1.00245
0.905901
1.00925
1.06707
1.04229
1.02216
1
1
1
1
1
0.683722
0.874756
0.979503
1.03077
0.903719
1.01151
0.928786
1.00948
1
1
1
0.896228
0.88301
0.959701
0.986429
1.09104
1.11751
1.03119
0.95233
1.03453
1
1
1
0.699467
0.828945
0.955506
0.98841
0.950257
1.05364
0.986174
1.05186
0.967233
1
1
1
0.885667
0.859954
1.23358
1.36596
1.15614
1.0299
0.962323
1.08666
1
1
1
1
0.604335
0.659586
0.678658
0.836678
1.1817
0.958645
0.942576
0.765912
1
1
1
1
0.833955
0.882815
0.871497
1.12943
1.0534
0.985258
1.03709
0.920198
1
1
1
1
0.915941
0.831406
1.01898
0.968451
0.966743
0.967871
0.913823
0.656553
1
1
1
1
1.01391
0.832912
1.0214
1.05446
1.10342
1.03896
0.896997
0.913203
1
1
1
1
0.80463
0.90432
0.808518
1.01949
0.974423
0.949362
0.855446
0.694132
0.90581
1
1
1
0.930308
0.824721
1.02606
1.03371
1.09267
1.04595
0.925455
0.77516
0.965353
1
1
1
0.962414
0.936741
1.16053
0.964918
1.01941
1.01334
0.974483
0.732465
0.780925
1
1
1
1
1.01385
1.11319
0.977796
1.14533
0.979779
0.950874
0.764376
0.761127
1
1
1
1
0.875931
0.484547
1.11721
1.00221
1.15898
0.96932
0.78297
0.856354
1
1
1
1
1.03533
1.00804
1.13026
1.07716
1.03085
0.973582
0.797714
0.821752
1
1
1
1
0.909515
1.05988
1.13882
1.09929
0.898625
0.968545
0.806528
0.889324
1
1
1
1
1
1
1
1
1
0.89271
1
1
1
