#HCal cosmic fit parameters obtained 9_14_2022
#Exponential fit for i PMTs -> y = P0_i*exp(-P1_i*x)+P2_i, P1_i = 
0.017961
0.000263741
0.0545811
0.0782144
0.144794
0.109889
0.105897
0.115567
0.109549
0.0557757
0.0527993
0.101125
0.22316
0.0252923
0.000557334
0.0314322
0.12895
0.0874602
0.113898
0.0224776
0.150893
0.0947188
0.0287782
0.154399
0.109523
0.223967
0.00193546
0.0498628
0.100071
0.118669
0.0674008
0.0999358
0.0790243
0.0705921
0.138272
0.115327
0.166268
0.0286672
0.154235
0.0434357
0.0817975
0.0835971
0.0694498
0.143263
0.0944584
0.0529132
0.0646448
0.00144319
0.0171494
0.0557293
0.124391
0.0630089
0.0713262
0.0771491
0.0864783
0.0915215
0.112229
0.0697738
0.0573166
0.074582
0.0249767
0.056305
0.118577
0.0775147
0.062649
0.0700102
0.175019
0.0753927
0.0945863
0.119437
0.0487985
0.0909766
3.27516e-15
0.20101
0.162954
0.101211
0.0681512
0.0292041
0.123763
0.0872895
0.0619215
0.0801735
0.108374
0.117511
0.0166475
0.04318
0.0493165
0.0683604
0.0740693
0.075787
0.125713
0.109897
0.0652526
0.0532961
0.080803
0.0147775
0.00330912
0.137068
0.0582411
0.0539581
0.0741255
0.0525273
0.115335
0.0813539
0.0824195
0.0633545
0.0316228
0.100874
0.0805747
0.0551899
0.109869
0.066786
0.105535
0.0992029
0.0878879
0.103136
0.0684705
0.0781238
0.12921
0.0243725
0.00495185
0.0561301
0.0581149
0.105858
0.0906566
0.101832
0.0758531
0.0944217
0.0672166
0.0561243
0.160768
0.0474214
0.000916802
0.0425956
0.102211
0.0649353
0.129287
0.109467
0.0749272
0.0817229
0.0691817
0.0850517
0.128769
0.078109
0.0692134
0.132606
0.0785684
0.0543386
0.105505
0.106903
0.0926386
0.116464
0.0820494
0.105302
0.10606
0.0811429
0.00165148
0.0468316
0.0692346
0.0594211
0.0880422
0.092577
0.0998195
0.0892964
0.117454
0.0738925
0.117027
0.0266757
0.0665173
0.0589556
0.0622288
0.062274
0.127561
0.0922336
0.0789331
0.092639
0.0338854
0.0109536
0.067417
0.0672322
0.0211657
0.0526257
0.0550163
0.0647372
0.0877171
0.111423
0.0992289
0.08927
0.0692267
0.0863443
0.0545576
0.0464287
0.0786763
0.150017
0.0738703
0.0851187
0.0978118
0.134222
0.111093
0.110752
0.0719388
0.0807071
0.110219
0.0839855
0.131568
0.0397862
0.0602956
0.0615811
0.0836478
0.128712
0.113716
0.137478
0.0791436
0.0982154
0.0414219
0.0703241
0.0160841
0.117714
0.0426469
0.088938
0.114604
0.108593
0.100854
0.120292
0.0971422
0.051386
0.0805258
0.0809255
0.0207731
0.0389851
0.0684436
0.0791831
0.0781506
0.0910134
0.0995426
0.0882189
0.108751
0.114619
0.050523
0.0822942
0.0862063
0.097221
0.328093
0.070025
0
0.0728913
0.114482
0.084849
0.0673688
0.0806445
0.0709983
0.0803423
0.0022532
0.147402
0.0418544
0.0497805
0.0986366
0.0628705
0.0447595
0.0775867
0.0761965
0.0475023
0.0468917
0.0689644
0
0.000576947
0.0583341
0.0649666
0.0754114
0.121968
0.0755334
0.0692252
0.0427669
0.0467455
0.0756881
0.0925921
0.0485898
0.034328
0.0741318
0.0362328
0.0616938
0.0556767
0.061589
0.0415771
0.0416386
0.0502247
0.0431359
0.0203425
