#HCal ADCt offsets obtained 1_10_2024 for gmn config 11
#Offsets obtained from fits over ADCt distributions.

sbs.hcal.adc.timeoffset =
81.2395 82.166 81.0272 80.9116 25.4127 94.2318 93.5923 96.6476 84.104 81.6578 76.9827 39.8953 
-47.9268 -49.4979 -29.1232 -30.3672 -33.5777 -35.6214 -33.8003 -31.9933 -29.2032 -28.3084 -41.7111 -12.1223 
-8.79823 6.76763 5.19346 1.36868 20.4633 17.7499 21.7689 21.0378 5.19025 56.7928 6.65252 17.052 
54.3016 56.1106 54.7228 56.6554 69.7967 68.8207 69.5592 69.5438 56.9899 55.782 56.9594 25.8651 
58.8813 57.5537 60.5063 58.7774 51.1324 51.8217 72.9604 74.0388 60.2576 59.2414 40.4921 39.4803 
55.9808 56.0329 56.8179 57.9087 52.83 49.4522 69.2045 72.2285 57.7918 59.2269 38.3907 37.6283 
57.8713 57.679 58.175 59.7999 69.7987 72.9711 68.6495 70.893 55.2273 56.9824 54.8368 53.152 
36.6665 37.1907 38.0903 38.2022 51.4963 50.4394 51.0134 52.3158 41.6274 40.0632 40.4738 38.3892 
57.5479 55.6628 58.1231 57.117 52.0313 49.9635 72.5371 72.7495 58.4511 58.3961 39.1436 37.6429 
58.2485 56.9305 37.5608 38.2336 49.3387 50.7858 69.5357 70.0261 38.7259 40.1479 37.4319 37.3766 
54.3565 56.2675 57.4392 57.2158 48.9273 50.6661 69.122 69.2048 57.1811 57.1797 39.673 38.2732 
37.4386 36.0222 38.9891 40.3851 69.9469 70.2902 52.4522 52.8388 39.4982 39.8598 56.5623 56.3768 
60.5269 60.8123 61.7735 63.4982 76.016 71.5317 75.8522 76.1696 60.7397 61.8669 57.2695 56.4771 
55.3219 58.363 57.7393 59.3189 68.7092 71.1095 68.3909 70.7795 57.9307 59.5952 56.205 56.8396 
38.4182 37.5887 38.8823 40.4932 69.4373 67.7165 51.9103 52.5992 39.5104 42.8713 56.2324 55.5157 
53.8446 56.774 56.7389 57.1191 69.7067 69.9276 68.1619 70.077 58.7243 57.7915 68.5351 55.4185 
56.4118 56.6704 58.4825 58.3657 73.3654 66.8897 72.9629 74.6163 58.1918 60.6767 57.3949 57.7806 
55.4983 58.3422 51.7817 58.7724 68.2729 67.2386 68.5897 71.3938 57.072 57.9868 55.4529 57.7156 
56.3109 59.3088 55.407 58.6278 68.5813 69.9176 69.6451 68.6924 57.1489 57.9994 54.6679 57.1505 
55.0976 53.879 55.1621 55.6396 70.6158 69.4188 68.0485 71.6566 56.1973 54.7336 57.3986 57.2926 
57.0157 58.1449 56.1475 58.2588 54.3397 49.3277 70.7405 71.7115 57.8353 59.5498 39.6382 40.6215 
57.4854 57.4946 54.482 55.9691 49.369 46.5758 66.7451 68.882 57.0105 56.7344 38.191 35.7997 
-267.471 53.8128 54.4045 54.6879 48.9817 46.4448 70.0198 68.6942 54.6332 55.5469 37.6374 34.5786 
37.7727 38.8145 37.0333 36.528 48.4704 47.644 50.7661 53.8023 36.181 37.1286 38.1921 37.2464 



(inverted) sbs.hcal.adc.timeoffset =
-122.169 -121.243 -122.382 -122.497 -34.7299 -109.177 -109.817 -106.761 -119.305 -121.751 -126.426 -79.2519 
8.02642 6.45532 26.83 25.5861 22.3755 20.3319 22.153 23.96 26.75 27.6449 14.2421 -24.6013 
-20.728 -5.16211 -6.73628 -10.5611 8.53353 5.82013 9.83913 9.10803 -6.73949 -56.8468 -5.27722 -18.1653 
-60.4366 -58.6276 -60.0153 -58.0828 -44.9415 -45.9175 -45.179 -45.1944 -57.7482 -58.9562 -57.7787 -26.0789 
-59.8764 -61.204 -58.2514 -59.9803 -67.6253 -66.9359 -45.7972 -44.7188 -58.5 -59.5162 -78.2655 -79.2773 
-60.8707 -60.8186 -60.0336 -58.9428 -64.0216 -67.3993 -47.6471 -44.6231 -59.0597 -57.6246 -78.4609 -79.2233 
-54.8197 -55.0121 -54.516 -52.8912 -42.8923 -39.7199 -44.0415 -41.798 -57.4637 -55.7087 -57.8543 -59.539 
-80.4589 -79.9347 -79.0351 -78.9232 -65.6292 -66.6861 -66.1121 -64.8097 -75.498 -77.0622 -76.6516 -78.7362 
-58.6021 -60.4871 -58.0268 -59.033 -64.1187 -66.1864 -43.6129 -43.4005 -57.6988 -57.7538 -77.0064 -78.5071 
-56.5352 -57.8532 -77.2228 -76.55 -65.4449 -63.9979 -45.2479 -44.7575 -76.0577 -74.6357 -77.3517 -77.407 
-61.3946 -59.4836 -58.3118 -58.5352 -66.8237 -65.0849 -46.629 -46.5462 -58.5699 -58.5713 -76.078 -77.4778 
-79.4416 -80.858 -77.8911 -76.4951 -46.9333 -46.59 -64.428 -64.0413 -77.382 -77.0204 -60.3179 -60.5034 
-57.972 -57.6866 -56.7254 -55.0007 -42.483 -46.9673 -42.6468 -42.3294 -57.7592 -56.632 -61.2294 -62.0218 
-62.5678 -59.5268 -60.1504 -58.5709 -49.1806 -46.7803 -49.4989 -47.1103 -59.9591 -58.2946 -61.6848 -61.0501 
-79.0384 -79.8679 -78.5743 -76.9634 -48.0193 -49.7401 -65.5464 -64.8574 -77.9462 -74.5853 -61.2242 -61.941 
-64.0288 -61.0994 -61.1345 -60.7543 -48.1667 -47.9458 -49.7115 -47.7964 -59.1491 -60.0819 -71.2517 -62.4549 
-61.3155 -61.0569 -59.2448 -59.3616 -44.3618 -50.8375 -44.7643 -43.1109 -59.5355 -57.0506 -60.3324 -59.9466 
-63.1608 -60.3168 -66.8774 -59.8867 -50.3861 -51.4204 -50.0693 -47.2652 -61.587 -60.6722 -63.2061 -60.9434 
-59.8965 -56.8986 -60.8004 -57.5796 -47.6261 -46.2898 -46.5623 -47.515 -59.0585 -58.208 -61.5396 -59.0569 
-60.8104 -62.029 -60.7459 -60.2684 -45.2922 -46.4892 -47.8595 -44.2514 -59.7107 -61.1745 -58.5094 -58.6154 
-59.2978 -58.1686 -60.1659 -58.0547 -61.9738 -66.9858 -45.5729 -44.6019 -58.4782 -56.7637 -76.6752 -75.6919 
-60.1394 -60.1302 -63.1427 -61.6556 -68.2558 -71.049 -50.8797 -48.7428 -60.6142 -60.8904 -79.4338 -81.8251 
267.471 -61.8777 -61.2861 -61.0027 -66.7088 -69.2458 -45.6708 -46.9964 -61.0574 -60.1436 -78.0532 -81.112 
-78.2521 -77.2103 -78.9915 -79.4968 -67.5544 -68.3808 -65.2587 -62.2224 -79.8438 -78.8962 -77.8327 -78.7784 



