#HCal ADCt offsets obtained 1_10_2024 for gmn config 11
#Offsets obtained from fits over ADCt distributions.

sbs.hcal.adc.timeoffset =
41.1173 42.0438 40.905 40.7894 56.9236 54.1096 53.4701 68.4441 43.9818 41.5356 36.8605 -22.0759 
43.1095 41.5384 61.913 60.6691 57.4586 55.4149 57.236 59.043 61.833 62.7279 49.3252 -30.2286 
-6.72234 8.84352 7.26934 3.44457 22.5392 19.8258 23.8448 23.1137 7.26614 8.01376 8.7284 7.48411 
56.17 57.979 56.5912 58.5238 71.6651 70.6891 71.4276 71.4122 58.8583 57.6504 58.8278 19.0225 
60.7242 59.3966 62.3492 60.6204 52.9753 53.6647 74.8034 75.8818 62.1006 61.0844 42.3351 41.3233 
57.7632 55.9804 56.7654 57.8561 52.7774 49.3997 69.1519 72.1759 57.7393 69.9769 38.3381 -27.3717 
60.6974 60.5051 61.0011 62.6259 72.6248 75.7972 72.9289 75.6439 58.7188 59.5033 169.164 -23.4284 
38.4909 39.0151 39.9147 40.0266 53.3207 54.9019 53.4753 54.384 43.2407 40.4387 39.5538 39.2141 
169.233 57.9036 60.3639 59.3577 55.3426 52.045 75.3612 75.8412 61.2492 60.629 36.5405 141.536 
61.1476 59.8297 40.46 41.1328 52.4944 53.8673 72.1824 73.2931 41.0774 42.9869 50.851 -21.1728 
55.0748 59.1487 60.3205 60.3188 51.239 54.166 72.1894 72.2 60.3172 59.6571 42.0159 41.091 
-12.5852 39.0326 41.2743 44.9123 73.0164 73.1454 56.078 55.4086 41.7873 44.5286 59.1202 58.3917 
62.8465 63.1319 64.0931 65.8178 77.9737 75.1608 79.0955 78.3072 62.859 63.3283 58.1114 55.6427 
57.5257 60.5667 59.9431 62.3055 70.4513 73.4214 70.7978 73.0592 59.9462 61.5626 56.4302 59.2702 
41.0397 40.2102 41.5038 42.6639 71.9071 70.3022 54.3941 55.5829 41.7572 47.9882 58.5319 -57.7138 
56.3568 59.2862 59.2511 59.6313 72.7765 72.5565 70.7659 72.3853 61.1785 60.8622 60.7456 51.5826 
58.861 59.1196 60.9317 60.8149 74.915 69.7204 74.8649 77.789 61.0978 63.0704 60.1938 57.3252 
57.4492 60.2931 53.7326 60.7233 70.2373 68.7837 70.5516 73.9691 59.3557 59.463 56.6131 60.2409 
24.582 62.0411 58.1392 63.2729 67.9407 74.4998 72.2316 71.8631 59.7514 59.5583 55.7534 180.754 
58.2767 57.0581 58.3412 58.8187 73.7949 73.182 71.962 73.7377 59.5812 58.0575 60.1823 61.7029 
60.8654 61.9945 59.9972 62.1084 58.1894 52.6369 75.0021 75.4377 61.1654 61.9303 43.4209 45.2838 
59.8581 59.8673 56.8547 58.3418 51.0744 48.6813 68.8188 71.4574 60.2096 59.8934 39.0008 36.7994 
-271.841 57.103 57.6946 57.9781 54.7263 50.6584 73.8543 70.3997 57.0434 58.8546 40.852 37.0729 
-5.47154 40.8799 39.0987 38.5934 49.7865 51.7884 209.104 55.5745 38.7845 39.9015 40.0716 37.505 



(inverted) sbs.hcal.adc.timeoffset =
-82.0471 -81.1206 -82.2594 -82.375 -66.2408 -69.0548 -69.6943 -78.5578 -79.1826 -81.6288 -86.3039 -17.2807 
-83.0099 -84.581 -64.2063 -65.4502 -68.6607 -70.7044 -68.8833 -67.0763 -64.2863 -63.3914 -76.7942 -6.49502 
-22.8039 -7.23799 -8.81217 -12.6369 6.45764 3.74424 7.76324 7.03214 -8.81537 -8.06775 -7.35311 -8.5974 
-62.305 -60.496 -61.8837 -59.9512 -46.8099 -47.7859 -47.0474 -47.0628 -59.6166 -60.8246 -59.6471 -19.2362 
-61.7194 -63.047 -60.0944 -61.8232 -69.4683 -68.7789 -47.6402 -46.5618 -60.343 -61.3592 -80.1085 -81.1203 
-62.653 -60.7661 -59.9811 -58.8903 -63.969 -67.3468 -47.5945 -44.5705 -59.0072 -68.3745 -78.4083 -14.2233 
-57.6458 -57.8381 -57.3421 -55.7173 -45.7184 -42.546 -48.3209 -46.5489 -60.9553 -58.2297 -172.182 17.0414 
-82.2833 -81.7591 -80.8595 -80.7476 -67.4536 -71.1486 -68.574 -66.8779 -77.1113 -77.4377 -75.7316 -79.5611 
-170.288 -62.7279 -60.2676 -61.2737 -67.43 -68.2679 -46.437 -46.4922 -60.4969 -59.9867 -74.4033 -182.401 
-59.4344 -60.7523 -80.122 -79.4492 -68.6006 -67.0794 -47.8946 -48.0245 -78.4092 -77.4747 -90.7708 -18.8576 
-62.1129 -62.3649 -61.1931 -61.6383 -69.1353 -68.5848 -49.6964 -49.5414 -61.706 -61.0488 -78.4209 -80.2956 
-29.4178 -83.8684 -80.1763 -81.0223 -50.0028 -49.4452 -68.0539 -66.6111 -79.6711 -81.6892 -62.8759 -62.5183 
-60.2917 -60.0063 -59.045 -57.3203 -44.4407 -50.5964 -45.8901 -44.467 -59.8785 -58.0933 -62.0714 -61.1875 
-64.7716 -61.7305 -62.3542 -61.5575 -50.9227 -49.0922 -51.9058 -49.39 -61.9746 -60.2621 -61.91 -63.4808 
-81.6599 -82.4894 -81.1958 -79.1341 -50.4891 -52.3258 -68.0302 -67.8411 -80.193 -79.7022 -63.5237 51.2885 
-66.541 -63.6115 -63.6466 -63.2665 -51.2365 -50.5747 -52.3155 -50.1047 -61.6034 -63.1525 -63.4623 -58.619 
-63.7647 -63.5061 -61.694 -61.8108 -45.9114 -53.6682 -46.6663 -46.2836 -62.4416 -59.4442 -63.1313 -59.4912 
-65.1116 -62.2677 -68.8282 -61.8375 -52.3506 -52.9655 -52.0312 -49.8405 -63.8707 -62.1483 -64.3662 -63.4687 
-28.1676 -59.6309 -63.5327 -62.2247 -46.9855 -50.872 -49.1488 -50.6857 -61.6611 -59.767 -62.6251 -182.66 
-63.9895 -65.2081 -63.925 -63.4475 -48.4713 -50.2524 -51.773 -46.3325 -63.0946 -64.4984 -61.2931 -63.0256 
-63.1475 -62.0183 -64.0156 -61.9044 -65.8234 -70.2951 -49.8345 -48.3281 -61.8083 -59.1441 -80.4579 -80.3542 
-62.5121 -62.5029 -65.5154 -64.0283 -69.9612 -73.1545 -52.9534 -51.3182 -63.8133 -64.0494 -80.2436 -82.8248 
271.841 -65.1679 -64.5763 -64.2928 -72.4534 -73.4594 -49.5053 -48.7019 -63.4675 -63.4513 -81.2678 -83.6063 
-35.0079 -79.2757 -81.0569 -81.5622 -68.8706 -72.5252 -223.596 -63.9946 -82.4473 -81.6691 -79.7122 -79.037 



