#HCal gain coefficients from SBS-8 obtained 5_12_2022
#HCal_gainCoeff = 
0  0.00091867  0.00088163  5.382e-05  0.00088728  0.00010798  0.0006562  0.00157779  -0.00029041  -0.00029509  0.00047524  0.00199568  
0  0.0010614  -3.48093e-05  -2.80935e-05  3.1605e-05  0.000148968  -0.000481676  -0.00141742  -0.000762892  0.00033857  -0.00070197  0.00081277  
0  -0.00120092  -0.000998959  -0.000320278  -0.000210269  -0.000521432  -0.000897229  -0.00063209  -0.000396208  0.00040693  -0.000881184  0.0014188  
0  -9.80924e-05  -0.000507738  -0.000574596  -0.000651079  -0.000242687  -0.000504437  -0.000453681  -0.000603438  0.00033062  0.00016594  0.00121845  
0  -0.000439768  -0.000354441  -0.000534152  -0.00028525  -0.000278292  -0.000144543  -0.00010289  -0.000241284  0.00027092  9.944e-05  0.00097894  
0.00364881  0.000275427  -0.000205873  -0.000485105  -0.000420267  -0.000325982  -0.000242492  -0.000263652  -0.000141582  -0.000320307  -1.523e-05  0.00079265  
-5.627e-05  -0.00142606  -0.00143256  -0.000835973  -0.000400405  -0.000403013  -0.000275722  -0.000340695  0.000159662  0.00025068  -1.351e-05  0.00136957  
0.0013327  5.58204e-05  -0.0003086  4.09545e-05  -0.000474702  -0.000451474  -0.000119105  -0.000207771  -9.67666e-06  0.00033202  0.00022725  0.00151762  
0.00337732  -0.000205493  -0.000784117  -0.000144319  -0.000196402  -0.000468016  -0.000675433  -0.000344686  -0.000238193  0.00015801  1.975e-05  0.00125717  
0.00085136  -0.000308894  -0.000422998  -0.000144858  -0.000357611  -0.000473451  -0.0002949  -0.000345845  -0.000137749  0.000163049  -0.00019051  0.00130697  
0.00432633  2.40786e-05  -0.000353091  -9.01536e-05  -0.000274182  -0.000105927  -9.83582e-05  -0.000218288  -2.50314e-05  0.00022599  -0.00048278  0.00041883  
0.0054798  4.49113e-06  -0.000386538  3.43528e-05  -0.000578612  -0.00062088  -0.000438491  -2.10886e-05  -0.000228847  5.67084e-06  0.00065923  0.00197126  
-0.00130047  -0.00122474  -0.000859922  -0.00101937  -0.000757773  -0.00061459  -0.000439261  -0.000216438  -0.00014003  -0.000189197  0.00053241  0.0017886  
0.00485769  -0.000502011  -0.000373272  -0.000653623  -0.000641276  -0.000356082  -0.000454211  -0.000173779  -0.000344377  0.00037093  0.00095455  0.00204699  
0.00037358  7.52183e-05  -0.000690745  -0.000251004  -0.000150987  -0.000261466  -0.000122172  -9.38673e-05  -9.6121e-05  -0.00143838  0.00075264  0.00166337  
0.00160189  -0.000424438  -0.000351881  -0.000347722  -0.000487072  -0.000448408  -0.000377897  -9.5486e-05  -0.000248763  7.66824e-05  0.00099045  0.00181526  
0.00174821  -0.000917504  -0.00011823  -0.000468928  -0.000751688  -0.000548527  -0.00049898  -0.000673478  -0.000648036  -0.000106414  0.000205259  0.00165549  
0.00099887  -0.000325043  -0.000461399  -0.000572099  -0.000408391  -0.000716843  -0.000304834  -0.000148982  -0.000169604  -6.60648e-05  0.000522621  0.00191691  
0.0032749  0.00117725  -0.000261145  -0.000463108  -0.000531906  -0.000606038  -0.000259878  -0.000149455  -0.000600438  -5.53625e-05  0.00099889  0.0020375  
0.00257152  -0.000103358  -0.000358998  -0.00045636  -0.000196211  -0.000670866  -0.000566604  -0.00064997  -0.00011313  -8.38688e-05  0.000462676  0.00197496  
0.0027694  -0.000274362  -0.00122283  -0.00041329  0.000611198  -0.000735212  -0.000736663  -0.000385842  -0.000271355  -0.000353527  -0.000371363  0.00235904  
0.00090122  -0.000581105  -9.91935e-05  -0.000216272  -0.000152953  -0.000271752  -0.000352863  -0.000384613  -0.000155579  -0.000595651  -1.49541e-05  0.00163812  
0  0.00228728  9.311e-05  0.00013862  -0.00010835  -0.00011256  -0.00025958  -0.00026806  -0.000259914  3.94059e-05  0.00087937  0.00133539  
0.00556553  0.00558844  0.00094888  0.00061267  0.00029097  0.00071712  0.00066754  0.00065661  0.00020007  -0.00023343  0.00088376  0.00241878  
