#HCal Ratios from SBS-8 obtained 5_12_2022
#HCal_ratio = 
1
1
1
1
1
1
1
1
1
1
1
1
1
1
0.550346
0.680407
0.807365
0.983575
0.947975
1
1
1
1
1
1
0.276286
0.31474
0.583415
0.714821
0.638041
1.04751
1.00452
0.890705
1
1
1
1
0.445745
0.598949
0.515517
0.606004
0.765588
0.660107
0.620729
0.696101
1
1
1
1
0.452485
0.602206
0.569393
0.684255
0.863121
0.792337
0.835066
0.767833
1
1
1
1
0.580097
0.607878
0.740424
0.71068
0.759015
0.722049
0.80512
0.916055
0.928541
1
1
1
0.248184
0.328307
0.678963
1.11469
0.993156
0.793561
0.778604
1.04064
1
1
1
1
0.484203
0.565226
0.738386
0.676235
0.703926
0.800031
0.879174
0.954727
1
1
1
1
0.487669
0.406859
0.713979
0.76515
0.796392
0.895681
0.757218
0.908139
1
1
1
1
0.499602
0.596813
0.716796
0.768681
0.779377
0.840666
0.844772
0.868001
0.98459
1
1
1
0.508542
0.593498
0.828035
0.75723
0.930126
0.876728
0.867123
0.930078
1
1
1
1
0.570839
0.722322
0.917735
0.830989
0.855666
0.851867
0.99457
0.858114
0.837589
1
1
0.191623
0.314316
0.512443
2.14411
0.949827
1.23411
0.869888
0.854157
0.819219
0.881949
1
1
1
0.490693
0.590962
0.68136
0.794192
0.911558
0.842132
0.816107
0.96812
0.924999
1
1
1
0.57892
0.623212
0.798881
0.93922
0.786864
0.925112
0.921543
0.814827
1.10484
1
1
1
0.495012
0.586903
0.741962
0.869121
1.00386
0.795334
0.881867
0.77988
0.816248
1
1
1
0.400081
0.67025
0.702242
0.841846
0.742002
0.818409
1.03445
0.610787
0.815809
0.727151
1
1
0.507167
0.565975
0.744193
0.797315
0.712851
0.843075
0.840394
0.822249
0.805187
0.819917
1
1
1
0.659605
0.814648
0.744656
0.751489
0.934351
0.944447
0.715525
0.737107
1
1
1
0.571314
0.640687
0.720787
0.94595
0.698333
0.793432
0.757565
0.897712
0.693649
0.747094
1
1
0.509711
0.112675
0.830152
0.971103
0.66831
0.76864
0.816699
0.764632
0.655575
0.609372
1
1
0.565607
0.733307
0.765738
0.895477
0.867008
0.772642
0.759342
0.828744
0.625399
0.754112
1
1
1
1
1
1
1
1
0.828548
0.789927
0.791492
1
1
1
1
1
1
1
1
1
1
1
1
1
1
