#Error and performance report from SBS-4 obtained 3_21_2023

0.00175 0.00058443 0.00222432 0.00278781 0.00141687 0.00266948 0.0045079 0.00656102 0.00403126 0.00181321 0.0053662 0.00374568 
0.00175 0.00415292 0.00178169 0.00218451 0.00293315 0.00352876 0.00183794 0.000292827 0.00125121 0.00198036 0.00141854 0.00293469 
0.00175 0.000233265 0.000485955 0.00208958 0.00166011 0.00237296 0.000346052 0.00109383 0.00156211 0.00232935 0.000393767 0.00460803 
0.00171632 0.00161084 0.00188763 0.00131612 0.001734 0.00186817 0.00272668 0.00278058 0.0027778 0.00303633 0.0025406 0.00180093 
0.00424028 0.00122283 0.0019645 0.00207111 0.00229427 0.00178025 0.00243345 0.00231105 0.00283464 0.00306179 0.00241806 0.00214807 
0.00107737 0.00264584 0.00208716 0.00216252 0.00234726 0.00274798 0.0017399 0.00266387 0.00247032 0.00149258 0.00218826 0.00292072 
0.00169044 0.000146492 0.000122449 0.000423724 0.00114852 0.000978303 0.00274055 0.00230618 0.00291143 0.00301026 0.00212902 0.00199859 
0.00394754 0.00161013 0.00179143 0.00216903 0.00233855 0.00205251 0.00290763 0.00299693 0.00329358 0.00308902 0.00273149 0.0036574 
0.00157529 0.00153591 0.0010162 0.00160671 0.0025658 0.00242871 0.00200471 0.00237503 0.00260674 0.00276104 0.00263548 0.00224541 
0.00152819 0.0013803 0.0018411 0.00251417 0.00257329 0.00241445 0.00306474 0.00284077 0.00279835 0.00296688 0.00227622 0.00276503 
0.00238312 0.00170587 0.00171539 0.00227919 0.00273302 0.00283051 0.0028265 0.00296962 0.00286057 0.00311663 0.00149511 0.00263428 
0.00167333 0.00191283 0.00172338 0.00245347 0.00325804 0.00348356 0.00270787 0.00292857 0.00247412 0.0033094 0.00346494 0.00210758 
0.000454098 0.000164011 0.000506105 0.000465518 0.000682307 0.00137297 0.00324259 0.00275144 0.00263848 0.0016675 0.00220947 0.00204441 
0.00518418 0.00116801 0.00189619 0.00175844 0.00164001 0.00270178 0.0022854 0.00288629 0.00218583 0.00283408 0.00296493 0.00149495 
0.00176668 0.00187477 0.00151959 0.00213283 0.00271368 0.00257735 0.00263606 0.00277226 0.00259295 0.000221688 0.00254536 0.00191721 
0.0031097 0.00108819 0.00212793 0.00205705 0.0024154 0.00205947 0.00287378 0.00306613 0.0022908 0.00249895 0.00299943 0.00221331 
0.00272451 0.000644929 0.00195507 0.00213211 0.00153696 0.00264401 0.00223753 0.00133787 0.00159179 0.00168377 0.00219853 0.00120276 
0.00190742 0.00133878 0.0017975 0.00150099 0.00262624 0.00222908 0.00297746 0.00317343 0.00248509 0.00194684 0.00300264 0.00265739 
0.0030871 0.00356052 0.00240331 0.00205278 0.00314367 0.00227937 0.00248241 0.00284585 0.00186643 0.00198175 0.00215359 0.00179671 
0.00213073 0.00187365 0.00196725 0.00226806 0.00366394 0.00214717 0.00244841 0.00168324 0.00244195 0.00214929 0.00191171 0.00221909 
0.00427955 0.00178582 0.000382063 0.00216874 0.00151805 0.00255156 0.00139318 0.00282379 0.00246142 0.00173615 0.00163429 0.00254632 
0.0043351 0.00123934 0.00301644 0.00291798 0.00333166 0.0035661 0.00302282 0.00267667 0.00254519 0.00136217 0.00218136 0.00200217 
0.00175 0.00416375 0.00254263 0.00275994 0.00295191 0.0032552 0.00261428 0.00228991 0.00275103 0.0021696 0.00343656 0.00314327 
0.00731553 0.00100861 0.00156825 0.00239794 0.00258004 0.00255047 0.00397189 0.00203885 0.00275821 0.00246508 0.00215367 0.00254222 

Loading previous gain coefficients from file for pass0 kinematics: /u/home/sbs-gmn/pass0/SBS_REPLAY/SBS-replay/DB/db_sbs.hcal.dat..
pass0 is 1


Old ADC gain params from pass0 db file: 
0.00175 0.00266867 0.00263163 0.00180382 0.00263728 0.00185798 0.0024062 0.00332779 0.00145959 0.00145491 0.00222524 0.00374568 
0.00175 0.0028114 0.00168388 0.00165362 0.00176223 0.00191629 0.00127553 0.00033258 0.000987108 0.00208857 0.00104803 0.00256277 
0.00175 0.000549083 0.000775478 0.00143323 0.00133923 0.00150582 0.000878316 0.00116677 0.00122135 0.00180183 0.000868816 0.0031688 
0.00175 0.00165191 0.00138037 0.00117046 0.00117154 0.00130065 0.00149967 0.00168174 0.00171157 0.00208062 0.00191594 0.00296845 
0.00175 0.00131023 0.0015652 0.00146996 0.00149789 0.00122581 0.0015918 0.0015631 0.00183514 0.00202092 0.00184944 0.00272894 
0.00539881 0.00224432 0.00157432 0.00144749 0.00150163 0.00162213 0.00117414 0.00165062 0.00156161 0.00147743 0.00173477 0.00254265 
0.00169373 0.000275533 0.000298944 0.000599265 0.00105645 0.00086871 0.00160354 0.00151191 0.00183094 0.00200068 0.00173649 0.00311957 
0.0030827 0.00186074 0.00144928 0.00160785 0.00141713 0.00129993 0.00175116 0.00180068 0.00199998 0.00208202 0.00197725 0.00326762 
0.00512732 0.00154451 0.000979505 0.00125333 0.00154216 0.00139283 0.00116208 0.00143264 0.00162997 0.00190801 0.00176975 0.00300717 
0.00260136 0.00148176 0.00146341 0.00166698 0.0014947 0.00141715 0.00175344 0.00170741 0.00169573 0.00209187 0.00155949 0.00305697 
0.00607633 0.00171058 0.00137975 0.00161664 0.00163906 0.00177731 0.00175405 0.00177746 0.00180745 0.00197599 0.00126722 0.00216883 
0.0072298 0.00174206 0.00140851 0.00154404 0.00161964 0.00169163 0.00147921 0.00176682 0.00154032 0.00213906 0.00240923 0.00372126 
0.000449533 0.000488912 0.000590922 0.000582451 0.000745794 0.00101917 0.00161642 0.00168821 0.00159181 0.00142471 0.00228241 0.0035386 
0.00660769 0.00120219 0.00137378 0.00110814 0.00108169 0.00150119 0.00135809 0.00178457 0.00133372 0.00214296 0.00270455 0.00379699 
0.00212358 0.0017905 0.00117037 0.00140173 0.00156192 0.00156128 0.00162737 0.00171791 0.00172918 0.000244951 0.00250264 0.00341337 
0.00335189 0.00127896 0.00148071 0.00133853 0.00136398 0.00118429 0.00160078 0.00182872 0.00147448 0.00191438 0.00274045 0.00356526 
0.00349821 0.000794794 0.00150729 0.00127622 0.00111391 0.00139497 0.00137369 0.000975249 0.00109081 0.00155438 0.00195526 0.00340549 
0.00274887 0.00140077 0.00135238 0.00107242 0.0015003 0.00127913 0.00167818 0.00187533 0.0015864 0.0015361 0.00244788 0.00366691 
0.0050249 0.00292725 0.00159332 0.00131823 0.00154002 0.00129025 0.00152842 0.00172602 0.00125051 0.00149605 0.0020386 0.0037875 
0.00432152 0.00164664 0.00152238 0.00133137 0.0018508 0.00123938 0.00137083 0.00119434 0.0016172 0.00155701 0.00168128 0.00372496 
0.0045194 0.00171242 0.000476805 0.001309 0.00130803 0.00128104 0.00124791 0.00160076 0.00154403 0.00131706 0.00138985 0.00410904 
0.00265122 0.00116889 0.00190811 0.00166903 0.00179654 0.00185825 0.00169268 0.00158463 0.00158704 0.00105741 0.00183152 0.00338812 
0.00175 0.00403728 0.00184311 0.00188862 0.00164165 0.00163744 0.00149042 0.00142973 0.00163888 0.00171401 0.00262937 0.00308539 
0.00731553 0.00733844 0.00269888 0.00236267 0.00204097 0.00246712 0.00241754 0.00240661 0.00195007 0.00151657 0.00263376 0.00416878 

Loading fit parameters..
0 14.5633 8.95173 17.3472 12.7293 12.2767 25.4411 17.9539 22.3913 9.90257 10.7764 16.7482 
0 26 8.49953 6.6391 13.1903 14.078 8.23051 4.38014 9.98249 15.1027 8.88553 11.6562 
0 2 17.7223 10.4393 8.78211 9.42778 8.51011 10.7919 13.1797 13.3277 12.1034 17.6097 
0 15.6823 11.0005 9.57027 9.23892 10.768 10.0198 16.5583 12.5917 13.7025 16.5115 20.5197 
0 17.4406 12.7675 12.7662 11.4663 9.99478 13.476 14.0953 13.3551 14.3855 8.89152 26 
23.1582 14.8472 13.924 13.4985 12.6652 11.6367 13.442 12.4108 13.0175 11.3557 22.4697 25.9252 
12.9112 11.9673 9.32568 11.117 11.4044 26 12.4556 12.4035 12.8745 16.1343 16.2733 26 
26 19.4939 10.5434 12.0471 10.384 9.8499 12.835 10.8929 11.7081 10.9371 12.8021 7.89632 
26 26 14.1862 12.0575 10.048 10.2486 11.5288 11.6521 12.5492 11.9265 9.73937 26 
25.1893 22.7823 13.0153 10.9548 10.0683 12.0822 12.1964 13.4174 11.5463 13.6816 19.4539 12.9284 
23.3521 21.3461 11.4603 13.3668 13.6453 11.533 14.166 10.9548 12.7382 10.8753 19.9742 11.5664 
15.2747 9.52432 17.2829 10.8849 13.8778 12.5362 9.81165 11.8971 10.5744 24.3991 12.8342 23.9493 
16.817 10.969 14.0991 7.18686 8.41552 9.4699 14.4677 15.4008 15.7899 17.0717 26 26 
26 13.8897 11.2161 10.4231 10.2777 11.9377 11.2731 12.8804 11.9609 11.4285 26 26 
12.6621 16.1927 12.0785 11.1308 14.8735 14.4555 12.2344 11.3231 9.86784 7.26707 15.9324 26 
26 13.4468 8.90534 12.1662 11.3315 12.4657 14.4261 12.7237 12.4014 22.0236 24.0915 26 
26 11.169 12.3072 14.3844 8.64873 16.4382 12.9868 8.77579 13.8054 21.8771 26 25.7659 
18.5095 24.0056 15.23 11.3844 12.3541 11.4407 12.6931 11.8399 14.7852 14.1502 14.5827 26 
26 15.596 10.7033 16.4516 11.5903 13.0589 15.1552 12.9708 11.5633 12.4247 20.112 26 
26 19.6471 16.6175 12.4037 12.2126 11.2596 11.3232 11.0394 14.9077 15.5414 14.4988 24.273 
26 26 7.65848 11.4571 0 10.7447 14.7987 12.0556 16.8286 16.3264 26 18.8243 
26 19.8392 16.035 10.6142 11.3503 12.4971 13.7176 11.6595 15.6459 12.8527 13.8038 26 
0 26 12.7852 14.5527 8.52467 12.5023 10.3375 10.4619 12.0693 10.8538 20.4402 26 
26 26 12.0047 10.1467 9.7809 13.2203 10.0372 15.9923 11.0301 11.0498 14.8016 26 


TDC Timewalk Fit P1 vs Channels: 
0 0.0451835 0.01 0.043861 0.105995 0.0557784 0.0707201 0.0311707 0.041251 0.0323707 0.0197681 0.0304801 
0 0.0413911 0.0354998 0.01 0.0465389 0.0614282 0.039047 0.0203406 0.0320994 0.0388267 0.0121507 0.119464 
0 0.01 0.0660583 0.0263539 0.0439409 0.0417227 0.0534964 0.0475289 0.0424347 0.0304898 0.0968088 0.0119991 
0 0.0304592 0.0230999 0.0323878 0.0295755 0.0378549 0.0276676 0.0560466 0.0362434 0.0315627 0.0446115 0.0605064 
0 0.0120314 0.0375895 0.0405527 0.0326129 0.0381516 0.0354498 0.0414609 0.037732 0.0339033 0.0280129 0.11163 
0.0945314 0.0294775 0.0314855 0.0337246 0.0408617 0.0441358 0.0451058 0.0325372 0.0358765 0.034344 0.0958763 0.073227 
0.01 0.0157434 0.0260053 0.0458637 0.047977 0.020658 0.0353415 0.0340401 0.0249558 0.03743 0.0516854 0.063049 
0.0906523 0.114635 0.0349495 0.0434781 0.0430556 0.045294 0.0515305 0.0412734 0.0394951 0.0328945 0.0470148 0.0305769 
0.11544 0.0759814 0.0396423 0.0303904 0.0292002 0.0363698 0.0547932 0.0343079 0.0271666 0.0196313 0.0104276 0.0926571 
0.0649687 0.0605949 0.0681013 0.0419026 0.0414709 0.0442072 0.0348161 0.036234 0.0452919 0.0514723 0.0693777 0.0260801 
0.0438263 0.0519965 0.0314075 0.0433695 0.0613079 0.0538425 0.0443337 0.0304315 0.0317445 0.0167681 0.139166 0.0141772 
0.0451556 0.0199261 0.0743111 0.0356162 0.0555502 0.03965 0.0310326 0.0456954 0.0365469 0.0687178 0.0374112 0.0461593 
0.0315446 0.01 0.0479116 0.0295225 0.0547086 0.0480935 0.0383795 0.0474145 0.0442838 0.0546993 0.0702107 0.0625382 
0.0297113 0.0414735 0.0297559 0.0328745 0.0426591 0.0410673 0.039909 0.033168 0.0344467 0.0168615 0.0517063 0.0779697 
0.0739791 0.064778 0.0528786 0.0448661 0.0546091 0.0501871 0.0413816 0.0383064 0.0286248 0.0179925 0.034685 0.0566592 
0.0391748 0.0308204 0.0221705 0.0291335 0.0429368 0.0461626 0.0421732 0.0348377 0.0282509 0.0667096 0.0598418 0.0516901 
0.0564164 0.0338292 0.0346777 0.0429029 0.0494623 0.0576498 0.0542117 0.0409693 0.0420593 0.059455 0.0574923 0.0389875 
0.103896 0.0799455 0.043655 0.0389387 0.0421708 0.0508789 0.0412779 0.0324296 0.0461929 0.0437271 0.0194023 0.0605453 
0.0489413 0.0251682 0.0233709 0.0576224 0.0346832 0.0541537 0.0533156 0.041347 0.0385014 0.0241881 0.0449617 0.0925879 
0.0455709 0.0360058 0.0539729 0.031858 0.0356966 0.0411549 0.041315 0.0461283 0.0466279 0.0467889 0.0318032 0.0600201 
0.0288762 0.0585165 0.01 0.0300676 0 0.0339246 0.102734 0.0411086 0.0463254 0.0451171 0.12802 0.0786642 
0.02472 0.0519962 0.0280417 0.0178486 0.0378839 0.0467535 0.0285676 0.0318287 0.0372499 0.02897 0.039233 0.100222 
0 0.0446129 0.0350191 0.038225 0.0277999 0.0478344 0.0318161 0.0331362 0.0257086 0.0191681 0.0486309 0.0674497 
0.034266 0.184811 0.0537863 0.0227744 0.0312812 0.0502271 0.0232522 0.0477146 0.0301882 0.0327738 0.0406673 0.123576 


TDC Timewalk Fit P2 vs Channels: 
0 -80.6803 -77.9325 -74.1676 -73.6319 -73.9272 -73.9152 -74.7145 -75.8587 -75.5714 -77.2404 -74.173 
0 -78.0695 -72.0608 -74.7709 -72.878 -72.9887 -74.8818 -76.7265 -76.3141 -75.7663 -78.8474 -77.6489 
0 -69.294 -72.973 -73.551 -72.4882 -72.5252 -77.1573 -74.8455 -74.2996 -75.5885 -75.5048 -76.6883 
0 -74.3761 -74.2569 -73.5542 -73.5923 -73.1784 -73.3943 -72.9831 -74.3049 -75.3213 -75.1332 -72.5237 
0 -79.4526 -74.3036 -74.0682 -74.4068 -74.9146 -74.8031 -74.1238 -74.217 -75.331 -76.1809 -77.2076 
-76.0374 -67.1275 -75.1663 -74.7264 -74.9629 -74.8152 -74.6691 -74.9478 -75.356 -75.9304 -75.7813 -78.7033 
-65.216 -71.1124 -78.4693 -75.389 -76.0483 -78.5682 -75.1117 -75.0485 -76.0819 -75.3868 -75.0353 -80.0279 
-76.1913 -70.0441 -75.551 -75.8086 -75.0108 -74.8746 -75.198 -76.1155 -76.5025 -77.6467 -76.8406 -68.1653 
-73.4728 -73.4756 -76.5606 -76.5152 -76.1603 -76.3834 -76.7211 -76.7075 -77.2372 -78.5682 -80.6202 -78.4808 
-72.5974 -73.0815 -73.8694 -74.4728 -75.1858 -76.0255 -75.627 -75.8058 -76.0789 -76.1586 -76.6538 -78.1548 
-71.1339 -73.1125 -73.9137 -73.8486 -74.3019 -74.7552 -75.6402 -75.9825 -77.0015 -77.5756 -73.5403 -81.2706 
-74.436 -74.6399 -73.1425 -73.7492 -72.9384 -73.6323 -75.0831 -74.3335 -75.0045 -74.8024 -73.3231 -70.9478 
-65.5745 -77.8939 -72.5327 -76.8066 -74.1248 -74.6106 -73.815 -72.9619 -72.9787 -73.4497 -72.8293 -72.6815 
-75.1902 -71.527 -72.8568 -73.3378 -72.928 -73.8644 -73.5487 -74.0262 -74.9187 -75.7735 -73.4841 -72.0968 
-69.6336 -71.8839 -75.4406 -73.9963 -73.4524 -73.613 -74.7364 -74.5757 -75.2017 -79.8295 -73.8217 -71.2499 
-73.1497 -73.1292 -72.6175 -74.0641 -73.714 -73.6457 -73.4677 -73.76 -74.2348 -73.9628 -73.849 -72.2598 
-76.1485 -75.8528 -73.392 -73.8541 -74.2067 -74.2792 -74.775 -75.7087 -75.3616 -75.1096 -72.8377 -78.3834 
-75.3958 -71.307 -74.9289 -73.6534 -73.9891 -74.4063 -75.1306 -75.5592 -74.9449 -75.0731 -76.6955 -72.1173 
-66.0203 -73.9555 -76.3484 -72.7852 -73.5926 -73.5462 -74.0099 -73.794 -73.632 -73.4921 -72.8365 -67.2397 
-75.6019 -72.2762 -72.2065 -75.2848 -74.6402 -73.498 -74.2652 -74.1526 -73.4451 -72.8808 -73.1421 -72.8335 
-71.4151 -68.4662 -116.796 -73.3186 0 -73.4687 -72.2172 -71.999 -72.1266 -71.0954 -72.657 -71.9931 
-64.6407 -72.2608 -73.1363 -73.5839 -72.6614 -72.331 -71.8953 -71.6763 -71.9404 -72.2928 -73.0605 -75.9311 
0 -72.3928 -72.4457 -71.9928 -71.5859 -71.6367 -72.0531 -71.9181 -71.4468 -73.1307 -73.9356 -77.6525 
-82.706 -74.7641 -71.0708 -70.5242 -74.2642 -69.1238 -73.7613 -73.5417 -74.4811 -75.1714 -73.917 -73.4634 


ADCt Timewalk Fit P0 vs Channels: 
0 6.38943 2 3.32998 5.51046 3.14372 5.21581 6.40877 6.7508 8.07892 9 9 
0 6.33301 2.9983 2 4.10644 3.09094 3.86006 2 2.81005 5.79675 3.65351 3.13751 
0 2 8.68922 3.96951 4.26425 3.47754 4.28744 6.16658 5.44107 4.91441 6.38081 9 
0 9 4.34943 5.23492 3.87603 4.85458 4.08777 6.46221 3.95034 5.8402 7.47709 9 
3.56183 9 7.39928 5.763 4.09417 3.73001 5.97543 5.88412 4.09624 4.56807 3.19741 2.9007 
9 9 6.46524 5.23393 4.39076 4.35613 7.2906 6.86288 5.06493 5.7682 4.05675 7.19589 
8.57064 9 7.17566 5.25101 6.26096 7.28269 5.28573 5.5449 4.28078 5.83986 4.83701 9 
9 4.28274 4.20929 4.88029 3.16588 3.71329 4.13635 4.51038 3.55613 4.45204 5.2604 6.89911 
9 9 7.79911 6.23096 3.33157 4.20505 4.37326 5.31935 3.90411 5.06356 2.94592 8.35731 
9 7.97369 4.22509 2.2643 2.47359 4.56932 4.7261 4.66978 2.32972 4.19588 3.67082 7.94032 
9 9 5.54216 3.59015 3.29271 3.67298 5.63885 4.15315 4.36152 4.95847 4.61593 8.86988 
6 6.1554 3.40342 3.27486 3.87194 4.30097 4.05927 4.72909 3.25776 3.44816 5.10662 9 
9 2 6.64886 3.43808 4.40559 3.88881 5.88416 5.77118 4.08854 6.14173 8.5966 9 
9 7.71668 4.5407 3.05277 3.6801 5.07901 5.3107 7.26144 4.08133 5.79426 9 9 
7.59523 6.72928 3.17373 3.03192 6.19984 6.27202 5.23169 4.52581 3.5177 2.96283 9 9 
9 7.13187 3.95322 3.79573 5.04826 4.18767 5.0518 5.89006 4.44892 7.97328 9 9 
9 5.63406 4.505 4.47932 4.17055 5.68842 5.17143 4.50389 4.68649 8.93668 8.42726 9 
6.41477 8.40834 6.62543 4.64922 5.5243 3.69966 4.92669 5.97374 5.51952 7.44655 9 9 
9 9 4.04656 3.74118 3.01918 4.12096 6.79336 4.81301 3.60888 6.58838 9 9 
9 9 5.7836 4.41713 4.59308 5.15242 4.53879 5.29724 4.03732 4.98692 8.29327 9 
9 9 8.29362 4.55655 4.84629 3.52861 4.85311 4.58562 6.01134 6.72344 3.49866 7.74652 
9 7.75664 5.2543 4.53206 4.09769 2.76624 4.15335 5.6481 4.98801 5.20421 4.25321 6.01338 
0 9 4.66615 3.09078 2.29082 2.11726 4.78869 4.83319 3.84489 4.6672 5.06989 8.49098 
9 8.35083 6.33898 4.27149 4.19301 6.09552 3.96446 6.74101 3.46808 3.22915 6.80652 9 


ADCt Timewalk Fit P1 vs Channels: 
0 0.05 0.05 0.0226359 0.05 0.0152374 0.05 0.0233483 0.0147387 0.016736 0.0333646 0.0307311 
0 0.0228874 0.05 0.05 0.05 0.0216519 0.05 0.05 0.05 0.0215175 0.05 0.05 
0 0.05 0.0436431 0.012969 0.0470394 0.05 0.05 0.05 0.05 0.0187453 0.05 0.0122268 
0 0.05 0.05 0.05 0.0276361 0.0343243 0.0206334 0.05 0.05 0.0149896 0.0499998 0.05 
0.05 0.05 0.05 0.05 0.0174504 0.0190047 0.0230015 0.0431422 0.0208799 0.05 0.05 0.05 
0.05 0.0405175 0.0485313 0.0329202 0.0445285 0.0489438 0.05 0.05 0.0487577 0.0188021 0.0316768 0.0104556 
0.05 0.017342 0.00921122 0.05 0.05 0.0487012 0.0251706 0.035282 0.0285268 0.0169229 0.0333755 0.0357538 
0.05 0.0488665 0.0332686 0.05 0.0155323 0.05 0.0276455 0.0209403 0.0161289 0.0136432 0.00846726 0.05 
0.05 0.05 0.05 0.05 0.0160153 0.05 0.0174233 0.0469569 0.011838 0.008 0.008 0.05 
0.0348032 0.05 0.0494941 0.0314653 0.0237323 0.05 0.0216365 0.018723 0.0147984 0.0317365 0.05 0.05 
0.05 0.0484192 0.05 0.0295611 0.05 0.05 0.0337804 0.0150032 0.05 0.008 0.05 0.008 
0.05 0.05 0.0385818 0.0356869 0.0297272 0.0152341 0.05 0.04814 0.049351 0.0180601 0.05 0.0432327 
0.0270634 0.0339603 0.028136 0.05 0.05 0.0288244 0.0295864 0.0409908 0.05 0.0447113 0.05 0.0340449 
0.0401951 0.05 0.0321614 0.0499992 0.0182018 0.0483261 0.0445164 0.05 0.0163395 0.00997133 0.0360835 0.048556 
0.05 0.05 0.0212925 0.0156164 0.05 0.05 0.0394372 0.0289179 0.05 0.05 0.05 0.05 
0.014334 0.0318952 0.05 0.0143788 0.0484479 0.0192163 0.0337481 0.038548 0.0473242 0.05 0.05 0.0455638 
0.049761 0.0277967 0.05 0.0493005 0.0280422 0.0497364 0.0355825 0.0337584 0.032705 0.05 0.05 0.0347917 
0.05 0.05 0.05 0.0497106 0.0497021 0.033919 0.043913 0.0349775 0.05 0.05 0.05 0.0464226 
0.05 0.0468905 0.05 0.05 0.0335324 0.0288175 0.05 0.0213116 0.0423372 0.05 0.0431398 0.05 
0.0334203 0.05 0.05 0.0136963 0.0113159 0.05 0.0175664 0.0487824 0.0316456 0.05 0.05 0.0467858 
0.0286851 0.0412113 0.05 0.0266482 0.05 0.0160934 0.05 0.0339342 0.05 0.05 0.05 0.0226685 
0.0150164 0.0253136 0.0134708 0.00821445 0.0498269 0.05 0.018254 0.0477287 0.0427965 0.023549 0.0305883 0.05 
0 0.05 0.05 0.0216583 0.0173055 0.0147517 0.027675 0.0152656 0.0126293 0.0129803 0.0102665 0.05 
0.05 0.05 0.0341221 0.0143401 0.0257605 0.05 0.0143279 0.0412175 0.05 0.05 0.0117529 0.05 


ADCt Timewalk Fit P2 vs Channels: 
0 48.3615 50.2893 50.0863 50.3925 49.7471 50.5795 50.3881 48.8189 46.8494 47.2451 50.2496 
0 48.9211 51.6364 50.8413 51.3303 50.0061 50.0635 49.6212 49.9706 49.0934 53.0932 53.8179 
0 52.6155 49.2287 49.8125 51.3539 51.5811 49.0366 49.4241 49.7235 48.0426 47.9058 49.4206 
0 50.632 50.3215 50.4924 50.6299 50.7867 50.3316 50.507 49.5735 47.0838 48.8291 50.0941 
52.0049 49.8641 50.1392 50.1698 49.656 49.3829 49.5761 50.6466 49.4129 49.4308 49.4375 48.0862 
48.7575 50.845 50.2111 50.4753 50.3186 49.8765 49.6581 50.4032 49.86 48.1322 48.332 45.378 
61.5815 48.2994 45.5438 50.2719 49.9922 50.2703 49.3624 49.8671 49.2228 47.6737 49.0559 50.5645 
50.5472 50.429 50.0229 50.1604 50.0263 50.6696 49.5854 48.6182 48.0715 47.0711 46.0061 48.8558 
53.2853 51.6744 50.5966 50.9612 50.6956 50.9475 49.2859 50.7179 48.7843 47.2314 47.7613 48.0144 
54.0902 52.383 51.7407 51.6466 51.7178 51.325 50.5985 50.0094 49.5706 49.3854 49.4153 48.5541 
54.93 52.6908 52.0194 51.961 52.1204 51.8419 50.9742 50.2696 50.5574 47.8299 48.777 45.5408 
48.9872 50.7931 51.5499 52.1299 52.1484 51.2137 51.2112 51.044 50.7116 49.4458 50.8214 52.0495 
59.6188 53.2916 51.2884 51.4064 52.0779 51.1963 51.4661 51.9305 51.8531 51.0743 50.637 52.7075 
55.1815 52.877 52.1256 52.3812 51.6639 52.1355 51.8289 51.8979 50.291 49.3947 51.4011 52.3571 
49.1555 51.2692 50.979 51.1712 52.2247 52.1784 51.3032 51.062 51.1843 50.0868 52.1949 53.525 
50.6965 52.5701 52.6935 50.7455 52.0835 50.9223 51.7192 51.9914 51.9495 51.6015 52.318 54.0696 
53.4939 52.0573 52.9628 52.4256 51.8132 51.977 51.6182 51.3634 51.0942 51.8314 52.8391 53.911 
50.2045 52.8408 51.7784 52.6348 52.905 52.1411 52.2936 51.7531 52.0334 51.9605 52.6372 55.6454 
59.0471 53.7932 53.4502 52.9339 52.8246 52.5069 52.3057 51.5376 52.2552 52.5572 52.7224 54.9326 
54.8535 52.6422 52.7647 51.0276 51.206 52.7638 51.4866 52.9568 52.3866 52.6655 52.5205 55.5285 
58.3515 52.2218 52.7899 52.2001 53.5393 51.7131 52.3416 52.7549 52.3556 52.5428 51.9597 50.9703 
54.9554 52.5386 51.6511 51.3413 53.2429 52.5561 52.0362 52.7102 52.0123 51.2437 50.927 50.5522 
0 55.2101 53.8034 53.3785 52.7095 52.5607 52.4674 51.0641 51.1326 50.7293 49.5895 50.2197 
57.0936 50.5579 51.6287 51.6555 52.4422 52.5655 51.4352 51.6898 51.6815 51.7332 48.2603 49.9055 


TDC offsets vs Channels: 
-1863.03 -1863.03 -248.922 -255.582 -382.018 -359.323 -342.916 -366.386 -257.518 -254.74 -223.107 -253.051 
-1747.34 -1747.34 -251.152 -238.343 -365.149 -350.254 -369.202 -398.635 -240.455 -240.255 -268.172 -267.48 
-1863.03 -271.277 -251.651 -241.926 -371.544 -363.35 -393.465 -390.585 -236.863 -245.53 -273.582 -260.02 
-1863.03 -227.891 -225.994 -238.978 -345.815 -346.309 -332.456 -334.292 -230.645 -219.082 -238.099 -248.343 
-75.1348 50.1237 35.4673 42.0701 -36.4311 -62.2744 -66.8853 -74.1602 41.5046 48.6843 42.3077 41.7325 
-196.196 -249.154 -241.051 -252.716 -69.5387 -47.7137 -354.086 -368.844 -245.584 -246.591 43.8942 53.3013 
-305.255 -288.19 -292.065 -293.044 -398.859 -385.46 -367.592 -389.464 -250.61 -261.722 -262.76 -249.535 
-246.474 -265.497 -263.428 -266.425 -362.858 -367.522 -374.355 -388.549 -283.745 -266.787 -279.942 -264.196 
-221.286 -252.304 -261.343 -251.063 -363.582 -360.055 -382.025 -380.967 -258.48 -256.221 -269.461 -249.564 
-271.318 -263.217 -264.31 -268.2 -353.892 -360.013 -371.367 -371.32 -258.117 -283.688 -270.604 -250.567 
-225.252 -259.633 -249.101 -259.743 -332.762 -356.563 -357.448 -360.288 -260.291 -262.344 -276.437 -270.12 
-238.67 -243.3 -252.778 -256.126 -349.792 -357.277 -363.588 -372.016 -250.032 -254.547 -248.362 -242.364 
20.9463 36.4159 35.7063 15.6239 -100.655 -83.9081 -84.4697 -78.8441 50.2018 36.6375 40.3353 96.6595 
-196.973 -220.475 -206.093 -230.526 -300.991 -333.426 -315.352 -336.309 -228.41 -231.712 -200.39 -213.346 
-248.089 -225.887 -226.199 -236.88 -327.364 -318.198 -334.917 -343.174 -231.079 -273.707 -230.975 -167.266 
71.1653 49.2175 -201.997 -203.551 -333.442 -342.15 -47.3551 -57.8397 -223.391 -210.218 -231.984 -183.049 
-211.558 -232.901 -229.884 -232.457 -354.877 -319.844 -346.768 -368.252 -223.67 -242.65 -213.799 -276.231 
-397.707 -405.965 -363.306 -399.943 -302.813 -306.971 -478.587 -493.471 -374.728 -398.363 -197.107 -201.249 
-208.221 -241.086 -197.481 -227.98 -478.477 -470.056 -316.982 -314.924 -210.213 -211.604 -364.032 -376.322 
-199.68 -207.6 -214.442 -215.061 -491.755 -486.744 -313.091 -338.008 -211.298 -195.569 -381.743 -370.239 
-225.513 -220.886 -196.925 -221.133 669.643 -469.906 -331.444 -334.477 -220.811 -217.132 -384.045 -367.87 
-243.563 -248.487 -211.098 -216.968 -324.685 -307.125 -296.288 -338.465 -218.182 -224.215 -222.296 -219.121 
-1088.96 -198.937 -201.151 -210.21 -314.705 -297.346 -327.272 -324.429 -196.249 -209.705 -217.159 -198.508 
-359.727 -371.759 -216.758 -233.327 -312.524 -298.693 -473.921 -498.668 -209.788 -225.698 -221.647 -207.465 


ADCt offsets vs Channels: 
-90.9298 -19.8471 -21.5817 -21.1373 -4.28902 -7.23079 -7.82317 -4.62688 -16.8078 -20.8804 -26.6239 -20.7508 
-89.9004 -22.8084 -2.29707 -3.01184 -5.05332 -7.40362 -5.2153 -3.72616 -1.23077 0.176983 -9.67082 -18.7317 
-79.5262 0.424155 -1.38043 -4.7238 14.6912 12.2556 16.065 15.3219 -0.552006 -0.0170055 0.349672 3.06027 
-56.135 -2.2474 -3.68303 -1.08522 12.4022 11.6679 12.3801 12.1726 -0.822173 -2.40518 -1.26791 -0.839367 
0.30534 -3.2916 0.397495 -1.16932 -8.38922 -7.62709 13.7139 14.9081 0.502039 -1.04933 -19.7692 -21.7742 
-4.09952 -4.01594 -2.63176 -1.05777 -5.85514 -9.38692 10.2924 13.6605 -0.844513 0.373041 -21.0877 -22.2085 
13.4493 0.647572 1.15096 3.16955 12.9654 16.661 11.7917 14.0962 -1.77531 -0.565765 -2.95425 -4.85779 
-23.3532 -22.9747 -21.2149 -21.1304 -7.48819 -8.48324 -7.97919 -6.85956 -17.6475 -19.4994 -19.5842 -21.9563 
-1.13647 -4.11833 -0.652381 -1.54548 -6.26846 -8.38178 14.3826 14.3586 -0.199085 -0.698231 -20.2429 -21.9552 
1.16587 -0.81337 -20.267 -19.3853 -8.03235 -6.51843 12.1504 12.4298 -18.923 -17.9674 -21.2312 -21.6451 
-4.38345 -2.41129 -0.678531 -0.630642 -8.69461 -6.88887 11.4574 11.5045 -0.807077 -1.47248 -19.3535 -21.2494 
-22.666 -23.4238 -19.6211 -17.6922 11.9748 12.2576 -5.76965 -5.28006 -19.003 -19.2184 -3.29861 -3.49355 
-2.3458 1.69689 2.77313 4.9347 17.4392 12.9666 17.0136 17.3103 1.56165 2.41004 -3.1338 -3.20531 
-4.36165 -0.504547 -1.09368 0.711333 10.205 12.4252 9.65398 11.8819 -0.895462 -0.0392627 -3.27665 -3.15999 
-22.7228 -21.8247 -19.877 -18.046 10.9042 9.25978 -6.61788 -5.9696 -19.1616 -16.1454 -2.82994 -4.54622 
-6.09413 -2.22831 -2.25564 -1.98165 10.9612 11.041 9.21102 11.1079 -0.209219 -1.03548 -1.28336 -4.00559 
-3.11912 -2.18445 -0.541328 -0.504335 14.6273 8.05023 14.1917 15.8738 -0.573527 1.9057 -1.53277 -1.91008 
-4.41185 -0.973592 -7.77845 -0.353753 9.04674 8.01621 9.43061 12.2741 -1.88547 -1.07454 -3.70292 7.38022 
8.85171 0.953923 -2.55783 0.743633 10.8462 12.3818 11.8814 10.991 -0.618228 0.174354 -3.51738 -0.314989 
6.0236 -4.60397 -2.81724 -1.94494 13.2199 12.1799 10.5931 14.4188 -1.12318 -2.80135 -0.249788 0.748979 
-6.43832 -0.446276 -2.0991 0.665702 -2.3539 -8.17877 13.3027 14.0735 0.231901 2.07628 -17.9703 -15.7376 
-1.912 -0.957584 -4.51074 -2.51363 -8.95872 -12.0562 8.28981 10.6422 -1.25543 -1.53952 -20.0675 -23.1812 
-729.994 -3.94723 -3.18415 -2.88778 -8.74861 -10.9967 12.7535 11.4152 -2.81372 -2.05984 -20.0193 -23.9769 
-13.5862 -19.4147 -20.391 -21.0688 -9.11767 -9.96251 -7.03114 -3.94617 -21.6743 -20.5901 -20.0894 -21.5733 

Loading previous offsets from database file: /u/home/sbs-gmn/pass0/SBS_REPLAY/SBS-replay/DB/db_sbs.hcal.dat..


Old TDC offsets: 
-255.089 -255.089 -250.535 -259.775 -386.477 -364.1 -343.428 -364.037 -255.874 -252.395 -220.988 -289.242 
-243.437 -243.437 -250.911 -243.808 -375.31 -360.431 -379.559 -400.384 -241.362 -240.974 -276.665 -229.736 
-255.089 -284.963 -259.357 -247.516 -378.584 -373.604 -395.499 -397.977 -248.856 -254.643 -279.421 -264.133 
-255.089 -216.016 -227.08 -244.022 -350.336 -353.952 -342.654 -343.453 -238.106 -224.379 -237.17 -263.794 
37.7369 37.7369 40.3112 43.5753 -36.3856 -61.0728 -66.9188 -75.9449 39.2759 50.8825 51.7579 66.7426 
-235.554 -298.324 -233.242 -247.888 -65.1417 -45.152 -353.454 -366.494 -241.243 -242.657 57.5117 91.9988 
-296.553 -331.246 -286.985 -290.27 -386.729 -376.566 -361.896 -384.811 -244.393 -254.548 -251.982 -183.132 
-237.403 -291.962 -252.092 -253.844 -350.22 -358.961 -364.679 -378.047 -273.672 -250.761 -264.984 -326.899 
-228.23 -242.476 -247.633 -237.077 -346.857 -343.3 -360.446 -366.001 -246.143 -240.931 -255.493 -232.4 
-264.492 -250.883 -250.203 -253.199 -337.027 -343.967 -354.094 -355.42 -244.227 -268.362 -257.663 -244.568 
-244.469 -259.683 -248.562 -254.717 -322.973 -345.616 -345.68 -349.216 -246.473 -251.62 -292.396 -248.13 
-279.31 -243.096 -253.365 -255.068 -346.945 -351.476 -357.24 -368.53 -244.766 -247.207 -239.469 -276.768 
45.8183 29.01 26.7106 24.0498 -103.278 -80.1684 -82.3606 -78.0702 50.8769 41.7307 44.415 60.1981 
-162.826 -226.044 -208.193 -229.678 -300.926 -327.928 -311.305 -330.308 -218.291 -220.186 -195.045 -216.164 
-284.253 -234.103 -205.51 -228.336 -317.808 -308.613 -324.64 -333.398 -224.526 -267.366 -221.334 -216.166 
71.9046 53.9639 -204.36 -199.225 -326.802 -336.215 -40.7253 -49.0955 -216.347 -200.225 -215.576 -241.188 
-173.474 -209.001 -225.315 -226.887 -347.135 -310.068 -333.326 -357.196 -214.926 -228.034 -210.951 -225.717 
-378.623 -412.626 -356.16 -397.236 -292.038 -295.476 -463.996 -480.703 -363.358 -387.909 -186.327 -210.972 
-231.297 -224.988 -163.129 -218.929 -469.619 -458.081 -304.536 -306.394 -205.824 -212.288 -361.522 -410.784 
-192.577 -225.169 -219.227 -204.231 -478.447 -481.64 -306.074 -333.219 -210.631 -199.726 -383.486 -359.42 
-215 -249.078 181.426 -219.589 -0 -468.097 -331.377 -337.313 -227.982 -231.655 -384.786 -387.174 
-283.694 -244.419 -207.656 -213.774 -320.407 -308.071 -306.131 -351.403 -231.559 -238.083 -234.277 -210.567 
-177.125 -177.125 -193.566 -209.582 -320.489 -300.679 -333.885 -336.691 -215.871 -219.192 -215.207 -169.668 
-261.816 -362.358 -243.51 -266.164 -301.64 -330.134 -472.425 -497.567 -207.427 -216.548 -232.161 -212.978 


Old ADC time offsets: 
-20.4649 -19.5384 -20.6772 -20.7928 -4.65864 -7.47262 -8.1121 -5.05684 -17.6004 -20.0466 -24.7217 -19.6783 
-19.9502 -21.5213 -1.14663 -2.39055 -5.60107 -7.64476 -5.82366 -4.01665 -1.22661 -0.331756 -13.7345 -18.3618 
-14.7631 0.802762 -0.771412 -4.59619 14.4984 11.785 15.804 15.0729 -0.774618 -0.0269941 0.687648 -0.556642 
-3.06751 -1.25848 -2.64624 -0.713689 12.4276 11.4516 12.1901 12.1747 -0.379139 -1.5871 -0.409652 -0.106859 
-0.497565 -1.82517 1.12742 -0.601431 -8.24647 -7.5571 13.5816 14.66 0.878802 -0.137403 -18.8867 -19.8985 
-2.44491 -2.39288 -1.60786 -0.517088 -5.5958 -8.97355 10.7787 13.8027 -0.633928 0.801172 -20.0351 -20.7975 
1.5258 1.33348 1.8295 3.45433 13.4532 16.6256 12.304 14.5475 -1.11821 0.636825 -1.50875 -3.19349 
-21.8962 -21.372 -20.4724 -20.3605 -7.06647 -8.12335 -7.54935 -6.24695 -16.9353 -18.4995 -18.0889 -20.1735 
-0.52712 -2.41217 0.0481486 -0.958024 -6.04369 -8.11147 14.4621 14.6745 0.37615 0.321159 -18.9314 -20.4321 
0.856632 -0.461324 -19.831 -19.1582 -8.05309 -6.60605 12.1439 12.6343 -18.6659 -17.2439 -19.9599 -20.0152 
-3.51906 -1.60806 -0.436322 -0.659721 -8.94818 -7.20939 11.2465 11.3293 -0.694388 -0.695817 -18.2025 -19.6023 
-21.0015 -22.4179 -19.451 -18.055 11.5068 11.8501 -5.98793 -5.60125 -18.9419 -18.5803 -1.87783 -2.06332 
1.27741 1.56281 2.52408 4.24872 16.7665 12.2822 16.6027 16.9201 1.49026 2.61748 -1.97999 -2.77239 
-3.62297 -0.581917 -1.20553 0.373987 9.7643 12.1646 9.44601 11.8346 -1.01421 0.650285 -2.73989 -2.10527 
-20.3101 -21.1396 -19.846 -18.2351 10.709 8.98821 -6.81806 -6.1291 -19.2179 -15.857 -2.49591 -3.21262 
-5.09212 -2.16266 -2.19777 -1.8176 10.77 10.9909 9.2252 11.1403 -0.212425 -1.14517 -1.35833 -3.51819 
-2.45182 -2.19328 -0.381136 -0.497967 14.5018 8.02611 14.0993 15.7527 -0.671881 1.81308 -1.46877 -1.08301 
-3.83124 -0.987306 -7.54784 -0.557138 8.94339 7.9091 9.26019 12.0643 -2.25748 -1.34268 -3.87658 -1.61392 
-1.79281 1.20509 -2.69672 0.524087 10.4776 11.8139 11.5414 10.5887 -0.954809 -0.104326 -3.43585 -0.953243 
-2.85637 -4.07503 -2.79192 -2.31443 12.6618 11.4648 10.0945 13.7026 -1.75668 -3.22044 -0.55541 -0.661376 
-1.14105 -0.011887 -2.0092 0.102029 -3.81702 -8.82908 12.5838 13.5548 -0.321434 1.39309 -18.5185 -17.5352 
-1.32701 -1.31781 -4.33035 -2.84324 -9.44342 -12.2366 7.93271 10.0696 -1.80185 -2.078 -20.6214 -23.0127 
-339.997 -4.03246 -3.44082 -3.15738 -8.86355 -11.4005 12.1745 10.8489 -3.21208 -2.29835 -20.2079 -23.2667 
-20.2397 -19.1979 -20.9791 -21.4844 -9.54202 -10.3684 -7.24628 -4.21005 -21.8314 -20.8838 -19.8203 -20.766 


Database parameters loaded.

Loading physics, data, and detector parameters from config files..
Reading all relevant config files for lh2 and setting up chain for field 0 percent.
Loading file: /w/halla-scshelf2102/sbs/sbs-gmn/pass0/SBS4/LH2/rootfiles/e1209019_fullreplay_11573_stream0_seg0_9.root..
Loading file: /w/halla-scshelf2102/sbs/sbs-gmn/pass0/SBS4/LH2/rootfiles/e1209019_fullreplay_11573_stream0_seg10_19.root..
Loading file: /w/halla-scshelf2102/sbs/sbs-gmn/pass0/SBS4/LH2/rootfiles/e1209019_fullreplay_11573_stream0_seg20_29.root..
Loading file: /w/halla-scshelf2102/sbs/sbs-gmn/pass0/SBS4/LH2/rootfiles/e1209019_fullreplay_11573_stream0_seg30_39.root..
Loading file: /w/halla-scshelf2102/sbs/sbs-gmn/pass0/SBS4/LH2/rootfiles/e1209019_fullreplay_11573_stream0_seg40_49.root..
Loading file: /w/halla-scshelf2102/sbs/sbs-gmn/pass0/SBS4/LH2/rootfiles/e1209019_fullreplay_11573_stream0_seg50_59.root..
Loading file: /w/halla-scshelf2102/sbs/sbs-gmn/pass0/SBS4/LH2/rootfiles/e1209019_fullreplay_11573_stream0_seg60_69.root..
Loading file: /w/halla-scshelf2102/sbs/sbs-gmn/pass0/SBS4/LH2/rootfiles/e1209019_fullreplay_11573_stream0_seg70_79.root..
Loading file: /w/halla-scshelf2102/sbs/sbs-gmn/pass0/SBS4/LH2/rootfiles/e1209019_fullreplay_11573_stream0_seg80_89.root..
Loading file: /w/halla-scshelf2102/sbs/sbs-gmn/pass0/SBS4/LH2/rootfiles/e1209019_fullreplay_11573_stream0_seg90_99.root..
Loading file: /w/halla-scshelf2102/sbs/sbs-gmn/pass0/SBS4/LH2/rootfiles/e1209019_fullreplay_11573_stream0_seg100_109.root..
Loading file: /w/halla-scshelf2102/sbs/sbs-gmn/pass0/SBS4/LH2/rootfiles/e1209019_fullreplay_11573_stream0_seg110_119.root..
Loading file: /w/halla-scshelf2102/sbs/sbs-gmn/pass0/SBS4/LH2/rootfiles/e1209019_fullreplay_11573_stream0_seg120_129.root..
Loading file: /w/halla-scshelf2102/sbs/sbs-gmn/pass0/SBS4/LH2/rootfiles/e1209019_fullreplay_11573_stream0_seg130_139.root..
Loading file: /w/halla-scshelf2102/sbs/sbs-gmn/pass0/SBS4/LH2/rootfiles/e1209019_fullreplay_11573_stream0_seg140_141.root..
Loading file: /w/halla-scshelf2102/sbs/sbs-gmn/pass0/SBS4/LH2/rootfiles/e1209019_fullreplay_11587_stream0_seg0_9.root..
Loading file: /w/halla-scshelf2102/sbs/sbs-gmn/pass0/SBS4/LH2/rootfiles/e1209019_fullreplay_11587_stream0_seg10_19.root..
Loading file: /w/halla-scshelf2102/sbs/sbs-gmn/pass0/SBS4/LH2/rootfiles/e1209019_fullreplay_11587_stream0_seg20_29.root..
Loading file: /w/halla-scshelf2102/sbs/sbs-gmn/pass0/SBS4/LH2/rootfiles/e1209019_fullreplay_11587_stream0_seg30_39.root..
Loading file: /w/halla-scshelf2102/sbs/sbs-gmn/pass0/SBS4/LH2/rootfiles/e1209019_fullreplay_11587_stream0_seg40_49.root..
Loading file: /w/halla-scshelf2102/sbs/sbs-gmn/pass0/SBS4/LH2/rootfiles/e1209019_fullreplay_11587_stream0_seg50_59.root..
Loading file: /w/halla-scshelf2102/sbs/sbs-gmn/pass0/SBS4/LH2/rootfiles/e1209019_fullreplay_11587_stream0_seg60_69.root..
Loading file: /w/halla-scshelf2102/sbs/sbs-gmn/pass0/SBS4/LH2/rootfiles/e1209019_fullreplay_11587_stream0_seg70_79.root..
Loading file: /w/halla-scshelf2102/sbs/sbs-gmn/pass0/SBS4/LH2/rootfiles/e1209019_fullreplay_11587_stream0_seg80_89.root..
Loading file: /w/halla-scshelf2102/sbs/sbs-gmn/pass0/SBS4/LH2/rootfiles/e1209019_fullreplay_11587_stream0_seg90_93.root..
Loading file: /w/halla-scshelf2102/sbs/sbs-gmn/pass0/SBS4/LH2/rootfiles/e1209019_fullreplay_11588_stream0_seg0_9.root..
Loading file: /w/halla-scshelf2102/sbs/sbs-gmn/pass0/SBS4/LH2/rootfiles/e1209019_fullreplay_11588_stream0_seg10_19.root..
Loading file: /w/halla-scshelf2102/sbs/sbs-gmn/pass0/SBS4/LH2/rootfiles/e1209019_fullreplay_11588_stream0_seg20_29.root..
Loading file: /w/halla-scshelf2102/sbs/sbs-gmn/pass0/SBS4/LH2/rootfiles/e1209019_fullreplay_11588_stream0_seg30_30.root..
Loading beam energy: 3.7278
Loading HCal distance: 11
Loading HCal angle: 0.55676
Loading BBCal angle: 0.628319
Loading W2 mean cut: 0.837666
Loading W2 sigma cut: 0.0948841
Loading x position of neutron spot: 0.01914
Loading y position of proton spot: 0.01914
Loading y position of both hadron spots: -0.03618
Loading x sigma of neutron spot: 0.05911
Loading x sigma of proton spot: 0.05911
Loading y sigma of both hadron spots: 0.07244
Loading ADC time mean: 51.377
Loading ADC time sigma: 3.47541
Loading Aluminum absorber option: 0
Reading all relevant config files for lh2 and setting up chain for field 30 percent.
Loading file: /w/halla-scshelf2102/sbs/sbs-gmn/pass0/SBS4/LH2/rootfiles/e1209019_fullreplay_11436_stream0_seg0_9.root..
Loading file: /w/halla-scshelf2102/sbs/sbs-gmn/pass0/SBS4/LH2/rootfiles/e1209019_fullreplay_11436_stream0_seg10_19.root..
Loading file: /w/halla-scshelf2102/sbs/sbs-gmn/pass0/SBS4/LH2/rootfiles/e1209019_fullreplay_11436_stream0_seg20_29.root..
Loading file: /w/halla-scshelf2102/sbs/sbs-gmn/pass0/SBS4/LH2/rootfiles/e1209019_fullreplay_11436_stream0_seg30_39.root..
Loading file: /w/halla-scshelf2102/sbs/sbs-gmn/pass0/SBS4/LH2/rootfiles/e1209019_fullreplay_11436_stream0_seg40_49.root..
Loading file: /w/halla-scshelf2102/sbs/sbs-gmn/pass0/SBS4/LH2/rootfiles/e1209019_fullreplay_11436_stream0_seg50_59.root..
Loading file: /w/halla-scshelf2102/sbs/sbs-gmn/pass0/SBS4/LH2/rootfiles/e1209019_fullreplay_11436_stream0_seg60_63.root..
Loading file: /w/halla-scshelf2102/sbs/sbs-gmn/pass0/SBS4/LH2/rootfiles/e1209019_fullreplay_11500_stream0_seg0_9.root..
Loading file: /w/halla-scshelf2102/sbs/sbs-gmn/pass0/SBS4/LH2/rootfiles/e1209019_fullreplay_11500_stream0_seg10_19.root..
Loading file: /w/halla-scshelf2102/sbs/sbs-gmn/pass0/SBS4/LH2/rootfiles/e1209019_fullreplay_11500_stream0_seg20_29.root..
Loading file: /w/halla-scshelf2102/sbs/sbs-gmn/pass0/SBS4/LH2/rootfiles/e1209019_fullreplay_11500_stream0_seg30_39.root..
Loading file: /w/halla-scshelf2102/sbs/sbs-gmn/pass0/SBS4/LH2/rootfiles/e1209019_fullreplay_11500_stream0_seg40_49.root..
Loading file: /w/halla-scshelf2102/sbs/sbs-gmn/pass0/SBS4/LH2/rootfiles/e1209019_fullreplay_11500_stream0_seg50_59.root..
Loading file: /w/halla-scshelf2102/sbs/sbs-gmn/pass0/SBS4/LH2/rootfiles/e1209019_fullreplay_11500_stream0_seg60_61.root..
Loading file: /w/halla-scshelf2102/sbs/sbs-gmn/pass0/SBS4/LH2/rootfiles/e1209019_fullreplay_11547_stream0_seg0_9.root..
Loading file: /w/halla-scshelf2102/sbs/sbs-gmn/pass0/SBS4/LH2/rootfiles/e1209019_fullreplay_11547_stream0_seg10_19.root..
Loading file: /w/halla-scshelf2102/sbs/sbs-gmn/pass0/SBS4/LH2/rootfiles/e1209019_fullreplay_11547_stream0_seg20_29.root..
Loading file: /w/halla-scshelf2102/sbs/sbs-gmn/pass0/SBS4/LH2/rootfiles/e1209019_fullreplay_11547_stream0_seg30_39.root..
Loading file: /w/halla-scshelf2102/sbs/sbs-gmn/pass0/SBS4/LH2/rootfiles/e1209019_fullreplay_11547_stream0_seg40_49.root..
Loading file: /w/halla-scshelf2102/sbs/sbs-gmn/pass0/SBS4/LH2/rootfiles/e1209019_fullreplay_11547_stream0_seg50_59.root..
Loading file: /w/halla-scshelf2102/sbs/sbs-gmn/pass0/SBS4/LH2/rootfiles/e1209019_fullreplay_11547_stream0_seg60_69.root..
Loading file: /w/halla-scshelf2102/sbs/sbs-gmn/pass0/SBS4/LH2/rootfiles/e1209019_fullreplay_11547_stream0_seg70_76.root..
Loading file: /w/halla-scshelf2102/sbs/sbs-gmn/pass0/SBS4/LH2/rootfiles/e1209019_fullreplay_11548_stream0_seg0_9.root..
Loading file: /w/halla-scshelf2102/sbs/sbs-gmn/pass0/SBS4/LH2/rootfiles/e1209019_fullreplay_11548_stream0_seg10_19.root..
Loading file: /w/halla-scshelf2102/sbs/sbs-gmn/pass0/SBS4/LH2/rootfiles/e1209019_fullreplay_11548_stream0_seg20_29.root..
Loading file: /w/halla-scshelf2102/sbs/sbs-gmn/pass0/SBS4/LH2/rootfiles/e1209019_fullreplay_11548_stream0_seg30_39.root..
Loading file: /w/halla-scshelf2102/sbs/sbs-gmn/pass0/SBS4/LH2/rootfiles/e1209019_fullreplay_11548_stream0_seg40_49.root..
Loading file: /w/halla-scshelf2102/sbs/sbs-gmn/pass0/SBS4/LH2/rootfiles/e1209019_fullreplay_11548_stream0_seg50_59.root..
Loading file: /w/halla-scshelf2102/sbs/sbs-gmn/pass0/SBS4/LH2/rootfiles/e1209019_fullreplay_11548_stream0_seg60_68.root..
Loading file: /w/halla-scshelf2102/sbs/sbs-gmn/pass0/SBS4/LH2/rootfiles/e1209019_fullreplay_11616_stream0_seg0_9.root..
Loading file: /w/halla-scshelf2102/sbs/sbs-gmn/pass0/SBS4/LH2/rootfiles/e1209019_fullreplay_11616_stream0_seg10_19.root..
Loading file: /w/halla-scshelf2102/sbs/sbs-gmn/pass0/SBS4/LH2/rootfiles/e1209019_fullreplay_11616_stream0_seg20_29.root..
Loading file: /w/halla-scshelf2102/sbs/sbs-gmn/pass0/SBS4/LH2/rootfiles/e1209019_fullreplay_11616_stream0_seg30_39.root..
Loading file: /w/halla-scshelf2102/sbs/sbs-gmn/pass0/SBS4/LH2/rootfiles/e1209019_fullreplay_11616_stream0_seg40_49.root..
Loading file: /w/halla-scshelf2102/sbs/sbs-gmn/pass0/SBS4/LH2/rootfiles/e1209019_fullreplay_11616_stream0_seg50_59.root..
Loading file: /w/halla-scshelf2102/sbs/sbs-gmn/pass0/SBS4/LH2/rootfiles/e1209019_fullreplay_11616_stream0_seg60_61.root..
Loading beam energy: 3.7278
Loading HCal distance: 11
Loading HCal angle: 0.55676
Loading BBCal angle: 0.628319
Loading W2 mean cut: 0.917994
Loading W2 sigma cut: 0.167922
Loading x position of neutron spot: -0.646099
Loading y position of proton spot: -0.646099
Loading y position of both hadron spots: -0.0245972
Loading x sigma of neutron spot: 0.0738526
Loading x sigma of proton spot: 0.0738526
Loading y sigma of both hadron spots: 0.0706237
Loading ADC time mean: 51.2032
Loading ADC time sigma: 3.585
Loading Aluminum absorber option: 0
Reading all relevant config files for lh2 and setting up chain for field 50 percent.
Loading file: /w/halla-scshelf2102/sbs/sbs-gmn/pass0/SBS4/LH2/rootfiles/e1209019_fullreplay_11589_stream0_seg0_9.root..
Loading file: /w/halla-scshelf2102/sbs/sbs-gmn/pass0/SBS4/LH2/rootfiles/e1209019_fullreplay_11589_stream0_seg10_13.root..
Loading file: /w/halla-scshelf2102/sbs/sbs-gmn/pass0/SBS4/LH2/rootfiles/e1209019_fullreplay_11590_stream0_seg0_9.root..
Loading file: /w/halla-scshelf2102/sbs/sbs-gmn/pass0/SBS4/LH2/rootfiles/e1209019_fullreplay_11590_stream0_seg10_19.root..
Loading file: /w/halla-scshelf2102/sbs/sbs-gmn/pass0/SBS4/LH2/rootfiles/e1209019_fullreplay_11590_stream0_seg20_29.root..
Loading file: /w/halla-scshelf2102/sbs/sbs-gmn/pass0/SBS4/LH2/rootfiles/e1209019_fullreplay_11590_stream0_seg30_39.root..
Loading file: /w/halla-scshelf2102/sbs/sbs-gmn/pass0/SBS4/LH2/rootfiles/e1209019_fullreplay_11590_stream0_seg40_49.root..
Loading file: /w/halla-scshelf2102/sbs/sbs-gmn/pass0/SBS4/LH2/rootfiles/e1209019_fullreplay_11590_stream0_seg50_59.root..
Loading file: /w/halla-scshelf2102/sbs/sbs-gmn/pass0/SBS4/LH2/rootfiles/e1209019_fullreplay_11590_stream0_seg60_69.root..
Loading file: /w/halla-scshelf2102/sbs/sbs-gmn/pass0/SBS4/LH2/rootfiles/e1209019_fullreplay_11590_stream0_seg70_72.root..
Loading file: /w/halla-scshelf2102/sbs/sbs-gmn/pass0/SBS4/LH2/rootfiles/e1209019_fullreplay_11592_stream0_seg0_9.root..
Loading file: /w/halla-scshelf2102/sbs/sbs-gmn/pass0/SBS4/LH2/rootfiles/e1209019_fullreplay_11592_stream0_seg10_19.root..
Loading file: /w/halla-scshelf2102/sbs/sbs-gmn/pass0/SBS4/LH2/rootfiles/e1209019_fullreplay_11592_stream0_seg20_26.root..
Loading beam energy: 3.7278
Loading HCal distance: 11
Loading HCal angle: 0.55676
Loading BBCal angle: 0.628319
Loading W2 mean cut: 0.949849
Loading W2 sigma cut: 0.0912271
Loading x position of neutron spot: -1.09359
Loading y position of proton spot: -1.09359
Loading y position of both hadron spots: -0.0134396
Loading x sigma of neutron spot: 0.0879841
Loading x sigma of proton spot: 0.0879841
Loading y sigma of both hadron spots: 0.0661816
Loading ADC time mean: 50.8383
Loading ADC time sigma: 3.85395
Loading Aluminum absorber option: 0
Reading all relevant config files for ld2 and setting up chain for field 0 percent.
Loading file: /w/halla-scshelf2102/sbs/sbs-gmn/pass0/SBS4/LD2/rootfiles/e1209019_fullreplay_11579_stream0_seg0_9.root..
Loading file: /w/halla-scshelf2102/sbs/sbs-gmn/pass0/SBS4/LD2/rootfiles/e1209019_fullreplay_11579_stream0_seg10_19.root..
Loading file: /w/halla-scshelf2102/sbs/sbs-gmn/pass0/SBS4/LD2/rootfiles/e1209019_fullreplay_11579_stream0_seg20_29.root..
Loading file: /w/halla-scshelf2102/sbs/sbs-gmn/pass0/SBS4/LD2/rootfiles/e1209019_fullreplay_11579_stream0_seg30_39.root..
Loading file: /w/halla-scshelf2102/sbs/sbs-gmn/pass0/SBS4/LD2/rootfiles/e1209019_fullreplay_11579_stream0_seg40_49.root..
Loading file: /w/halla-scshelf2102/sbs/sbs-gmn/pass0/SBS4/LD2/rootfiles/e1209019_fullreplay_11579_stream0_seg50_59.root..
Loading file: /w/halla-scshelf2102/sbs/sbs-gmn/pass0/SBS4/LD2/rootfiles/e1209019_fullreplay_11579_stream0_seg60_69.root..
Loading file: /w/halla-scshelf2102/sbs/sbs-gmn/pass0/SBS4/LD2/rootfiles/e1209019_fullreplay_11579_stream0_seg70_79.root..
Loading file: /w/halla-scshelf2102/sbs/sbs-gmn/pass0/SBS4/LD2/rootfiles/e1209019_fullreplay_11579_stream0_seg80_89.root..
Loading file: /w/halla-scshelf2102/sbs/sbs-gmn/pass0/SBS4/LD2/rootfiles/e1209019_fullreplay_11579_stream0_seg90_99.root..
Loading file: /w/halla-scshelf2102/sbs/sbs-gmn/pass0/SBS4/LD2/rootfiles/e1209019_fullreplay_11579_stream0_seg100_109.root..
Loading file: /w/halla-scshelf2102/sbs/sbs-gmn/pass0/SBS4/LD2/rootfiles/e1209019_fullreplay_11579_stream0_seg110_119.root..
Loading file: /w/halla-scshelf2102/sbs/sbs-gmn/pass0/SBS4/LD2/rootfiles/e1209019_fullreplay_11579_stream0_seg120_120.root..
Loading file: /w/halla-scshelf2102/sbs/sbs-gmn/pass0/SBS4/LD2/rootfiles/e1209019_fullreplay_11580_stream0_seg0_9.root..
Loading file: /w/halla-scshelf2102/sbs/sbs-gmn/pass0/SBS4/LD2/rootfiles/e1209019_fullreplay_11580_stream0_seg10_19.root..
Loading file: /w/halla-scshelf2102/sbs/sbs-gmn/pass0/SBS4/LD2/rootfiles/e1209019_fullreplay_11580_stream0_seg20_29.root..
Loading file: /w/halla-scshelf2102/sbs/sbs-gmn/pass0/SBS4/LD2/rootfiles/e1209019_fullreplay_11580_stream0_seg30_35.root..
Loading file: /w/halla-scshelf2102/sbs/sbs-gmn/pass0/SBS4/LD2/rootfiles/e1209019_fullreplay_11581_stream0_seg0_9.root..
Loading file: /w/halla-scshelf2102/sbs/sbs-gmn/pass0/SBS4/LD2/rootfiles/e1209019_fullreplay_11581_stream0_seg10_19.root..
Loading file: /w/halla-scshelf2102/sbs/sbs-gmn/pass0/SBS4/LD2/rootfiles/e1209019_fullreplay_11581_stream0_seg20_29.root..
Loading file: /w/halla-scshelf2102/sbs/sbs-gmn/pass0/SBS4/LD2/rootfiles/e1209019_fullreplay_11581_stream0_seg30_39.root..
Loading file: /w/halla-scshelf2102/sbs/sbs-gmn/pass0/SBS4/LD2/rootfiles/e1209019_fullreplay_11581_stream0_seg40_49.root..
Loading file: /w/halla-scshelf2102/sbs/sbs-gmn/pass0/SBS4/LD2/rootfiles/e1209019_fullreplay_11581_stream0_seg50_59.root..
Loading file: /w/halla-scshelf2102/sbs/sbs-gmn/pass0/SBS4/LD2/rootfiles/e1209019_fullreplay_11581_stream0_seg60_69.root..
Loading file: /w/halla-scshelf2102/sbs/sbs-gmn/pass0/SBS4/LD2/rootfiles/e1209019_fullreplay_11581_stream0_seg70_79.root..
Loading file: /w/halla-scshelf2102/sbs/sbs-gmn/pass0/SBS4/LD2/rootfiles/e1209019_fullreplay_11581_stream0_seg80_84.root..
Loading file: /w/halla-scshelf2102/sbs/sbs-gmn/pass0/SBS4/LD2/rootfiles/e1209019_fullreplay_11582_stream0_seg0_9.root..
Loading file: /w/halla-scshelf2102/sbs/sbs-gmn/pass0/SBS4/LD2/rootfiles/e1209019_fullreplay_11582_stream0_seg10_19.root..
Loading file: /w/halla-scshelf2102/sbs/sbs-gmn/pass0/SBS4/LD2/rootfiles/e1209019_fullreplay_11582_stream0_seg20_29.root..
Loading file: /w/halla-scshelf2102/sbs/sbs-gmn/pass0/SBS4/LD2/rootfiles/e1209019_fullreplay_11582_stream0_seg30_39.root..
Loading file: /w/halla-scshelf2102/sbs/sbs-gmn/pass0/SBS4/LD2/rootfiles/e1209019_fullreplay_11582_stream0_seg40_49.root..
Loading file: /w/halla-scshelf2102/sbs/sbs-gmn/pass0/SBS4/LD2/rootfiles/e1209019_fullreplay_11582_stream0_seg50_51.root..
Loading file: /w/halla-scshelf2102/sbs/sbs-gmn/pass0/SBS4/LD2/rootfiles/e1209019_fullreplay_11583_stream0_seg0_9.root..
Loading file: /w/halla-scshelf2102/sbs/sbs-gmn/pass0/SBS4/LD2/rootfiles/e1209019_fullreplay_11583_stream0_seg10_19.root..
Loading file: /w/halla-scshelf2102/sbs/sbs-gmn/pass0/SBS4/LD2/rootfiles/e1209019_fullreplay_11583_stream0_seg20_29.root..
Loading file: /w/halla-scshelf2102/sbs/sbs-gmn/pass0/SBS4/LD2/rootfiles/e1209019_fullreplay_11583_stream0_seg30_39.root..
Loading file: /w/halla-scshelf2102/sbs/sbs-gmn/pass0/SBS4/LD2/rootfiles/e1209019_fullreplay_11583_stream0_seg40_49.root..
Loading file: /w/halla-scshelf2102/sbs/sbs-gmn/pass0/SBS4/LD2/rootfiles/e1209019_fullreplay_11583_stream0_seg50_59.root..
Loading file: /w/halla-scshelf2102/sbs/sbs-gmn/pass0/SBS4/LD2/rootfiles/e1209019_fullreplay_11583_stream0_seg60_67.root..
Loading file: /w/halla-scshelf2102/sbs/sbs-gmn/pass0/SBS4/LD2/rootfiles/e1209019_fullreplay_11586_stream0_seg0_9.root..
Loading file: /w/halla-scshelf2102/sbs/sbs-gmn/pass0/SBS4/LD2/rootfiles/e1209019_fullreplay_11586_stream0_seg10_19.root..
Loading file: /w/halla-scshelf2102/sbs/sbs-gmn/pass0/SBS4/LD2/rootfiles/e1209019_fullreplay_11586_stream0_seg20_29.root..
Loading file: /w/halla-scshelf2102/sbs/sbs-gmn/pass0/SBS4/LD2/rootfiles/e1209019_fullreplay_11586_stream0_seg30_39.root..
Loading file: /w/halla-scshelf2102/sbs/sbs-gmn/pass0/SBS4/LD2/rootfiles/e1209019_fullreplay_11586_stream0_seg40_49.root..
Loading file: /w/halla-scshelf2102/sbs/sbs-gmn/pass0/SBS4/LD2/rootfiles/e1209019_fullreplay_11586_stream0_seg50_59.root..
Loading file: /w/halla-scshelf2102/sbs/sbs-gmn/pass0/SBS4/LD2/rootfiles/e1209019_fullreplay_11586_stream0_seg60_69.root..
Loading file: /w/halla-scshelf2102/sbs/sbs-gmn/pass0/SBS4/LD2/rootfiles/e1209019_fullreplay_11586_stream0_seg70_79.root..
Loading file: /w/halla-scshelf2102/sbs/sbs-gmn/pass0/SBS4/LD2/rootfiles/e1209019_fullreplay_11586_stream0_seg80_89.root..
Loading file: /w/halla-scshelf2102/sbs/sbs-gmn/pass0/SBS4/LD2/rootfiles/e1209019_fullreplay_11586_stream0_seg90_97.root..
Loading beam energy: 3.7278
Loading HCal distance: 11
Loading HCal angle: 0.55676
Loading BBCal angle: 0.628319
Loading W2 mean cut: 0.9011
Loading W2 sigma cut: 0.2295
Loading x position of neutron spot: 0.007614
Loading y position of proton spot: 0.007614
Loading y position of both hadron spots: 0.04738
Loading x sigma of neutron spot: 0.2137
Loading x sigma of proton spot: 0.2137
Loading y sigma of both hadron spots: 0.2858
Loading ADC time mean: 51.05
Loading ADC time sigma: 3.582
Loading Aluminum absorber option: 0
Reading all relevant config files for ld2 and setting up chain for field 30 percent.
Loading file: /w/halla-scshelf2102/sbs/sbs-gmn/pass0/SBS4/LD2/rootfiles/e1209019_fullreplay_11449_stream0_seg0_9.root..
Loading file: /w/halla-scshelf2102/sbs/sbs-gmn/pass0/SBS4/LD2/rootfiles/e1209019_fullreplay_11449_stream0_seg10_19.root..
Loading file: /w/halla-scshelf2102/sbs/sbs-gmn/pass0/SBS4/LD2/rootfiles/e1209019_fullreplay_11449_stream0_seg20_29.root..
Loading file: /w/halla-scshelf2102/sbs/sbs-gmn/pass0/SBS4/LD2/rootfiles/e1209019_fullreplay_11451_stream0_seg0_9.root..
Loading file: /w/halla-scshelf2102/sbs/sbs-gmn/pass0/SBS4/LD2/rootfiles/e1209019_fullreplay_11451_stream0_seg10_19.root..
Loading file: /w/halla-scshelf2102/sbs/sbs-gmn/pass0/SBS4/LD2/rootfiles/e1209019_fullreplay_11451_stream0_seg20_29.root..
Loading file: /w/halla-scshelf2102/sbs/sbs-gmn/pass0/SBS4/LD2/rootfiles/e1209019_fullreplay_11451_stream0_seg30_30.root..
Loading file: /w/halla-scshelf2102/sbs/sbs-gmn/pass0/SBS4/LD2/rootfiles/e1209019_fullreplay_11452_stream0_seg0_9.root..
Loading file: /w/halla-scshelf2102/sbs/sbs-gmn/pass0/SBS4/LD2/rootfiles/e1209019_fullreplay_11452_stream0_seg10_19.root..
Loading file: /w/halla-scshelf2102/sbs/sbs-gmn/pass0/SBS4/LD2/rootfiles/e1209019_fullreplay_11452_stream0_seg20_29.root..
Loading file: /w/halla-scshelf2102/sbs/sbs-gmn/pass0/SBS4/LD2/rootfiles/e1209019_fullreplay_11452_stream0_seg30_39.root..
Loading file: /w/halla-scshelf2102/sbs/sbs-gmn/pass0/SBS4/LD2/rootfiles/e1209019_fullreplay_11452_stream0_seg40_49.root..
Loading file: /w/halla-scshelf2102/sbs/sbs-gmn/pass0/SBS4/LD2/rootfiles/e1209019_fullreplay_11452_stream0_seg50_59.root..
Loading file: /w/halla-scshelf2102/sbs/sbs-gmn/pass0/SBS4/LD2/rootfiles/e1209019_fullreplay_11452_stream0_seg60_69.root..
Loading file: /w/halla-scshelf2102/sbs/sbs-gmn/pass0/SBS4/LD2/rootfiles/e1209019_fullreplay_11452_stream0_seg70_79.root..
Loading file: /w/halla-scshelf2102/sbs/sbs-gmn/pass0/SBS4/LD2/rootfiles/e1209019_fullreplay_11452_stream0_seg80_89.root..
Loading file: /w/halla-scshelf2102/sbs/sbs-gmn/pass0/SBS4/LD2/rootfiles/e1209019_fullreplay_11452_stream0_seg90_99.root..
Loading file: /w/halla-scshelf2102/sbs/sbs-gmn/pass0/SBS4/LD2/rootfiles/e1209019_fullreplay_11452_stream0_seg100_106.root..
Loading file: /w/halla-scshelf2102/sbs/sbs-gmn/pass0/SBS4/LD2/rootfiles/e1209019_fullreplay_11456_stream0_seg0_9.root..
Loading file: /w/halla-scshelf2102/sbs/sbs-gmn/pass0/SBS4/LD2/rootfiles/e1209019_fullreplay_11456_stream0_seg10_19.root..
Loading file: /w/halla-scshelf2102/sbs/sbs-gmn/pass0/SBS4/LD2/rootfiles/e1209019_fullreplay_11456_stream0_seg20_29.root..
Loading file: /w/halla-scshelf2102/sbs/sbs-gmn/pass0/SBS4/LD2/rootfiles/e1209019_fullreplay_11456_stream0_seg30_39.root..
Loading file: /w/halla-scshelf2102/sbs/sbs-gmn/pass0/SBS4/LD2/rootfiles/e1209019_fullreplay_11456_stream0_seg40_49.root..
Loading file: /w/halla-scshelf2102/sbs/sbs-gmn/pass0/SBS4/LD2/rootfiles/e1209019_fullreplay_11456_stream0_seg50_59.root..
Loading file: /w/halla-scshelf2102/sbs/sbs-gmn/pass0/SBS4/LD2/rootfiles/e1209019_fullreplay_11456_stream0_seg60_69.root..
Loading file: /w/halla-scshelf2102/sbs/sbs-gmn/pass0/SBS4/LD2/rootfiles/e1209019_fullreplay_11456_stream0_seg70_79.root..
Loading file: /w/halla-scshelf2102/sbs/sbs-gmn/pass0/SBS4/LD2/rootfiles/e1209019_fullreplay_11456_stream0_seg80_89.root..
Loading file: /w/halla-scshelf2102/sbs/sbs-gmn/pass0/SBS4/LD2/rootfiles/e1209019_fullreplay_11456_stream0_seg90_99.root..
Loading file: /w/halla-scshelf2102/sbs/sbs-gmn/pass0/SBS4/LD2/rootfiles/e1209019_fullreplay_11456_stream0_seg100_109.root..
Loading file: /w/halla-scshelf2102/sbs/sbs-gmn/pass0/SBS4/LD2/rootfiles/e1209019_fullreplay_11456_stream0_seg110_119.root..
Loading file: /w/halla-scshelf2102/sbs/sbs-gmn/pass0/SBS4/LD2/rootfiles/e1209019_fullreplay_11456_stream0_seg120_129.root..
Loading file: /w/halla-scshelf2102/sbs/sbs-gmn/pass0/SBS4/LD2/rootfiles/e1209019_fullreplay_11456_stream0_seg130_139.root..
Loading file: /w/halla-scshelf2102/sbs/sbs-gmn/pass0/SBS4/LD2/rootfiles/e1209019_fullreplay_11456_stream0_seg140_149.root..
Loading file: /w/halla-scshelf2102/sbs/sbs-gmn/pass0/SBS4/LD2/rootfiles/e1209019_fullreplay_11456_stream0_seg150_159.root..
Loading file: /w/halla-scshelf2102/sbs/sbs-gmn/pass0/SBS4/LD2/rootfiles/e1209019_fullreplay_11456_stream0_seg160_169.root..
Loading file: /w/halla-scshelf2102/sbs/sbs-gmn/pass0/SBS4/LD2/rootfiles/e1209019_fullreplay_11493_stream0_seg0_9.root..
Loading file: /w/halla-scshelf2102/sbs/sbs-gmn/pass0/SBS4/LD2/rootfiles/e1209019_fullreplay_11493_stream0_seg10_19.root..
Loading file: /w/halla-scshelf2102/sbs/sbs-gmn/pass0/SBS4/LD2/rootfiles/e1209019_fullreplay_11493_stream0_seg20_29.root..
Loading file: /w/halla-scshelf2102/sbs/sbs-gmn/pass0/SBS4/LD2/rootfiles/e1209019_fullreplay_11493_stream0_seg30_39.root..
Loading file: /w/halla-scshelf2102/sbs/sbs-gmn/pass0/SBS4/LD2/rootfiles/e1209019_fullreplay_11493_stream0_seg40_42.root..
Loading file: /w/halla-scshelf2102/sbs/sbs-gmn/pass0/SBS4/LD2/rootfiles/e1209019_fullreplay_11494_stream0_seg0_9.root..
Loading file: /w/halla-scshelf2102/sbs/sbs-gmn/pass0/SBS4/LD2/rootfiles/e1209019_fullreplay_11494_stream0_seg10_19.root..
Loading file: /w/halla-scshelf2102/sbs/sbs-gmn/pass0/SBS4/LD2/rootfiles/e1209019_fullreplay_11494_stream0_seg20_29.root..
Loading file: /w/halla-scshelf2102/sbs/sbs-gmn/pass0/SBS4/LD2/rootfiles/e1209019_fullreplay_11494_stream0_seg30_39.root..
Loading file: /w/halla-scshelf2102/sbs/sbs-gmn/pass0/SBS4/LD2/rootfiles/e1209019_fullreplay_11494_stream0_seg40_49.root..
Loading file: /w/halla-scshelf2102/sbs/sbs-gmn/pass0/SBS4/LD2/rootfiles/e1209019_fullreplay_11494_stream0_seg50_59.root..
Loading file: /w/halla-scshelf2102/sbs/sbs-gmn/pass0/SBS4/LD2/rootfiles/e1209019_fullreplay_11495_stream0_seg0_9.root..
Loading file: /w/halla-scshelf2102/sbs/sbs-gmn/pass0/SBS4/LD2/rootfiles/e1209019_fullreplay_11495_stream0_seg10_19.root..
Loading file: /w/halla-scshelf2102/sbs/sbs-gmn/pass0/SBS4/LD2/rootfiles/e1209019_fullreplay_11495_stream0_seg20_29.root..
Loading file: /w/halla-scshelf2102/sbs/sbs-gmn/pass0/SBS4/LD2/rootfiles/e1209019_fullreplay_11495_stream0_seg30_39.root..
Loading file: /w/halla-scshelf2102/sbs/sbs-gmn/pass0/SBS4/LD2/rootfiles/e1209019_fullreplay_11495_stream0_seg40_49.root..
Loading file: /w/halla-scshelf2102/sbs/sbs-gmn/pass0/SBS4/LD2/rootfiles/e1209019_fullreplay_11495_stream0_seg50_59.root..
Loading file: /w/halla-scshelf2102/sbs/sbs-gmn/pass0/SBS4/LD2/rootfiles/e1209019_fullreplay_11495_stream0_seg60_61.root..
Loading file: /w/halla-scshelf2102/sbs/sbs-gmn/pass0/SBS4/LD2/rootfiles/e1209019_fullreplay_11496_stream0_seg0_9.root..
Loading file: /w/halla-scshelf2102/sbs/sbs-gmn/pass0/SBS4/LD2/rootfiles/e1209019_fullreplay_11496_stream0_seg10_19.root..
Loading file: /w/halla-scshelf2102/sbs/sbs-gmn/pass0/SBS4/LD2/rootfiles/e1209019_fullreplay_11496_stream0_seg20_29.root..
Loading file: /w/halla-scshelf2102/sbs/sbs-gmn/pass0/SBS4/LD2/rootfiles/e1209019_fullreplay_11496_stream0_seg30_39.root..
Loading file: /w/halla-scshelf2102/sbs/sbs-gmn/pass0/SBS4/LD2/rootfiles/e1209019_fullreplay_11496_stream0_seg40_49.root..
Loading file: /w/halla-scshelf2102/sbs/sbs-gmn/pass0/SBS4/LD2/rootfiles/e1209019_fullreplay_11496_stream0_seg50_54.root..
Loading file: /w/halla-scshelf2102/sbs/sbs-gmn/pass0/SBS4/LD2/rootfiles/e1209019_fullreplay_11551_stream0_seg0_9.root..
Loading file: /w/halla-scshelf2102/sbs/sbs-gmn/pass0/SBS4/LD2/rootfiles/e1209019_fullreplay_11551_stream0_seg10_19.root..
Loading file: /w/halla-scshelf2102/sbs/sbs-gmn/pass0/SBS4/LD2/rootfiles/e1209019_fullreplay_11551_stream0_seg20_28.root..
Loading file: /w/halla-scshelf2102/sbs/sbs-gmn/pass0/SBS4/LD2/rootfiles/e1209019_fullreplay_11554_stream0_seg0_9.root..
Loading file: /w/halla-scshelf2102/sbs/sbs-gmn/pass0/SBS4/LD2/rootfiles/e1209019_fullreplay_11554_stream0_seg10_18.root..
Loading file: /w/halla-scshelf2102/sbs/sbs-gmn/pass0/SBS4/LD2/rootfiles/e1209019_fullreplay_11562_stream0_seg0_9.root..
Loading file: /w/halla-scshelf2102/sbs/sbs-gmn/pass0/SBS4/LD2/rootfiles/e1209019_fullreplay_11562_stream0_seg10_19.root..
Loading file: /w/halla-scshelf2102/sbs/sbs-gmn/pass0/SBS4/LD2/rootfiles/e1209019_fullreplay_11562_stream0_seg20_29.root..
Loading file: /w/halla-scshelf2102/sbs/sbs-gmn/pass0/SBS4/LD2/rootfiles/e1209019_fullreplay_11562_stream0_seg30_39.root..
Loading file: /w/halla-scshelf2102/sbs/sbs-gmn/pass0/SBS4/LD2/rootfiles/e1209019_fullreplay_11562_stream0_seg40_49.root..
Loading file: /w/halla-scshelf2102/sbs/sbs-gmn/pass0/SBS4/LD2/rootfiles/e1209019_fullreplay_11562_stream0_seg50_59.root..
Loading file: /w/halla-scshelf2102/sbs/sbs-gmn/pass0/SBS4/LD2/rootfiles/e1209019_fullreplay_11562_stream0_seg60_69.root..
Loading file: /w/halla-scshelf2102/sbs/sbs-gmn/pass0/SBS4/LD2/rootfiles/e1209019_fullreplay_11562_stream0_seg70_77.root..
Loading file: /w/halla-scshelf2102/sbs/sbs-gmn/pass0/SBS4/LD2/rootfiles/e1209019_fullreplay_11563_stream0_seg0_9.root..
Loading file: /w/halla-scshelf2102/sbs/sbs-gmn/pass0/SBS4/LD2/rootfiles/e1209019_fullreplay_11563_stream0_seg10_17.root..
Loading file: /w/halla-scshelf2102/sbs/sbs-gmn/pass0/SBS4/LD2/rootfiles/e1209019_fullreplay_11564_stream0_seg0_9.root..
Loading file: /w/halla-scshelf2102/sbs/sbs-gmn/pass0/SBS4/LD2/rootfiles/e1209019_fullreplay_11564_stream0_seg10_19.root..
Loading file: /w/halla-scshelf2102/sbs/sbs-gmn/pass0/SBS4/LD2/rootfiles/e1209019_fullreplay_11564_stream0_seg20_29.root..
Loading file: /w/halla-scshelf2102/sbs/sbs-gmn/pass0/SBS4/LD2/rootfiles/e1209019_fullreplay_11564_stream0_seg30_39.root..
Loading file: /w/halla-scshelf2102/sbs/sbs-gmn/pass0/SBS4/LD2/rootfiles/e1209019_fullreplay_11564_stream0_seg40_44.root..
Loading file: /w/halla-scshelf2102/sbs/sbs-gmn/pass0/SBS4/LD2/rootfiles/e1209019_fullreplay_11565_stream0_seg0_9.root..
Loading file: /w/halla-scshelf2102/sbs/sbs-gmn/pass0/SBS4/LD2/rootfiles/e1209019_fullreplay_11565_stream0_seg10_19.root..
Loading file: /w/halla-scshelf2102/sbs/sbs-gmn/pass0/SBS4/LD2/rootfiles/e1209019_fullreplay_11565_stream0_seg20_29.root..
Loading file: /w/halla-scshelf2102/sbs/sbs-gmn/pass0/SBS4/LD2/rootfiles/e1209019_fullreplay_11565_stream0_seg30_39.root..
Loading file: /w/halla-scshelf2102/sbs/sbs-gmn/pass0/SBS4/LD2/rootfiles/e1209019_fullreplay_11565_stream0_seg40_49.root..
Loading file: /w/halla-scshelf2102/sbs/sbs-gmn/pass0/SBS4/LD2/rootfiles/e1209019_fullreplay_11565_stream0_seg50_58.root..
Loading file: /w/halla-scshelf2102/sbs/sbs-gmn/pass0/SBS4/LD2/rootfiles/e1209019_fullreplay_11568_stream0_seg0_9.root..
Loading file: /w/halla-scshelf2102/sbs/sbs-gmn/pass0/SBS4/LD2/rootfiles/e1209019_fullreplay_11568_stream0_seg10_19.root..
Loading file: /w/halla-scshelf2102/sbs/sbs-gmn/pass0/SBS4/LD2/rootfiles/e1209019_fullreplay_11568_stream0_seg20_29.root..
Loading file: /w/halla-scshelf2102/sbs/sbs-gmn/pass0/SBS4/LD2/rootfiles/e1209019_fullreplay_11568_stream0_seg30_39.root..
Loading file: /w/halla-scshelf2102/sbs/sbs-gmn/pass0/SBS4/LD2/rootfiles/e1209019_fullreplay_11568_stream0_seg40_49.root..
Loading file: /w/halla-scshelf2102/sbs/sbs-gmn/pass0/SBS4/LD2/rootfiles/e1209019_fullreplay_11568_stream0_seg50_59.root..
Loading file: /w/halla-scshelf2102/sbs/sbs-gmn/pass0/SBS4/LD2/rootfiles/e1209019_fullreplay_11568_stream0_seg60_62.root..
Loading file: /w/halla-scshelf2102/sbs/sbs-gmn/pass0/SBS4/LD2/rootfiles/e1209019_fullreplay_11570_stream0_seg0_9.root..
Loading file: /w/halla-scshelf2102/sbs/sbs-gmn/pass0/SBS4/LD2/rootfiles/e1209019_fullreplay_11570_stream0_seg10_19.root..
Loading file: /w/halla-scshelf2102/sbs/sbs-gmn/pass0/SBS4/LD2/rootfiles/e1209019_fullreplay_11570_stream0_seg20_29.root..
Loading file: /w/halla-scshelf2102/sbs/sbs-gmn/pass0/SBS4/LD2/rootfiles/e1209019_fullreplay_11570_stream0_seg30_33.root..
Loading file: /w/halla-scshelf2102/sbs/sbs-gmn/pass0/SBS4/LD2/rootfiles/e1209019_fullreplay_11571_stream0_seg0_9.root..
Loading file: /w/halla-scshelf2102/sbs/sbs-gmn/pass0/SBS4/LD2/rootfiles/e1209019_fullreplay_11571_stream0_seg10_19.root..
Loading file: /w/halla-scshelf2102/sbs/sbs-gmn/pass0/SBS4/LD2/rootfiles/e1209019_fullreplay_11571_stream0_seg20_29.root..
Loading file: /w/halla-scshelf2102/sbs/sbs-gmn/pass0/SBS4/LD2/rootfiles/e1209019_fullreplay_11571_stream0_seg30_39.root..
Loading file: /w/halla-scshelf2102/sbs/sbs-gmn/pass0/SBS4/LD2/rootfiles/e1209019_fullreplay_11571_stream0_seg40_47.root..
Loading beam energy: 3.7278
Loading HCal distance: 11
Loading HCal angle: 0.55676
Loading BBCal angle: 0.628319
Loading W2 mean cut: 0.9677
Loading W2 sigma cut: 0.2455
Loading x position of neutron spot: -0.00632
Loading y position of proton spot: -0.6449
Loading y position of both hadron spots: -0.00831
Loading x sigma of neutron spot: 0.2128
Loading x sigma of proton spot: 0.1806
Loading y sigma of both hadron spots: 0.2688
Loading ADC time mean: 51.22
Loading ADC time sigma: 3.618
Loading Aluminum absorber option: 0
Reading all relevant config files for ld2 and setting up chain for field 50 percent.
Loading file: /w/halla-scshelf2102/sbs/sbs-gmn/pass0/SBS4/LD2/rootfiles/e1209019_fullreplay_11593_stream0_seg0_9.root..
Loading file: /w/halla-scshelf2102/sbs/sbs-gmn/pass0/SBS4/LD2/rootfiles/e1209019_fullreplay_11593_stream0_seg10_19.root..
Loading file: /w/halla-scshelf2102/sbs/sbs-gmn/pass0/SBS4/LD2/rootfiles/e1209019_fullreplay_11593_stream0_seg20_29.root..
Loading file: /w/halla-scshelf2102/sbs/sbs-gmn/pass0/SBS4/LD2/rootfiles/e1209019_fullreplay_11593_stream0_seg30_39.root..
Loading file: /w/halla-scshelf2102/sbs/sbs-gmn/pass0/SBS4/LD2/rootfiles/e1209019_fullreplay_11593_stream0_seg40_49.root..
Loading file: /w/halla-scshelf2102/sbs/sbs-gmn/pass0/SBS4/LD2/rootfiles/e1209019_fullreplay_11593_stream0_seg50_59.root..
Loading file: /w/halla-scshelf2102/sbs/sbs-gmn/pass0/SBS4/LD2/rootfiles/e1209019_fullreplay_11593_stream0_seg60_69.root..
Loading file: /w/halla-scshelf2102/sbs/sbs-gmn/pass0/SBS4/LD2/rootfiles/e1209019_fullreplay_11593_stream0_seg70_79.root..
Loading file: /w/halla-scshelf2102/sbs/sbs-gmn/pass0/SBS4/LD2/rootfiles/e1209019_fullreplay_11593_stream0_seg80_89.root..
Loading file: /w/halla-scshelf2102/sbs/sbs-gmn/pass0/SBS4/LD2/rootfiles/e1209019_fullreplay_11593_stream0_seg90_97.root..
Loading file: /w/halla-scshelf2102/sbs/sbs-gmn/pass0/SBS4/LD2/rootfiles/e1209019_fullreplay_11595_stream0_seg0_9.root..
Loading file: /w/halla-scshelf2102/sbs/sbs-gmn/pass0/SBS4/LD2/rootfiles/e1209019_fullreplay_11595_stream0_seg10_19.root..
Loading file: /w/halla-scshelf2102/sbs/sbs-gmn/pass0/SBS4/LD2/rootfiles/e1209019_fullreplay_11595_stream0_seg20_29.root..
Loading file: /w/halla-scshelf2102/sbs/sbs-gmn/pass0/SBS4/LD2/rootfiles/e1209019_fullreplay_11595_stream0_seg30_39.root..
Loading file: /w/halla-scshelf2102/sbs/sbs-gmn/pass0/SBS4/LD2/rootfiles/e1209019_fullreplay_11595_stream0_seg40_42.root..
Loading beam energy: 3.7278
Loading HCal distance: 11
Loading HCal angle: 0.55676
Loading BBCal angle: 0.628319
Loading W2 mean cut: 1.02447
Loading W2 sigma cut: 0.215229
Loading x position of neutron spot: 0.0129126
Loading y position of proton spot: -1.08927
Loading y position of both hadron spots: 0.008
Loading x sigma of neutron spot: 0.193991
Loading x sigma of proton spot: 0.182977
Loading y sigma of both hadron spots: 0.2808
Loading ADC time mean: 50.7893
Loading ADC time sigma: 3.89325
Loading Aluminum absorber option: 0


Setup parameters loaded and chains linked.
Opened many trees with 1897289 LH2 events passing global cuts.
Opened many trees with 4276972 LD2 events passing global cuts.

Total available events to calibrate = 6174261.

Looping over hydrogen data..
LH2 kinematic 4 at field 0% , entry: 100000/831041. Total events gathered for calibration: 31432
LH2 kinematic 4 at field 0% , entry: 200000/831041. Total events gathered for calibration: 63205
LH2 kinematic 4 at field 0% , entry: 300000/831041. Total events gathered for calibration: 94480
LH2 kinematic 4 at field 0% , entry: 400000/831041. Total events gathered for calibration: 126057
LH2 kinematic 4 at field 0% , entry: 500000/831041. Total events gathered for calibration: 158305
LH2 kinematic 4 at field 0% , entry: 600000/831041. Total events gathered for calibration: 190346
LH2 kinematic 4 at field 0% , entry: 700000/831041. Total events gathered for calibration: 222196
LH2 kinematic 4 at field 0% , entry: 800000/831041. Total events gathered for calibration: 253420
LH2 kinematic 4 at field 30% , entry: 100000/879304. Total events gathered for calibration: 315415
LH2 kinematic 4 at field 30% , entry: 200000/879304. Total events gathered for calibration: 369131
LH2 kinematic 4 at field 30% , entry: 300000/879304. Total events gathered for calibration: 422981
LH2 kinematic 4 at field 30% , entry: 400000/879304. Total events gathered for calibration: 477632
LH2 kinematic 4 at field 30% , entry: 500000/879304. Total events gathered for calibration: 524528
LH2 kinematic 4 at field 30% , entry: 600000/879304. Total events gathered for calibration: 572176
LH2 kinematic 4 at field 30% , entry: 700000/879304. Total events gathered for calibration: 621132
LH2 kinematic 4 at field 30% , entry: 800000/879304. Total events gathered for calibration: 666949
LH2 kinematic 4 at field 50% , entry: 100000/186944. Total events gathered for calibration: 749830
Looping over deuterium data..
LD2 kinematic 4 at field 0%, entry: 100000/1387085. Total events gathered for calibration: 34435
LD2 kinematic 4 at field 0%, entry: 200000/1387085. Total events gathered for calibration: 68409
LD2 kinematic 4 at field 0%, entry: 300000/1387085. Total events gathered for calibration: 102273
LD2 kinematic 4 at field 0%, entry: 400000/1387085. Total events gathered for calibration: 136447
LD2 kinematic 4 at field 0%, entry: 500000/1387085. Total events gathered for calibration: 170491
LD2 kinematic 4 at field 0%, entry: 600000/1387085. Total events gathered for calibration: 204395
LD2 kinematic 4 at field 0%, entry: 700000/1387085. Total events gathered for calibration: 238448
LD2 kinematic 4 at field 0%, entry: 800000/1387085. Total events gathered for calibration: 272347
LD2 kinematic 4 at field 0%, entry: 900000/1387085. Total events gathered for calibration: 305939
LD2 kinematic 4 at field 0%, entry: 1000000/1387085. Total events gathered for calibration: 339560
LD2 kinematic 4 at field 0%, entry: 1100000/1387085. Total events gathered for calibration: 373855
LD2 kinematic 4 at field 0%, entry: 1200000/1387085. Total events gathered for calibration: 407938
LD2 kinematic 4 at field 0%, entry: 1300000/1387085. Total events gathered for calibration: 441531
LD2 kinematic 4 at field 30%, entry: 100000/2671352. Total events gathered for calibration: 511457
LD2 kinematic 4 at field 30%, entry: 200000/2671352. Total events gathered for calibration: 553037
LD2 kinematic 4 at field 30%, entry: 300000/2671352. Total events gathered for calibration: 593022
LD2 kinematic 4 at field 30%, entry: 400000/2671352. Total events gathered for calibration: 633518
LD2 kinematic 4 at field 30%, entry: 500000/2671352. Total events gathered for calibration: 673344
LD2 kinematic 4 at field 30%, entry: 600000/2671352. Total events gathered for calibration: 713131
LD2 kinematic 4 at field 30%, entry: 700000/2671352. Total events gathered for calibration: 757058
LD2 kinematic 4 at field 30%, entry: 800000/2671352. Total events gathered for calibration: 802324
LD2 kinematic 4 at field 30%, entry: 900000/2671352. Total events gathered for calibration: 847961
LD2 kinematic 4 at field 30%, entry: 1000000/2671352. Total events gathered for calibration: 893015
LD2 kinematic 4 at field 30%, entry: 1100000/2671352. Total events gathered for calibration: 946655
LD2 kinematic 4 at field 30%, entry: 1200000/2671352. Total events gathered for calibration: 1001074
LD2 kinematic 4 at field 30%, entry: 1300000/2671352. Total events gathered for calibration: 1056020
LD2 kinematic 4 at field 30%, entry: 1400000/2671352. Total events gathered for calibration: 1110416
LD2 kinematic 4 at field 30%, entry: 1500000/2671352. Total events gathered for calibration: 1165510
LD2 kinematic 4 at field 30%, entry: 1600000/2671352. Total events gathered for calibration: 1217238
LD2 kinematic 4 at field 30%, entry: 1700000/2671352. Total events gathered for calibration: 1256586
LD2 kinematic 4 at field 30%, entry: 1800000/2671352. Total events gathered for calibration: 1295557
LD2 kinematic 4 at field 30%, entry: 1900000/2671352. Total events gathered for calibration: 1334450
LD2 kinematic 4 at field 30%, entry: 2000000/2671352. Total events gathered for calibration: 1372822
LD2 kinematic 4 at field 30%, entry: 2100000/2671352. Total events gathered for calibration: 1411054
LD2 kinematic 4 at field 30%, entry: 2200000/2671352. Total events gathered for calibration: 1449685
LD2 kinematic 4 at field 30%, entry: 2300000/2671352. Total events gathered for calibration: 1487491
LD2 kinematic 4 at field 30%, entry: 2400000/2671352. Total events gathered for calibration: 1525304
LD2 kinematic 4 at field 30%, entry: 2500000/2671352. Total events gathered for calibration: 1563880
LD2 kinematic 4 at field 30%, entry: 2600000/2671352. Total events gathered for calibration: 1601776
LD2 kinematic 4 at field 50%, entry: 100000/218535. Total events gathered for calibration: 1672495
LD2 kinematic 4 at field 50%, entry: 200000/218535. Total events gathered for calibration: 1716579

Fitting TDC/ADCt/TW distributions


Elastic yield for analyzed runs: 1453050. Total event bins available for calibration = LH2 + LD2: 785383 + 1724517 = 2509900. Total number of events analyzed: 6174261.

Diagnostic iteration complete. Histograms written to file.

CPU time elapsed = 273.28 s = 4.55467 min. Real time = 381.353 s = 6.35588 min.
