#Error and performance report from SBS-7 obtained 3_8_2023

Opened many trees with 503378 LH2 events passing global cuts.
Opened many trees with 1893940 LD2 events passing global cuts.

Total available events to calibrate = 2397318.

Looping over hydrogen data..
LH2 kinematic 7 at field 85% , entry: 100000/503378. Total events gathered for calibration: 2942
LH2 kinematic 7 at field 85% , entry: 200000/503378. Total events gathered for calibration: 5758
LH2 kinematic 7 at field 85% , entry: 300000/503378. Total events gathered for calibration: 9507
LH2 kinematic 7 at field 85% , entry: 400000/503378. Total events gathered for calibration: 13054
LH2 kinematic 7 at field 85% , entry: 500000/503378. Total events gathered for calibration: 16883

Number of events available for calibration from hydrogen alone: 
0  0  0  0  0  0  0  0  0  0  0  0  
0  0  0  0  0  0  0  0  0  0  0  0  
0  0  0  1  0  2  0  0  0  0  0  0  
0  0  0  1  12  10  6  3  1  0  0  0  
0  0  1  9  34  46  33  8  9  2  1  0  
0  0  2  23  72  114  72  44  27  9  2  0  
0  0  4  42  129  181  152  97  51  22  8  0  
0  3  10  69  189  269  221  152  87  21  3  0  
0  2  10  90  209  320  228  184  105  28  6  0  
0  0  29  99  210  277  301  214  94  39  0  0  
0  2  26  133  256  340  300  216  79  14  2  0  
0  2  39  158  306  381  317  230  87  16  1  0  
0  0  23  105  259  341  375  244  82  9  2  0  
0  0  16  124  291  382  344  278  85  13  1  0  
0  1  13  112  276  364  386  297  140  7  3  0  
0  0  13  79  232  315  364  295  149  43  4  0  
0  0  6  45  143  236  253  216  116  49  10  2  
0  0  0  14  86  158  243  239  161  74  16  6  
0  0  0  5  42  109  199  194  131  57  17  4  
0  0  0  0  12  44  75  78  55  24  8  3  
0  0  0  1  2  7  29  37  18  9  2  1  
0  0  0  0  0  4  12  14  7  1  0  0  
0  0  0  0  0  1  2  1  2  0  0  0  
0  0  0  0  0  0  0  0  0  0  0  0  

Looping over deuterium data..
LD2 kinematic 7 at field 85%, entry: 100000/1893940. Total events gathered for calibration: 2152
LD2 kinematic 7 at field 85%, entry: 200000/1893940. Total events gathered for calibration: 4078
LD2 kinematic 7 at field 85%, entry: 300000/1893940. Total events gathered for calibration: 6392
LD2 kinematic 7 at field 85%, entry: 400000/1893940. Total events gathered for calibration: 8555
LD2 kinematic 7 at field 85%, entry: 500000/1893940. Total events gathered for calibration: 11185
LD2 kinematic 7 at field 85%, entry: 600000/1893940. Total events gathered for calibration: 13879
LD2 kinematic 7 at field 85%, entry: 700000/1893940. Total events gathered for calibration: 16374
LD2 kinematic 7 at field 85%, entry: 800000/1893940. Total events gathered for calibration: 18828
LD2 kinematic 7 at field 85%, entry: 900000/1893940. Total events gathered for calibration: 21506
LD2 kinematic 7 at field 85%, entry: 1000000/1893940. Total events gathered for calibration: 24045
LD2 kinematic 7 at field 85%, entry: 1100000/1893940. Total events gathered for calibration: 26993
LD2 kinematic 7 at field 85%, entry: 1200000/1893940. Total events gathered for calibration: 29694
LD2 kinematic 7 at field 85%, entry: 1300000/1893940. Total events gathered for calibration: 32361
LD2 kinematic 7 at field 85%, entry: 1400000/1893940. Total events gathered for calibration: 35213
LD2 kinematic 7 at field 85%, entry: 1500000/1893940. Total events gathered for calibration: 37962
LD2 kinematic 7 at field 85%, entry: 1600000/1893940. Total events gathered for calibration: 41071
LD2 kinematic 7 at field 85%, entry: 1700000/1893940. Total events gathered for calibration: 43877
LD2 kinematic 7 at field 85%, entry: 1800000/1893940. Total events gathered for calibration: 46508

Fitting TDC/ADCt/TW distributions
#HCal tdc vs E fit parameter P0 obtained 3_8_2023
#Exponential fit for i PMTs -> y = P0_i*exp(-P1_i*x)+P2_i, P0_i = 
0
0
0
0
0
0
0
0
0
0
0
0
0
0
0
0
0
0
0
0
0
0
0
0
0
0
0
0
0
0
0
0
0
0
0
0
0
0
0
0
0
0
0
0
0
0
0
0
0
0
0
0
0
8.08889
0
0
0
0
0
0
0
0
0
0
6.98451
9.79709
26
26
0
0
0
0
0
0
0
0
24.085
26
15.5115
26
6.00185
0
0
0
0
0
0
5.63111
20.8533
2
7.55562
2
26
2
0
0
0
0
0
2
2
12.1605
16.9529
26
2
2
0
0
0
0
0
15.6963
14.7412
2
26
12.3766
15.8096
4.54312
0
0
0
0
2
8.48662
26
17.1199
13.845
18.9993
26
26
0
0
0
0
26
26
26
10.1108
26
2
2.44052
26
0
0
0
0
0
18.1258
2
5.09778
26
26
15.5709
0
0
0
0
0
23.9827
7.42853
2
24.6116
26
26
26
0
0
0
0
0
26
10.0833
26
22.2351
7.50204
2
26
0
0
0
0
0
0
13.5116
13.9679
26
26
22.6521
23.6551
26
0
0
0
0
0
8.69862
11.6485
19.3577
26
2
26
3.01786
0
0
0
0
0
26
26
26
15.4615
26
19.6647
26
25.868
0
0
0
0
26
26
26
26
26
26
2
26
0
0
0
0
14
22.1538
26
26
26
26
26
0
0
0
0
0
0
19.4749
26
26
26
26
2
2
0
0
0
0
0
14
26
26
2
26
21.739
0
0
0
0
0
0
0
20.2598
26
22.7058
25.1259
14
0
0
0
0
0
0
0
14
14
14
0
0
0
0


#HCal tdc vs E fit parameter P1 obtained 3_8_2023
#Exponential fit for i PMTs -> y = P0_i*exp(-P1_i*x)+P2_i, P1_i = 
0
0
0
0
0
0
0
0
0
0
0
0
0
0
0
0
0
0
0
0
0
0
0
0
0
0
0
0
0
0
0
0
0
0
0
0
0
0
0
0
0
0
0
0
0
0
0
0
0
0
0
0
0
0.024919
0
0
0
0
0
0
0
0
0
0
0.01
0.01
0.0171074
0.01
0
0
0
0
0
0
0
0
0.094697
0.0216545
0.0265234
0.102817
0.119892
0
0
0
0
0
0
0.03633
0.01
0.2
0.0268495
0.2
0.16243
0.2
0
0
0
0
0
0.01
0.01
0.01
0.0343087
0.123375
0.2
0.01
0
0
0
0
0
0.0165622
0.0455134
0.2
0.0263212
0.0473009
0.01
0.01
0
0
0
0
0.01
0.0256658
0.100945
0.0420192
0.0132171
0.01
0.0306337
0.0287326
0
0
0
0
0.0394928
0.0750791
0.0349881
0.01
0.0745282
0.2
0.01
0.116782
0
0
0
0
0
0.2
0.2
0.0413139
0.0550094
0.0863438
0.01
0
0
0
0
0
0.0277522
0.0290131
0.01
0.12311
0.114311
0.0632918
0.0169456
0
0
0
0
0
0.197282
0.064199
0.101238
0.0294934
0.0161249
0.2
0.132295
0
0
0
0
0
0
0.02106
0.0410378
0.179418
0.0581247
0.0405999
0.01
0.021911
0
0
0
0
0
0.01
0.01
0.0271902
0.0536829
0.2
0.120408
0.0453426
0
0
0
0
0
0.0451077
0.0631443
0.0836874
0.0461695
0.0776192
0.0226606
0.0165877
0.01
0
0
0
0
0.0190573
0.0673947
0.100316
0.0658334
0.0540357
0.0723746
0.2
0.0970724
0
0
0
0
0.04
0.01
0.042495
0.0979503
0.0565348
0.064657
0.117055
0
0
0
0
0
0
0.063065
0.0280327
0.0244074
0.0209741
0.0653283
0.2
0.2
0
0
0
0
0
0.04
0.0496329
0.012623
0.2
0.0128476
0.161538
0
0
0
0
0
0
0
0.0977544
0.0361506
0.0233542
0.0100029
0.04
0
0
0
0
0
0
0
0.04
0.04
0.04
0
0
0
0


#HCal tdc vs E fit parameter P2 obtained 3_8_2023
#Exponential fit for i PMTs -> y = P0_i*exp(-P1_i*x)+P2_i, P2_i = 
0
0
0
0
0
0
0
0
0
0
0
0
0
0
0
0
0
0
0
0
0
0
0
0
0
0
0
0
0
0
0
0
0
0
0
0
0
0
0
0
0
0
0
0
0
0
0
0
0
0
0
0
0
-68.891
0
0
0
0
0
0
0
0
0
0
-68.8541
-73.2516
-84.294
-79.9708
0
0
0
0
0
0
0
0
-73.4003
-72.7844
-77.417
-70.2427
-65.4184
0
0
0
0
0
0
-72.119
-85.2551
-79.3836
-84.0195
-75.5126
-73.4658
-78.8593
0
0
0
0
0
-70.7727
-68.9846
-77.7979
-71.9596
-71.2954
-71.3756
-70.9415
0
0
0
0
0
-77.4321
-69.6524
-70.5528
-81.7718
-77.9388
-83.7357
-71.8893
0
0
0
0
-71.2458
-67.7961
-72.3294
-76.6404
-78.4499
-83.7608
-70.5066
-77.0476
0
0
0
0
-66.5262
-70.1122
-74.264
-74.6281
-72.9699
-74.1878
-71.2366
-84.5005
0
0
0
0
0
-63.1669
-71.7016
-67.2242
-70.0924
-69.4393
-73.5042
0
0
0
0
0
-76.2225
-70.4151
-76.87
-75.2878
-73.6988
-76.6418
-81.9753
0
0
0
0
0
-70.5302
-76.2618
-72.4519
-78.4247
-77.7729
-75.1475
-73.4099
0
0
0
0
0
0
-68.9112
-72.4311
-73.3175
-67.5978
-71.2981
-86.1497
-91.3692
0
0
0
0
0
-66.8927
-79.6918
-72.4581
-73.1507
-77.188
-68.6714
-69.5649
0
0
0
0
0
-65.5436
-71.2555
-72.1552
-73.4373
-72.9574
-70.7597
-88.7062
-72.9563
0
0
0
0
-35.1158
-66.425
-70.9235
-73.3232
-71.571
-69.6791
-70.1924
-76.9449
0
0
0
0
-77
-71.17
-65.8152
-74.3192
-72.3767
-69.238
-70.8295
0
0
0
0
0
0
-113.935
-67.2701
-70.5584
-76.9386
-71.621
-93.3917
-80.6165
0
0
0
0
0
-77
-70.6954
-97.1844
-91.4758
-89.3075
-112.272
0
0
0
0
0
0
0
-133.325
-128.165
-69.3712
-71.3181
-77
0
0
0
0
0
0
0
-77
-77
-77
0
0
0
0


#HCal adct vs E fit parameter P0 obtained 3_8_2023
#Exponential fit for i PMTs -> y = P0_i*exp(-P1_i*x)+P2_i, P0_i = 
0
0
0
0
0
0
0
0
0
0
0
0
0
0
0
0
0
0
0
0
0
0
0
0
0
0
0
0
0
0
0
0
0
0
0
0
0
0
0
0
0
0
0
0
0
0
0
0
0
0
0
0
0
2.28304
2.79428
0
0
0
0
0
0
0
0
0
2
3.90183
9
9
6.995
0
0
0
0
0
0
0
2
6.13025
9
9
2
9
0
0
0
0
0
2
3.54088
2
2
3.25291
2
2
0
0
0
0
0
2
2
2
7.0689
2
6.56525
2.59738
0
0
0
0
9
2
2
2
9
9
4.82153
5.24084
0
0
0
0
4.79344
8.26183
2
2.75894
9
7.95649
2
2
0
0
0
0
2.65643
2
7.98178
5.78105
2
4.97084
2
2.87273
0
0
0
0
2
9
5.73176
3.87717
8.83087
9
4.24706
5.66338
0
0
0
0
9
2
4.83032
9
6.26622
6.44747
3.13462
2
0
0
0
0
2
2
7.41503
2.91226
2
2
2
0
0
0
0
0
6.62277
4.07343
9
3.22726
9
9
7.32929
7.17314
2
0
0
0
9
2
2.74161
3.26501
9
9
2
3.28041
2
9
0
0
0
2
7.21161
2
3.25948
9
7.08174
2
2
9
0
0
0
2
9
3.97151
9
9
2
5.15223
2.59736
9
0
0
0
2
9
9
6.89231
5.96539
9
2
9
9
0
0
0
0
7.17474
9
9
9
2
2
2
2
0
0
0
0
2
2
6.46983
9
8.55509
2
2
9
0
0
0
0
0
2
8.13563
5.56185
2
2
2.89966
0
0
0
0
0
0
7.66962
2
2.55936
2
0
0
0


#HCal adct vs E fit parameter P1 obtained 3_8_2023
#Exponential fit for i PMTs -> y = P0_i*exp(-P1_i*x)+P2_i, P1_i = 
0
0
0
0
0
0
0
0
0
0
0
0
0
0
0
0
0
0
0
0
0
0
0
0
0
0
0
0
0
0
0
0
0
0
0
0
0
0
0
0
0
0
0
0
0
0
0
0
0
0
0
0
0
0.05
0.05
0
0
0
0
0
0
0
0
0
0.008
0.0186386
0.0493397
0.0232923
0.05
0
0
0
0
0
0
0
0.05
0.0277637
0.05
0.05
0.05
0.0215889
0
0
0
0
0
0.05
0.05
0.05
0.05
0.008
0.05
0.05
0
0
0
0
0
0.05
0.05
0.05
0.0268502
0.05
0.05
0.05
0
0
0
0
0.0384072
0.05
0.05
0.05
0.05
0.05
0.0152036
0.05
0
0
0
0
0.05
0.05
0.05
0.05
0.05
0.0414543
0.05
0.05
0
0
0
0
0.008
0.05
0.05
0.05
0.05
0.0439268
0.05
0.008
0
0
0
0
0.05
0.008
0.015483
0.05
0.05
0.0376763
0.05
0.008
0
0
0
0
0.05
0.05
0.05
0.05
0.05
0.05
0.05
0.05
0
0
0
0
0.05
0.05
0.05
0.05
0.05
0.05
0.05
0
0
0
0
0
0.008
0.00993829
0.05
0.05
0.05
0.0467674
0.0261706
0.05
0.05
0
0
0
0.05
0.05
0.05
0.05
0.05
0.05
0.05
0.05
0.05
0.05
0
0
0
0.05
0.05
0.05
0.05
0.05
0.0191452
0.05
0.05
0.0158602
0
0
0
0.05
0.05
0.05
0.05
0.05
0.05
0.0103217
0.05
0.0407553
0
0
0
0.05
0.05
0.05
0.0106623
0.05
0.05
0.05
0.0252056
0.05
0
0
0
0
0.05
0.0376264
0.05
0.0391608
0.05
0.05
0.05
0.05
0
0
0
0
0.05
0.05
0.0385308
0.0300596
0.0436211
0.05
0.05
0.05
0
0
0
0
0
0.05
0.05
0.05
0.05
0.05
0.05
0
0
0
0
0
0
0.05
0.05
0.05
0.05
0
0
0


#HCal adct vs E fit parameter P2 obtained 3_8_2023
#Exponential fit for i PMTs -> y = P0_i*exp(-P1_i*x)+P2_i, P2_i = 
0
0
0
0
0
0
0
0
0
0
0
0
0
0
0
0
0
0
0
0
0
0
0
0
0
0
0
0
0
0
0
0
0
0
0
0
0
0
0
0
0
0
0
0
0
0
0
0
0
0
0
0
0
59.0713
63.2407
0
0
0
0
0
0
0
0
0
60.6511
59.0627
61.3499
62.2022
59.4495
0
0
0
0
0
0
0
62.1069
60.7077
61.6952
62.2038
62.2936
60.0033
0
0
0
0
0
59.3438
60.3196
59.8476
59.8299
59.5449
57.7912
55.4504
0
0
0
0
0
59.1326
60.2231
59.8041
59.5271
61.3919
57.852
60.9793
0
0
0
0
59.2866
61.1347
60.8808
59.1923
61.2869
62.0552
56.9762
55.4883
0
0
0
0
59.835
60.4638
60.1755
60.6384
61.2057
61.5353
60.3061
58.1854
0
0
0
0
59.5793
60.1335
62.7611
62.4228
61.1974
59.1832
59.176
58.8291
0
0
0
0
63.1923
57.3209
60.6521
63.1577
62.9538
63.4348
60.7045
61.0663
0
0
0
0
59.4348
61.9841
62.4115
62.0084
60.9912
62.2143
60.294
63.1786
0
0
0
0
60.0152
61.2537
62.242
62.2825
60.6495
60.6052
59.3918
0
0
0
0
0
56.7051
60.7632
63.0629
63.62
61.8816
62.2346
60.1276
60.3513
61.3537
0
0
0
63.4924
62.5408
62.1762
63.7485
62.7732
62.1087
60.8076
61.5895
60.6322
56.5244
0
0
0
61.2274
62.1676
62.5736
63.4785
62.9357
60.3988
61.4292
61.546
59.1929
0
0
0
63.0584
62.8617
62.5699
63.5094
63.0203
60.8831
59.4441
59.4498
59.5172
0
0
0
60.3006
63.7018
63.189
59.8938
62.5478
60.0399
61.9259
62.2185
66.8011
0
0
0
0
62.9502
59.9549
62.8114
62.8283
59.7659
61.1199
56.8009
63.3581
0
0
0
0
63.9915
60.1641
61.5994
60.2134
60.5638
61.0688
57.5828
54.7815
0
0
0
0
0
63.3343
65.1811
63.3511
60.7012
64.2786
60.2843
0
0
0
0
0
0
65.9058
62.4336
63.678
52.8488
0
0
0


#HCal TDC offsets obtained 3_8_2023
#Offsets obtained from fits over TDC distributions = 
-1863.03
-1863.03
-1817.81
-1909.55
-3167.52
-2945.35
-2740.11
-2944.72
-1870.82
-1836.28
-1524.45
-2202.12
-1747.34
-1747.34
-1821.54
-1751.02
-3056.65
-2908.92
-3098.84
-3305.6
-1726.74
-1722.88
-2077.25
-1611.31
-1863.03
-2159.63
-1905.4
-1787.84
-3089.16
-3039.71
-3257.1
-3281.7
-1801.14
-1858.6
-2104.61
-1952.82
-1863.03
-1475.09
-1584.94
-1753.15
-2808.69
-2844.59
-2732.42
-2740.35
-1694.41
-1558.12
-1685.12
-1949.45
1044.32
1044.32
1069.88
1102.28
308.386
-14.5412
5.23477
-84.3815
1059.6
1174.83
1183.52
1332.3
-1669.07
-2292.29
-1646.12
-1791.53
-1.79666
17.3883
-284.401
-299.809
-1725.56
-1739.59
1240.65
1583.06
-2274.7
-2619.16
-2179.71
-2212.32
-293.417
-321.728
-296.843
-317.74
-180.729
-1857.66
-1832.18
-1148.6
-1687.43
-2229.12
-1833.27
-223.167
-302.515
-307.512
-346.427
-321.725
-215.296
-365.114
-1961.27
-2576
-1596.35
-1737.8
-1789
-195.289
-307.988
-303.619
-312.486
-316.052
-193.816
-174.11
-1867.04
-1637.76
-1956.38
-1821.27
-1814.52
-205.669
-293.826
-299.287
-309.513
-310.536
-194.732
-238.247
-1888.58
-1758.57
-1757.59
-1908.64
-192.616
-197.704
-269.554
-293.329
-291.402
-295.105
-193.711
-196.452
-2233.43
-1793.93
-2103.51
-1743.95
-189.375
-193.803
-286.907
-289.069
-293.822
-305.97
-175.331
-193.728
-1707.94
-2078.27
1124.55
957.671
934.841
100.014
-34.5644
-9.63296
-16.5143
-8.04523
126.049
1083.97
1110.62
1267.32
-946.987
-1574.65
-146.949
-167.596
-238.587
-268.287
-247.896
-271.899
-156.487
-1516.49
-1266.88
-1476.56
-2152.58
-1654.67
-162.154
-169.978
-264.725
-253.662
-277.526
-276.134
-157.634
-1984.92
-1527.89
-1476.58
1383.55
1205.43
-1359.36
-138.262
-266.97
-275.51
22.9551
9.13231
-149.444
-150.065
-1470.72
-1725.01
-1052.71
-1405.44
-1567.41
-167.041
-290.263
-251.5
-273.263
-295.228
-149.892
-163.01
-1424.8
-1571.4
-3089.54
-3427.14
-2866.52
-333.818
-236.822
-235.635
-405.915
-423.91
-303.581
-349.31
-135.61
-1425.01
-1626.81
-1564.17
-949.995
-160.767
-414.448
-402.141
-246.926
-250.143
-143.875
-147.951
-309.433
-3408.86
-1242.37
-1565.96
-1506.97
-153.87
-425.809
-423.431
-252.283
-283.787
-148.266
-135.196
-3137.83
-2898.88
-1465
-1803.35
2470.94
-1510.56
-407.217
-407.596
-272.054
-275.801
-163.35
-154.344
-373.337
-3174.44
-2147.03
-1757.09
-1392.08
-1452.83
-254.035
-246.288
-235.567
-272.483
-159.918
-158.518
-1656.39
-1420.99
-1088.96
-1088.96
-1252.19
-1411.21
-2512.36
-235.449
-247.53
-259.973
-130.74
-134.403
-1467.06
-1014.92
-1929.82
-2928.05
-1748.06
-1972.99
-2325.21
-231.792
-415.662
-434.173
-1389.81
-1480.37
-1635.38
-1444.92


#HCal ADCT offsets obtained 3_8_2023
#Offsets obtained from fits over ADCT distributions = 
-40.9298
-39.0768
-41.3544
-41.5856
-9.31728
-14.9452
-16.2242
-10.1137
-35.2008
-40.0932
-49.4434
-39.3566
-39.9004
-43.0426
-2.29326
-4.7811
-11.2021
-15.2895
-11.6473
-8.0333
-2.45322
-0.663512
-27.469
-36.7236
-29.5262
1.60552
-1.54282
-9.19238
28.9968
23.57
31.608
30.1458
-1.54924
-0.0539882
1.3753
-1.11328
-6.13502
-2.51696
-5.29248
-1.42738
24.8552
22.9032
24.3802
24.3494
-0.758278
-3.1742
-0.819304
-0.213718
-0.99513
-3.65034
2.25484
-1.20286
-16.4929
52.7271
74.2231
29.32
1.7576
-0.274806
-37.7734
-39.797
-4.88982
-4.78576
-3.21572
-1.03418
54.9697
52.0187
71.0866
74.371
59.3245
1.60234
-40.0702
-41.595
3.0516
2.66696
3.659
6.90866
74.9434
78.4664
73.5082
75.8709
59.8031
59.4344
-3.0175
-6.38698
-43.7924
-42.744
-40.9448
38.9531
52.8444
52.1487
53.0175
54.7796
43.3782
37.3033
-36.1778
-40.347
-1.05424
-4.82434
0.0962972
58.7119
53.4215
51.6331
75.3746
74.7892
60.1524
60.0175
-37.8628
-40.8642
1.71326
-0.922648
40.7671
40.8148
52.3633
53.8645
72.5594
73.3561
42.0366
42.4315
-39.9198
-40.0304
-7.03812
-3.21612
60.4027
59.8706
51.8503
54.0554
72.1989
72.4431
60.7579
60.1069
-36.405
-39.2046
-42.003
-44.8358
41.5212
43.0783
73.2871
73.7899
56.0625
56.5979
42.9881
41.954
-3.75566
-4.12664
2.55482
3.12562
64.4029
66.8922
78.7581
74.6973
78.6234
79.0142
63.4921
63.9325
-3.95998
-5.54478
-7.24594
-1.16383
57.6274
61.8365
71.2487
73.4913
70.9175
73.2126
60.5126
62.362
-5.47978
-4.21054
-40.6202
-42.2792
39.0355
43.2443
72.0977
70.2839
54.4589
55.2743
42.2493
-31.714
-4.99182
-6.42524
-10.1842
-4.32532
60.7698
59.3972
72.0839
72.4802
70.5843
72.4724
61.648
60.2454
72.2789
-7.03638
-4.90364
-4.38656
60.4655
60.1776
75.7589
69.4798
76.0057
77.7078
61.1033
63.8738
59.3382
58.5628
-7.66248
-1.97461
-15.0957
60.8182
70.4597
69.6229
71.1927
74.0819
59.8419
60.9783
57.5875
60.2503
-3.58562
2.41018
-5.39344
62.3788
72.0372
73.8692
73.4689
72.093
60.6579
61.4207
56.7374
60.6891
-5.71274
-8.15006
-5.58384
58.4792
74.7987
73.323
71.2378
74.8772
59.2364
56.9444
60.6791
77.2911
-2.2821
-0.023774
-4.0184
0.204058
59.7546
52.5593
73.5721
74.3645
60.3867
61.9427
43.0445
44.0267
-2.65402
-2.63562
-8.6607
-5.68648
52.948
48.3759
69.2792
71.2683
59.2387
59.174
38.8428
45.9096
-679.994
-8.06492
-6.88164
-6.31476
-17.7271
50.1778
77.1745
72.5019
57.9582
58.8807
40.8016
-46.5334
-40.4794
-38.3958
-41.9582
-42.9688
-19.084
51.7584
53.9443
61.0418
43.0342
-41.7676
-39.6406
-41.532


Elastic yield for analyzed runs: 33022. Total event bins available for calibration = LH2 + LD2: 16951 + 49357 = 66308. Total number of events analyzed: 2397318.

Timing analysis complete. Constants and histograms written to file.

CPU time elapsed = 107.94 s = 1.799 min. Real time = 741.288 s = 12.3548 min.
