#Error and performance report from SBS-7 obtained 3_20_2023

0.00175 0.00266867 0.00263163 0.00180382 0.00263728 0.00185798 0.0024062 0.00332779 0.00145959 0.00145491 0.00222524 0.00374568 
0.00175 0.0028114 0.00168388 0.00165362 0.00176223 0.00191629 0.00127553 0.00033258 0.000987108 0.00208857 0.00104803 0.00256277 
0.00175 0.000549083 0.000775478 0.00143323 0.00133923 0.00150582 0.000878316 0.00116677 0.00122135 0.00180183 0.000868816 0.0031688 
0.00175 0.00165191 0.00138037 0.00117046 0.00431228 0.00539988 0.00149967 0.00168174 0.00171157 0.00208062 0.00191594 0.00296845 
0.00175 0.00131023 0.0015652 0.00307501 0.00206856 0.00187159 0.00274829 0.00409714 0.00320662 0.00718196 0.00184944 0.00272894 
0.00539881 0.00224432 0.00157432 0.00335002 0.0025847 0.00259352 0.00281357 0.00294212 0.00182613 0.0016925 0.00489416 0.00254265 
0.00169373 0.000275533 0.000298944 0.00104396 0.00183536 0.00155793 0.00251726 0.00215749 0.00267636 0.00302262 0.00320901 0.00311957 
0.0030827 0.00186074 0.00224689 0.00280508 0.00232815 0.00230729 0.0026887 0.00261568 0.00263684 0.00236357 0.00307503 0.00326762 
0.00512732 0.00154451 0.0034378 0.0024853 0.00273482 0.00222646 0.00234571 0.00266081 0.0023146 0.00307052 0.00497435 0.00300717 
0.00260136 0.00351141 0.00222668 0.00301817 0.00283958 0.00231322 0.00252786 0.0023466 0.00307723 0.00218403 0.00372384 0.00305697 
0.00607633 0.00281607 0.0025683 0.00255227 0.00272623 0.0023399 0.00263525 0.00272727 0.00287195 0.00337762 0.00126722 0.00216883 
0.0072298 0.00333107 0.0026274 0.00273672 0.00257554 0.00276137 0.00243531 0.00201471 0.00274655 0.00336052 0.00372077 0.00372126 
0.000449533 0.000739011 0.000262695 0.000511107 0.000883642 0.00172063 0.00263884 0.002405 0.00285315 0.00219896 0.00280235 0.0035386 
0.00660769 0.00281244 0.00238116 0.00201605 0.00178021 0.00245412 0.00209698 0.0026678 0.0019238 0.00420028 0.00625211 0.00379699 
0.00212358 0.00376131 0.00206062 0.00240169 0.00266566 0.00243115 0.00229985 0.00241757 0.00250337 0.000249395 0.0013337 0.00341337 
0.00335189 0.00280443 0.00335358 0.00297362 0.00202744 0.00163988 0.00265112 0.00262602 0.00276764 0.00271902 0.0036642 0.00356526 
0.00349821 0.000721554 0.00262248 0.00326829 0.00155753 0.00265758 0.00192736 0.00140452 0.00192733 0.00193201 0.00235239 0.00340549 
0.00274887 0.00341251 0.00321535 0.0020633 0.00229553 0.00238106 0.00278451 0.00265481 0.00261573 0.00237016 0.00367688 0.00534119 
0.0050249 0.00292725 0.00279679 0.00295388 0.00294169 0.00218871 0.00241801 0.00263205 0.00198309 0.00253778 0.00241385 0.00534245 
0.00432152 0.00164664 0.00316336 0.00203728 0.00360837 0.00225993 0.00219345 0.00172604 0.00256187 0.00276297 0.00369391 0.00372496 
0.0045194 0.00171242 0.000476805 0.00362154 0.00191929 0.00332668 0.00192913 0.00320868 0.00286725 0.00255268 0.00257378 0.00410904 
0.00265122 0.00116889 0.00190811 0.00412522 0.00424266 0.00230703 0.00305885 0.00232582 0.00279655 0.00202897 0.00436417 0.00338812 
0.00175 0.00403728 0.00184311 0.00360777 0.00171599 0.00382289 0.00260693 0.00234487 0.0033208 0.00291607 0.00399183 0.00308539 
0.00731553 0.00733844 0.00269888 0.00236267 0.00204097 0.00402017 0.00162487 0.000460167 0.00157057 0.00151657 0.00263376 0.00416878 

Loading previous gain coefficients from file for pass0 kinematics: /u/home/sbs-gmn/pass0/SBS_REPLAY/SBS-replay/DB/db_sbs.hcal.dat..
pass0 is 1


Old ADC gain params from pass0 db file: 
0.00175 0.00266867 0.00263163 0.00180382 0.00263728 0.00185798 0.0024062 0.00332779 0.00145959 0.00145491 0.00222524 0.00374568 
0.00175 0.0028114 0.00168388 0.00165362 0.00176223 0.00191629 0.00127553 0.00033258 0.000987108 0.00208857 0.00104803 0.00256277 
0.00175 0.000549083 0.000775478 0.00143323 0.00133923 0.00150582 0.000878316 0.00116677 0.00122135 0.00180183 0.000868816 0.0031688 
0.00175 0.00165191 0.00138037 0.00117046 0.00117154 0.00130065 0.00149967 0.00168174 0.00171157 0.00208062 0.00191594 0.00296845 
0.00175 0.00131023 0.0015652 0.00146996 0.00149789 0.00122581 0.0015918 0.0015631 0.00183514 0.00202092 0.00184944 0.00272894 
0.00539881 0.00224432 0.00157432 0.00144749 0.00150163 0.00162213 0.00117414 0.00165062 0.00156161 0.00147743 0.00173477 0.00254265 
0.00169373 0.000275533 0.000298944 0.000599265 0.00105645 0.00086871 0.00160354 0.00151191 0.00183094 0.00200068 0.00173649 0.00311957 
0.0030827 0.00186074 0.00144928 0.00160785 0.00141713 0.00129993 0.00175116 0.00180068 0.00199998 0.00208202 0.00197725 0.00326762 
0.00512732 0.00154451 0.000979505 0.00125333 0.00154216 0.00139283 0.00116208 0.00143264 0.00162997 0.00190801 0.00176975 0.00300717 
0.00260136 0.00148176 0.00146341 0.00166698 0.0014947 0.00141715 0.00175344 0.00170741 0.00169573 0.00209187 0.00155949 0.00305697 
0.00607633 0.00171058 0.00137975 0.00161664 0.00163906 0.00177731 0.00175405 0.00177746 0.00180745 0.00197599 0.00126722 0.00216883 
0.0072298 0.00174206 0.00140851 0.00154404 0.00161964 0.00169163 0.00147921 0.00176682 0.00154032 0.00213906 0.00240923 0.00372126 
0.000449533 0.000488912 0.000590922 0.000582451 0.000745794 0.00101917 0.00161642 0.00168821 0.00159181 0.00142471 0.00228241 0.0035386 
0.00660769 0.00120219 0.00137378 0.00110814 0.00108169 0.00150119 0.00135809 0.00178457 0.00133372 0.00214296 0.00270455 0.00379699 
0.00212358 0.0017905 0.00117037 0.00140173 0.00156192 0.00156128 0.00162737 0.00171791 0.00172918 0.000244951 0.00250264 0.00341337 
0.00335189 0.00127896 0.00148071 0.00133853 0.00136398 0.00118429 0.00160078 0.00182872 0.00147448 0.00191438 0.00274045 0.00356526 
0.00349821 0.000794794 0.00150729 0.00127622 0.00111391 0.00139497 0.00137369 0.000975249 0.00109081 0.00155438 0.00195526 0.00340549 
0.00274887 0.00140077 0.00135238 0.00107242 0.0015003 0.00127913 0.00167818 0.00187533 0.0015864 0.0015361 0.00244788 0.00366691 
0.0050249 0.00292725 0.00159332 0.00131823 0.00154002 0.00129025 0.00152842 0.00172602 0.00125051 0.00149605 0.0020386 0.0037875 
0.00432152 0.00164664 0.00152238 0.00133137 0.0018508 0.00123938 0.00137083 0.00119434 0.0016172 0.00155701 0.00168128 0.00372496 
0.0045194 0.00171242 0.000476805 0.001309 0.00130803 0.00128104 0.00124791 0.00160076 0.00154403 0.00131706 0.00138985 0.00410904 
0.00265122 0.00116889 0.00190811 0.00166903 0.00179654 0.00185825 0.00169268 0.00158463 0.00158704 0.00105741 0.00183152 0.00338812 
0.00175 0.00403728 0.00184311 0.00188862 0.00164165 0.00163744 0.00149042 0.00142973 0.00163888 0.00171401 0.00262937 0.00308539 
0.00731553 0.00733844 0.00269888 0.00236267 0.00204097 0.00246712 0.00241754 0.00240661 0.00195007 0.00151657 0.00263376 0.00416878 

Loading fit parameters..
0 0 0 0 0 0 0 0 0 0 0 0 
0 0 0 0 0 0 0 0 0 0 0 0 
0 0 0 0 0 0 0 0 0 0 0 0 
0 0 0 0 0 0 0 0 0 0 0 0 
0 0 0 0 0 8.13288 0 0 0 0 0 0 
0 0 0 0 6.9808 9.92652 26 26 0 0 0 0 
0 0 0 0 22.9216 26 15.2057 26 5.25433 0 0 0 
0 0 0 5.54626 20.9803 2 7.61297 2 26 2 0 0 
0 0 0 2 2 26 16.9739 26 2 2 0 0 
0 0 0 15.7517 14.7119 2 26 11.9044 16.0653 4.50836 0 0 
0 0 2 8.65792 26 16.746 13.8337 17.7666 26 26 0 0 
0 0 26 26 26 10.0698 26 2 2.70461 26 0 0 
0 0 0 19.5798 2 4.79238 26 26 15.643 0 0 0 
0 0 24.0661 7.53779 2 24.8464 26 26 26 0 0 0 
0 0 2 10.5097 26 22.1335 7.48568 3.31892 26 0 0 0 
0 0 0 13.5095 13.5722 26 26 22.7512 23.89 26 0 0 
0 0 0 8.72802 10.3661 19.2727 26 2 26 3.77197 0 0 
0 0 0 26 24.0224 26 14.9178 26 19.5777 26 26 0 
0 0 0 26 26 26 26 26 26 2 26 0 
0 0 0 14 22.6669 26 26 26 26 26 0 0 
0 0 0 0 2.04256 26 26 26 26 2 2 0 
0 0 0 0 14 26 26 17.0487 26 21.739 0 0 
0 0 0 0 0 23.2803 26 19.6178 25.4323 14 0 0 
0 0 0 0 0 14 14 14 0 0 0 0 


TDC Timewalk Fit P1 vs Channels: 
0 0 0 0 0 0 0 0 0 0 0 0 
0 0 0 0 0 0 0 0 0 0 0 0 
0 0 0 0 0 0 0 0 0 0 0 0 
0 0 0 0 0 0 0 0 0 0 0 0 
0 0 0 0 0 0.0256325 0 0 0 0 0 0 
0 0 0 0 0.01 0.01 0.0176437 0.01 0 0 0 0 
0 0 0 0 0.0931887 0.0222157 0.0259399 0.104142 0.119191 0 0 0 
0 0 0 0.0370357 0.01 0.2 0.028183 0.2 0.165689 0.2 0 0 
0 0 0 0.2 0.01 0.130915 0.0350042 0.12555 0.0171902 0.01 0 0 
0 0 0 0.0170325 0.0462711 0.2 0.0267701 0.048706 0.01 0.01 0 0 
0 0 0.01 0.0287539 0.10348 0.042831 0.0133059 0.010744 0.0308338 0.0292872 0 0 
0 0 0.0409534 0.0765842 0.0360832 0.01 0.0764879 0.2 0.0100039 0.122782 0 0 
0 0 0 0.2 0.2 0.0388289 0.0565849 0.0894318 0.01 0 0 0 
0 0 0.0285531 0.0307542 0.01 0.125735 0.117038 0.0646887 0.0174092 0 0 0 
0 0 0.01 0.0672402 0.103156 0.0307182 0.0171819 0.01 0.135076 0 0 0 
0 0 0 0.0215034 0.0396943 0.186648 0.0589199 0.0422778 0.01 0.0224063 0 0 
0 0 0 0.01 0.01 0.0277591 0.0552736 0.2 0.123344 0.0510847 0 0 
0 0 0 0.0456289 0.01 0.0860052 0.0461647 0.0790321 0.0239517 0.0169985 0.01 0 
0 0 0 0.0195899 0.0691214 0.103997 0.0685466 0.0551852 0.0743765 0.2 0.100638 0 
0 0 0 0.04 0.01 0.0433579 0.100891 0.0593747 0.0655346 0.121813 0 0 
0 0 0 0 0.0638139 0.0286644 0.0250306 0.0218307 0.0675633 0.2 0.2 0 
0 0 0 0 0.04 0.0500686 0.0129287 0.2 0.0131172 0.161538 0 0 
0 0 0 0 0 0.0992945 0.036831 0.0288824 0.0100001 0.04 0 0 
0 0 0 0 0 0.04 0.04 0.04 0 0 0 0 


TDC Timewalk Fit P2 vs Channels: 
0 0 0 0 0 0 0 0 0 0 0 0 
0 0 0 0 0 0 0 0 0 0 0 0 
0 0 0 0 0 0 0 0 0 0 0 0 
0 0 0 0 0 0 0 0 0 0 0 0 
0 0 0 0 0 -68.8963 0 0 0 0 0 0 
0 0 0 0 -68.896 -73.3831 -84.2457 -80.1042 0 0 0 0 
0 0 0 0 -73.4236 -72.7784 -77.4905 -70.2714 -65.408 0 0 0 
0 0 0 -72.0998 -85.4578 -79.3855 -84.0025 -75.5169 -73.4818 -78.8628 0 0 
0 0 0 -69.5492 -68.9951 -72.1772 -71.9896 -71.3165 -72.2882 -70.9547 0 0 
0 0 0 -77.4461 -69.6695 -70.5566 -81.8132 -77.7338 -83.9876 -71.8796 0 0 
0 0 -71.2579 -67.6489 -72.32 -76.4915 -78.5013 -82.6772 -70.6176 -77.1002 0 0 
0 0 -66.4699 -70.1508 -74.2371 -74.6487 -72.9609 -74.1926 -71.4282 -84.4624 0 0 
0 0 0 -63.257 -71.7091 -67.2363 -70.0758 -69.368 -73.6424 0 0 0 
0 0 -76.2429 -70.3886 -76.8822 -75.3131 -73.6963 -76.657 -81.9683 0 0 0 
0 0 -70.6385 -76.286 -72.4297 -78.2848 -77.6865 -77.135 -73.4214 0 0 0 
0 0 0 -68.9221 -72.5061 -73.2907 -67.6717 -71.2354 -86.4297 -91.396 0 0 
0 0 0 -66.969 -78.8074 -72.4552 -73.0744 -77.1911 -68.669 -69.7344 0 0 
0 0 0 -65.6022 -81.9118 -72.1448 -73.376 -72.9647 -70.5392 -88.7176 -73.1673 0 
0 0 0 -35.1271 -66.4235 -70.9015 -73.2059 -71.5798 -69.6622 -70.1938 -76.9545 0 
0 0 0 -77 -71.6392 -65.8358 -74.3311 -72.2706 -69.3889 -70.7667 0 0 
0 0 0 0 -113.548 -67.2781 -70.5865 -76.8622 -71.5992 -93.3978 -80.6165 0 
0 0 0 0 -77 -70.7184 -97.1706 -93.007 -89.3109 -112.272 0 0 
0 0 0 0 0 -133.447 -128.169 -67.8309 -71.6015 -77 0 0 
0 0 0 0 0 -77 -77 -77 0 0 0 0 


ADCt Timewalk Fit P0 vs Channels: 
0 0 0 0 0 0 0 0 0 0 0 0 
0 0 0 0 0 0 0 0 0 0 0 0 
0 0 0 0 0 0 0 0 0 0 0 0 
0 0 0 0 0 0 0 0 0 0 0 0 
0 0 0 0 0 2.30129 2 0 0 0 0 0 
0 0 0 0 2 3.88848 9 9 7.12785 0 0 0 
0 0 0 0 2 6.17709 9 9 2 9 0 0 
0 0 0 2 3.42204 2 2 3.2086 2 2 0 0 
0 0 0 2 2 2 8.72646 2 6.55469 2.64725 0 0 
0 0 9 2 2 2 8.90285 9 5.85543 5.16546 0 0 
0 0 4.74777 8.02135 2 2.62314 9 8.09876 2 2 0 0 
0 0 2.70781 2 7.42212 5.77483 2 4.64078 2 2.93112 0 0 
0 0 2 9 5.72568 3.80795 8.72146 9 4.16601 5.77676 0 0 
0 0 9 2 4.71208 9 6.13656 6.41014 3.02183 2 0 0 
0 0 2 2 6.94101 2.96377 2 2 2 0 0 0 
0 0 6.67392 4.05235 9 3.23544 9 9 7.53634 7.10446 2 0 
0 0 9 2 2.76751 3.25701 9 8.8506 2 3.22006 2 9 
0 0 0 2 7.07031 2 3.28575 9 7.98607 2 2 9 
0 0 0 2 9 3.91863 9 9 2 4.91707 2.57884 9 
0 0 0 2 9 9 6.91043 5.3862 9 2 9 9 
0 0 0 0 6.91255 9 9 9 2.16772 2 2 2 
0 0 0 0 2 2 6.94409 9 9 2 2 9 
0 0 0 0 0 2 8.18757 5.32899 2 2 2.64919 0 
0 0 0 0 0 7.15977 2 3.78133 2 0 0 0 


ADCt Timewalk Fit P1 vs Channels: 
0 0 0 0 0 0 0 0 0 0 0 0 
0 0 0 0 0 0 0 0 0 0 0 0 
0 0 0 0 0 0 0 0 0 0 0 0 
0 0 0 0 0 0 0 0 0 0 0 0 
0 0 0 0 0 0.05 0.05 0 0 0 0 0 
0 0 0 0 0.008 0.0204942 0.05 0.0236103 0.05 0 0 0 
0 0 0 0 0.05 0.028752 0.05 0.05 0.05 0.0227158 0 0 
0 0 0 0.05 0.05 0.05 0.05 0.008 0.05 0.05 0 0 
0 0 0 0.05 0.05 0.05 0.05 0.05 0.05 0.05 0 0 
0 0 0.0396505 0.05 0.05 0.05 0.05 0.05 0.008 0.05 0 0 
0 0 0.05 0.05 0.05 0.05 0.05 0.0429903 0.05 0.05 0 0 
0 0 0.008 0.05 0.05 0.05 0.05 0.0349539 0.05 0.008 0 0 
0 0 0.05 0.008 0.05 0.05 0.05 0.0384347 0.05 0.008 0 0 
0 0 0.05 0.05 0.05 0.05 0.05 0.05 0.05 0.05 0 0 
0 0 0.05 0.05 0.05 0.05 0.05 0.05 0.05 0 0 0 
0 0 0.008 0.010481 0.05 0.05 0.05 0.0472306 0.0415167 0.05 0.05 0 
0 0 0.05 0.05 0.05 0.05 0.05 0.05 0.05 0.05 0.05 0.05 
0 0 0 0.05 0.05 0.05 0.05 0.05 0.05 0.05 0.05 0.0168235 
0 0 0 0.05 0.05 0.05 0.05 0.05 0.05 0.0111734 0.05 0.0417606 
0 0 0 0.05 0.05 0.05 0.0107974 0.05 0.05 0.05 0.025452 0.05 
0 0 0 0 0.05 0.0386839 0.05 0.0396922 0.008 0.05 0.05 0.05 
0 0 0 0 0.05 0.05 0.05 0.0303255 0.05 0.05 0.05 0.05 
0 0 0 0 0 0.05 0.05 0.05 0.05 0.05 0.05 0 
0 0 0 0 0 0.05 0.05 0.05 0.05 0 0 0 


ADCt Timewalk Fit P2 vs Channels: 
0 0 0 0 0 0 0 0 0 0 0 0 
0 0 0 0 0 0 0 0 0 0 0 0 
0 0 0 0 0 0 0 0 0 0 0 0 
0 0 0 0 0 0 0 0 0 0 0 0 
0 0 0 0 0 59.0566 64.0137 0 0 0 0 0 
0 0 0 0 60.6395 59.1435 61.33 62.171 59.3606 0 0 0 
0 0 0 0 62.0967 60.7079 61.644 62.1562 62.2849 60.0606 0 0 
0 0 0 59.3755 60.3264 59.8868 59.8188 59.5635 57.7888 55.44 0 0 
0 0 0 59.1478 60.2284 59.8628 60.2193 61.3737 57.8197 60.939 0 0 
0 0 59.3026 61.1246 60.8595 59.191 61.2663 62.0044 55.4975 55.4835 0 0 
0 0 59.8196 60.4931 60.1656 60.6769 61.1595 61.5083 60.2994 58.1743 0 0 
0 0 59.53 60.1686 62.9399 62.3919 61.1928 58.8961 59.1649 58.7743 0 0 
0 0 63.1776 57.3027 62.2501 63.1558 62.9217 63.4127 60.702 60.9576 0 0 
0 0 59.4439 61.9739 62.4122 61.963 60.9937 62.1839 60.3215 63.164 0 0 
0 0 60.0046 61.2671 62.4029 62.2411 60.653 60.5875 59.3911 0 0 0 
0 0 56.6342 60.807 63.0001 63.5787 61.8411 62.1899 60.9841 60.3319 61.3428 0 
0 0 63.4472 62.642 62.1508 63.7369 62.7187 62.0914 60.8119 61.5924 60.6189 56.5244 
0 0 0 61.2168 62.1716 62.5581 63.4293 62.8887 61.7144 61.4153 61.5342 59.2671 
0 0 0 63.0484 62.8241 62.5595 63.4761 62.9757 60.825 59.6711 59.4228 59.5025 
0 0 0 60.2894 63.6492 63.1312 59.8626 62.8017 60.0015 61.9144 62.1478 66.8011 
0 0 0 0 62.9852 59.9603 62.7581 62.8074 58.7689 61.09 56.7912 63.3581 
0 0 0 0 63.9804 60.1537 61.8358 60.1766 60.67 61.058 57.3914 54.7815 
0 0 0 0 0 63.3235 65.1264 63.3756 60.7013 64.2678 60.3296 0 
0 0 0 0 0 65.9728 62.5641 63.3429 53.8013 0 0 0 


TDC offsets vs Channels: 
-1863.03 -1863.03 -1817.81 -1909.55 -3167.52 -2945.35 -2740.11 -2944.72 -1870.82 -1836.28 -1524.45 -2202.12 
-1747.34 -1747.34 -1821.54 -1751.02 -3056.65 -2908.92 -3098.84 -3305.6 -1726.74 -1722.88 -2077.25 -1611.31 
-1863.03 -2159.63 -1905.4 -1787.84 -3089.16 -3039.71 -3257.1 -3281.7 -1801.14 -1858.6 -2104.61 -1952.82 
-1863.03 -1475.09 -1584.94 -1753.15 -2808.69 -2844.59 -2732.42 -2740.35 -1694.41 -1558.12 -1685.12 -1949.45 
1044.32 1044.32 1069.88 1102.28 308.386 63.2772 5.23477 -84.3815 1059.6 1174.83 1183.52 1332.3 
-1669.07 -2292.29 -1646.12 -1791.53 22.8788 221.348 -2839.65 -2969.12 -1725.56 -1739.59 1240.65 1583.06 
-2274.7 -2619.16 -2179.71 -2212.32 -3170.02 -3069.12 -2923.47 -3150.98 -1756.83 -1857.66 -1832.18 -1148.6 
-1687.43 -2229.12 -1833.27 -1850.67 -2807.54 -316.865 -323.603 -3083.82 -2047.53 -1820.06 -1961.27 -2576 
-1596.35 -1737.8 -1789 -1684.19 -2774.15 -319.245 -2909.07 -2964.22 -1774.21 -1722.46 -1867.04 -1637.76 
-1956.38 -1821.27 -1814.52 -1844.26 -312.402 -319.002 -326.548 -328.453 -1755.18 -1994.81 -1888.58 -1758.57 
-1757.59 -1908.64 -1798.22 -1859.33 -286.719 -307.838 -243.026 -2797.57 -1777.48 -1828.58 -2233.43 -1793.93 
-2103.51 -1743.95 -1845.91 -1862.82 -414.944 -302.253 -309.772 -322.107 -1760.53 -1784.77 -1707.94 -2078.27 
1124.55 957.671 934.841 908.423 -196.622 -26.7261 -28.6612 -24.3834 1174.78 1083.97 1110.62 1267.32 
-946.987 -1574.65 -1397.42 -1610.73 -247.503 -282.018 -266.365 -289.065 -1497.67 -1516.49 -1266.88 -1476.56 
-2152.58 -1654.67 -1370.78 -1597.41 -283.562 -269.985 -284.981 -306.792 -1559.58 -1984.92 -1527.89 -1476.58 
1383.55 1205.43 -1359.36 -1308.38 -283.75 -288.794 4.04438 -2.96825 -1478.37 -1318.31 -1470.72 -1725.01 
-1052.71 -1405.44 -1567.41 -1583.02 -304.112 -279.409 -281.233 -247.206 -1464.27 -1594.41 -1424.8 -1571.4 
-3089.54 -3427.14 -2866.52 -3274.34 -2229.88 -251.757 -417.927 -440.402 -319.104 -3181.74 -1180.32 -1425.01 
-1626.81 -1564.17 -949.995 -1504.01 -3993 -418.64 -322.174 -263.673 -155.521 -1438.07 -2919.75 -3408.86 
-1242.37 -1565.96 -1506.97 -1358.08 -4080.65 -4112.35 -2369.23 -2638.75 -1421.62 -1313.35 -3137.83 -2898.88 
-1465 -1803.35 2470.94 -1510.56 669.643 -3977.89 -2620.46 -2679.39 -1593.89 -1630.36 -3150.73 -3174.44 
-2147.03 -1757.09 -1392.08 -1452.83 -2511.54 -2389.06 -2369.8 -2819.29 -1629.41 -1694.18 -1656.39 -1420.99 
-1088.96 -1088.96 -1252.19 -1411.21 -2512.36 -2315.67 -2645.36 -2673.22 -1473.65 -1506.62 -1467.06 -1014.92 
-1929.82 -2928.05 -1748.06 -1972.99 -2325.21 -2608.12 -4020.86 -4270.49 -1389.81 -1480.37 -1635.38 -1444.92 


ADCt offsets vs Channels: 
-90.9298 -89.0768 -91.3544 -91.5856 -59.3173 -64.9452 -66.2242 -60.1137 -85.2008 -90.0932 -99.4434 -89.3566 
-89.9004 -93.0426 -52.2933 -54.7811 -61.2021 -65.2895 -61.6473 -58.0333 -52.4532 -50.6635 -77.469 -86.7236 
-79.5262 -48.3945 -51.5428 -59.1924 -21.0032 -26.43 -18.392 -19.8542 -51.5492 -50.054 -48.6247 -51.1133 
-56.135 -52.517 -55.2925 -51.4274 -25.1448 -27.0968 -25.6198 -25.6506 -50.7583 -53.1742 -50.8193 -50.2137 
-50.9951 -53.6503 -47.7452 -51.2029 -66.4929 2.72711 24.2231 -20.68 -48.2424 -50.2748 -87.7734 -89.797 
-54.8898 -54.7858 -53.2157 -51.0342 4.96975 2.01874 21.0866 24.371 9.32453 -48.3977 -90.0702 -91.595 
-46.9484 -47.333 -46.341 -43.0913 24.9434 28.4664 23.5082 25.8709 9.80307 9.43443 -53.0175 -56.387 
-93.7924 -92.744 -90.9448 -11.0469 2.84437 2.14871 3.01751 4.77963 -6.62185 -12.6967 -86.1778 -90.347 
-51.0542 -54.8243 -49.9037 8.7119 3.42151 1.63312 25.3746 24.7892 10.1524 10.0175 -87.8628 -90.8642 
-48.2867 -50.9226 -9.23287 -9.18522 2.36334 3.8645 22.5594 23.3561 -7.96338 -7.56847 -89.9198 -90.0304 
-57.0381 -53.2161 10.4027 9.87062 1.85031 4.05543 22.1989 22.4431 10.7579 10.1069 -86.405 -89.2046 
-92.003 -94.8358 -8.47879 -6.92173 23.2871 23.7899 6.0625 6.59792 -7.01189 -8.04603 -53.7557 -54.1266 
-47.4452 -46.8744 14.4029 16.8922 28.7581 24.6973 28.6234 29.0142 13.4921 13.9325 -53.96 -55.5448 
-57.2459 -51.1638 7.62741 11.8365 21.2487 23.4913 20.9175 23.2126 10.5126 12.362 -55.4798 -54.2105 
-90.6202 -92.2792 -10.9645 -6.75567 22.0977 20.2839 4.45888 5.27426 -7.75066 -81.714 -54.9918 -56.4252 
-60.1842 -54.3253 10.7698 9.39716 22.0839 22.4802 20.5843 22.4724 11.648 10.2454 22.2789 -57.0364 
-54.9036 -54.3866 10.4655 10.1776 25.7589 19.4798 26.0057 27.7078 11.1033 13.8738 9.33816 8.56282 
-57.6625 -51.9746 -65.0957 10.8182 20.4597 19.6229 21.1927 24.0819 9.84188 10.9783 7.58753 10.2503 
-53.5856 -47.5898 -55.3934 12.3788 22.0372 23.8692 23.4689 22.093 10.6579 11.4207 6.73743 10.6891 
-55.7127 -58.1501 -55.5838 8.47918 24.7987 23.323 21.2378 24.8772 9.23636 6.94442 10.6791 27.2911 
-52.2821 -50.0238 -54.0184 -49.7959 9.75464 2.55931 23.5721 24.3645 10.3867 11.9427 -6.95554 -5.97325 
-52.654 -52.6356 -58.6607 -55.6865 2.94798 -1.62413 19.2792 21.2683 9.23873 9.17401 -11.1572 -4.09038 
-729.994 -58.0649 -56.8816 -56.3148 -67.7271 0.177846 27.1745 22.5019 7.95816 8.88068 -9.19836 -96.5334 
-90.4794 -88.3958 -91.9582 -92.9688 -69.084 1.75845 3.94429 11.0418 -6.96576 -91.7676 -89.6406 -91.532 

Loading previous offsets from database file: /u/home/sbs-gmn/pass0/SBS_REPLAY/SBS-replay/DB/db_sbs.hcal.dat..


Old TDC offsets: 
-255.089 -255.089 -250.535 -259.775 -386.477 -364.1 -343.428 -364.037 -255.874 -252.395 -220.988 -289.242 
-243.437 -243.437 -250.911 -243.808 -375.31 -360.431 -379.559 -400.384 -241.362 -240.974 -276.665 -229.736 
-255.089 -284.963 -259.357 -247.516 -378.584 -373.604 -395.499 -397.977 -248.856 -254.643 -279.421 -264.133 
-255.089 -216.016 -227.08 -244.022 -350.336 -353.952 -342.654 -343.453 -238.106 -224.379 -237.17 -263.794 
37.7369 37.7369 40.3112 43.5753 -36.3856 -61.0728 -66.9188 -75.9449 39.2759 50.8825 51.7579 66.7426 
-235.554 -298.324 -233.242 -247.888 -65.1417 -45.152 -353.454 -366.494 -241.243 -242.657 57.5117 91.9988 
-296.553 -331.246 -286.985 -290.27 -386.729 -376.566 -361.896 -384.811 -244.393 -254.548 -251.982 -183.132 
-237.403 -291.962 -252.092 -253.844 -350.22 -358.961 -364.679 -378.047 -273.672 -250.761 -264.984 -326.899 
-228.23 -242.476 -247.633 -237.077 -346.857 -343.3 -360.446 -366.001 -246.143 -240.931 -255.493 -232.4 
-264.492 -250.883 -250.203 -253.199 -337.027 -343.967 -354.094 -355.42 -244.227 -268.362 -257.663 -244.568 
-244.469 -259.683 -248.562 -254.717 -322.973 -345.616 -345.68 -349.216 -246.473 -251.62 -292.396 -248.13 
-279.31 -243.096 -253.365 -255.068 -346.945 -351.476 -357.24 -368.53 -244.766 -247.207 -239.469 -276.768 
45.8183 29.01 26.7106 24.0498 -103.278 -80.1684 -82.3606 -78.0702 50.8769 41.7307 44.415 60.1981 
-162.826 -226.044 -208.193 -229.678 -300.926 -327.928 -311.305 -330.308 -218.291 -220.186 -195.045 -216.164 
-284.253 -234.103 -205.51 -228.336 -317.808 -308.613 -324.64 -333.398 -224.526 -267.366 -221.334 -216.166 
71.9046 53.9639 -204.36 -199.225 -326.802 -336.215 -40.7253 -49.0955 -216.347 -200.225 -215.576 -241.188 
-173.474 -209.001 -225.315 -226.887 -347.135 -310.068 -333.326 -357.196 -214.926 -228.034 -210.951 -225.717 
-378.623 -412.626 -356.16 -397.236 -292.038 -295.476 -463.996 -480.703 -363.358 -387.909 -186.327 -210.972 
-231.297 -224.988 -163.129 -218.929 -469.619 -458.081 -304.536 -306.394 -205.824 -212.288 -361.522 -410.784 
-192.577 -225.169 -219.227 -204.231 -478.447 -481.64 -306.074 -333.219 -210.631 -199.726 -383.486 -359.42 
-215 -249.078 181.426 -219.589 -0 -468.097 -331.377 -337.313 -227.982 -231.655 -384.786 -387.174 
-283.694 -244.419 -207.656 -213.774 -320.407 -308.071 -306.131 -351.403 -231.559 -238.083 -234.277 -210.567 
-177.125 -177.125 -193.566 -209.582 -320.489 -300.679 -333.885 -336.691 -215.871 -219.192 -215.207 -169.668 
-261.816 -362.358 -243.51 -266.164 -301.64 -330.134 -472.425 -497.567 -207.427 -216.548 -232.161 -212.978 


Old ADC time offsets: 
-20.4649 -19.5384 -20.6772 -20.7928 -4.65864 -7.47262 -8.1121 -5.05684 -17.6004 -20.0466 -24.7217 -19.6783 
-19.9502 -21.5213 -1.14663 -2.39055 -5.60107 -7.64476 -5.82366 -4.01665 -1.22661 -0.331756 -13.7345 -18.3618 
-14.7631 0.802762 -0.771412 -4.59619 14.4984 11.785 15.804 15.0729 -0.774618 -0.0269941 0.687648 -0.556642 
-3.06751 -1.25848 -2.64624 -0.713689 12.4276 11.4516 12.1901 12.1747 -0.379139 -1.5871 -0.409652 -0.106859 
-0.497565 -1.82517 1.12742 -0.601431 -8.24647 -7.5571 13.5816 14.66 0.878802 -0.137403 -18.8867 -19.8985 
-2.44491 -2.39288 -1.60786 -0.517088 -5.5958 -8.97355 10.7787 13.8027 -0.633928 0.801172 -20.0351 -20.7975 
1.5258 1.33348 1.8295 3.45433 13.4532 16.6256 12.304 14.5475 -1.11821 0.636825 -1.50875 -3.19349 
-21.8962 -21.372 -20.4724 -20.3605 -7.06647 -8.12335 -7.54935 -6.24695 -16.9353 -18.4995 -18.0889 -20.1735 
-0.52712 -2.41217 0.0481486 -0.958024 -6.04369 -8.11147 14.4621 14.6745 0.37615 0.321159 -18.9314 -20.4321 
0.856632 -0.461324 -19.831 -19.1582 -8.05309 -6.60605 12.1439 12.6343 -18.6659 -17.2439 -19.9599 -20.0152 
-3.51906 -1.60806 -0.436322 -0.659721 -8.94818 -7.20939 11.2465 11.3293 -0.694388 -0.695817 -18.2025 -19.6023 
-21.0015 -22.4179 -19.451 -18.055 11.5068 11.8501 -5.98793 -5.60125 -18.9419 -18.5803 -1.87783 -2.06332 
1.27741 1.56281 2.52408 4.24872 16.7665 12.2822 16.6027 16.9201 1.49026 2.61748 -1.97999 -2.77239 
-3.62297 -0.581917 -1.20553 0.373987 9.7643 12.1646 9.44601 11.8346 -1.01421 0.650285 -2.73989 -2.10527 
-20.3101 -21.1396 -19.846 -18.2351 10.709 8.98821 -6.81806 -6.1291 -19.2179 -15.857 -2.49591 -3.21262 
-5.09212 -2.16266 -2.19777 -1.8176 10.77 10.9909 9.2252 11.1403 -0.212425 -1.14517 -1.35833 -3.51819 
-2.45182 -2.19328 -0.381136 -0.497967 14.5018 8.02611 14.0993 15.7527 -0.671881 1.81308 -1.46877 -1.08301 
-3.83124 -0.987306 -7.54784 -0.557138 8.94339 7.9091 9.26019 12.0643 -2.25748 -1.34268 -3.87658 -1.61392 
-1.79281 1.20509 -2.69672 0.524087 10.4776 11.8139 11.5414 10.5887 -0.954809 -0.104326 -3.43585 -0.953243 
-2.85637 -4.07503 -2.79192 -2.31443 12.6618 11.4648 10.0945 13.7026 -1.75668 -3.22044 -0.55541 -0.661376 
-1.14105 -0.011887 -2.0092 0.102029 -3.81702 -8.82908 12.5838 13.5548 -0.321434 1.39309 -18.5185 -17.5352 
-1.32701 -1.31781 -4.33035 -2.84324 -9.44342 -12.2366 7.93271 10.0696 -1.80185 -2.078 -20.6214 -23.0127 
-339.997 -4.03246 -3.44082 -3.15738 -8.86355 -11.4005 12.1745 10.8489 -3.21208 -2.29835 -20.2079 -23.2667 
-20.2397 -19.1979 -20.9791 -21.4844 -9.54202 -10.3684 -7.24628 -4.21005 -21.8314 -20.8838 -19.8203 -20.766 


Database parameters loaded.
Loading neutron time of flight parameters for field = 85 percent..
Loading proton time of flight parameters for field = 85 percent..


Proton TOF Corrections vs Channels: 
47.7391 47.7421 47.7472 47.7534 47.7622 47.7742 47.7907 47.8111 47.8304 47.8474 47.8517 47.8442 
47.7091 47.7086 47.712 47.7148 47.7235 47.736 47.7506 47.7709 47.7899 47.8052 47.8151 47.8126 
47.6659 47.6638 47.663 47.665 47.67 47.6817 47.6976 47.7151 47.7335 47.7511 47.7638 47.764 
47.6141 47.6125 47.609 47.6086 47.6157 47.6242 47.6379 47.6556 47.677 47.6945 47.7065 47.7028 
47.5641 47.5615 47.5531 47.5536 47.5589 47.5684 47.5873 47.6036 47.6242 47.6383 47.6509 47.6504 
47.509 47.5107 47.5031 47.5018 47.509 47.5182 47.5332 47.5482 47.5729 47.5891 47.5984 47.5994 
47.4639 47.4634 47.4566 47.4546 47.461 47.4705 47.4838 47.5027 47.5234 47.5386 47.5541 47.5519 
47.417 47.4165 47.4154 47.4148 47.4185 47.4265 47.4382 47.4599 47.478 47.4992 47.5116 47.5106 
47.3833 47.3775 47.3749 47.3737 47.3805 47.3893 47.4042 47.4221 47.4428 47.4632 47.4766 47.4831 
47.3475 47.345 47.3386 47.3405 47.3459 47.3579 47.3745 47.391 47.4135 47.432 47.4484 47.4422 
47.3236 47.3168 47.3141 47.3136 47.319 47.3318 47.3471 47.3678 47.3878 47.4046 47.4206 47.425 
47.3 47.2934 47.2871 47.2863 47.2942 47.3076 47.3256 47.3457 47.3663 47.3893 47.3998 47.4034 
47.2762 47.2689 47.2646 47.2642 47.2734 47.288 47.3078 47.3298 47.3519 47.3729 47.3872 47.3926 
47.2611 47.2512 47.2484 47.2508 47.2601 47.2762 47.2973 47.3195 47.3443 47.3628 47.375 47.382 
47.2564 47.2462 47.2428 47.2451 47.2569 47.2734 47.2949 47.3168 47.3388 47.3595 47.3716 47.3798 
47.2608 47.2533 47.2481 47.2513 47.2626 47.2779 47.2994 47.3208 47.3414 47.3592 47.3714 47.3827 
47.2732 47.2649 47.2639 47.2669 47.2761 47.2916 47.3095 47.3309 47.3531 47.3718 47.3792 47.3856 
47.2877 47.2858 47.2826 47.2869 47.2948 47.3103 47.3255 47.344 47.3626 47.3791 47.3907 47.3924 
47.3057 47.303 47.3043 47.3088 47.3163 47.3296 47.3456 47.3625 47.3802 47.3954 47.4073 47.4091 
47.3259 47.3242 47.3235 47.3297 47.3372 47.3524 47.3689 47.3879 47.4017 47.4186 47.4288 47.4294 
47.3407 47.3394 47.3468 47.3526 47.3599 47.3707 47.3902 47.4095 47.4256 47.4384 47.4503 47.4499 
47.3557 47.3524 47.3643 47.3747 47.3767 47.3932 47.4084 47.428 47.4432 47.4622 47.476 47.4679 
47.3726 47.3742 47.3739 47.3816 47.391 47.4062 47.4248 47.4561 47.4731 47.4846 47.4826 47.4873 
47.3781 47.397 47.3636 47.389 47.4028 47.4154 47.4414 47.4625 47.4693 47.4873 47.488 47.4836 


Neutron TOF Corrections vs Channels: 
47.7391 47.7421 47.7472 47.7534 47.7622 47.7742 47.7907 47.8111 47.8304 47.8474 47.8517 47.8442 
47.7091 47.7086 47.712 47.7148 47.7235 47.736 47.7506 47.7709 47.7899 47.8052 47.8151 47.8126 
47.6659 47.6638 47.663 47.665 47.67 47.6817 47.6976 47.7151 47.7335 47.7511 47.7638 47.764 
47.6141 47.6125 47.609 47.6086 47.6157 47.6242 47.6379 47.6556 47.677 47.6945 47.7065 47.7028 
47.5641 47.5615 47.5531 47.5536 47.5589 47.5684 47.5873 47.6036 47.6242 47.6383 47.6509 47.6504 
47.509 47.5107 47.5031 47.5018 47.509 47.5182 47.5332 47.5482 47.5729 47.5891 47.5984 47.5994 
47.4639 47.4634 47.4566 47.4546 47.461 47.4705 47.4838 47.5027 47.5234 47.5386 47.5541 47.5519 
47.417 47.4165 47.4154 47.4148 47.4185 47.4265 47.4382 47.4599 47.478 47.4992 47.5116 47.5106 
47.3833 47.3775 47.3749 47.3737 47.3805 47.3893 47.4042 47.4221 47.4428 47.4632 47.4766 47.4831 
47.3475 47.345 47.3386 47.3405 47.3459 47.3579 47.3745 47.391 47.4135 47.432 47.4484 47.4422 
47.3236 47.3168 47.3141 47.3136 47.319 47.3318 47.3471 47.3678 47.3878 47.4046 47.4206 47.425 
47.3 47.2934 47.2871 47.2863 47.2942 47.3076 47.3256 47.3457 47.3663 47.3893 47.3998 47.4034 
47.2762 47.2689 47.2646 47.2642 47.2734 47.288 47.3078 47.3298 47.3519 47.3729 47.3872 47.3926 
47.2611 47.2512 47.2484 47.2508 47.2601 47.2762 47.2973 47.3195 47.3443 47.3628 47.375 47.382 
47.2564 47.2462 47.2428 47.2451 47.2569 47.2734 47.2949 47.3168 47.3388 47.3595 47.3716 47.3798 
47.2608 47.2533 47.2481 47.2513 47.2626 47.2779 47.2994 47.3208 47.3414 47.3592 47.3714 47.3827 
47.2732 47.2649 47.2639 47.2669 47.2761 47.2916 47.3095 47.3309 47.3531 47.3718 47.3792 47.3856 
47.2877 47.2858 47.2826 47.2869 47.2948 47.3103 47.3255 47.344 47.3626 47.3791 47.3907 47.3924 
47.3057 47.303 47.3043 47.3088 47.3163 47.3296 47.3456 47.3625 47.3802 47.3954 47.4073 47.4091 
47.3259 47.3242 47.3235 47.3297 47.3372 47.3524 47.3689 47.3879 47.4017 47.4186 47.4288 47.4294 
47.3407 47.3394 47.3468 47.3526 47.3599 47.3707 47.3902 47.4095 47.4256 47.4384 47.4503 47.4499 
47.3557 47.3524 47.3643 47.3747 47.3767 47.3932 47.4084 47.428 47.4432 47.4622 47.476 47.4679 
47.3726 47.3742 47.3739 47.3816 47.391 47.4062 47.4248 47.4561 47.4731 47.4846 47.4826 47.4873 
47.3781 47.397 47.3636 47.389 47.4028 47.4154 47.4414 47.4625 47.4693 47.4873 47.488 47.4836 

Loading physics, data, and detector parameters from config files..
Reading all relevant config files for lh2 and setting up chain for field 85 percent.
Loading file: /w/halla-scshelf2102/sbs/sbs-gmn/pass0/SBS7/LH2/rootfiles/e1209019_fullreplay_11989_stream0_seg0_2.root..
Loading file: /w/halla-scshelf2102/sbs/sbs-gmn/pass0/SBS7/LH2/rootfiles/e1209019_fullreplay_11990_stream0_seg0_4.root..
Loading file: /w/halla-scshelf2102/sbs/sbs-gmn/pass0/SBS7/LH2/rootfiles/e1209019_fullreplay_11991_stream0_seg0_8.root..
Loading file: /w/halla-scshelf2102/sbs/sbs-gmn/pass0/SBS7/LH2/rootfiles/e1209019_fullreplay_11992_stream0_seg0_6.root..
Loading file: /w/halla-scshelf2102/sbs/sbs-gmn/pass0/SBS7/LH2/rootfiles/e1209019_fullreplay_11993_stream0_seg0_5.root..
Loading file: /w/halla-scshelf2102/sbs/sbs-gmn/pass0/SBS7/LH2/rootfiles/e1209019_fullreplay_11994_stream0_seg0_9.root..
Loading file: /w/halla-scshelf2102/sbs/sbs-gmn/pass0/SBS7/LH2/rootfiles/e1209019_fullreplay_11994_stream0_seg10_19.root..
Loading file: /w/halla-scshelf2102/sbs/sbs-gmn/pass0/SBS7/LH2/rootfiles/e1209019_fullreplay_11994_stream0_seg20_29.root..
Loading file: /w/halla-scshelf2102/sbs/sbs-gmn/pass0/SBS7/LH2/rootfiles/e1209019_fullreplay_11994_stream0_seg30_39.root..
Loading file: /w/halla-scshelf2102/sbs/sbs-gmn/pass0/SBS7/LH2/rootfiles/e1209019_fullreplay_11994_stream0_seg40_49.root..
Loading file: /w/halla-scshelf2102/sbs/sbs-gmn/pass0/SBS7/LH2/rootfiles/e1209019_fullreplay_11994_stream0_seg50_59.root..
Loading file: /w/halla-scshelf2102/sbs/sbs-gmn/pass0/SBS7/LH2/rootfiles/e1209019_fullreplay_11994_stream0_seg60_69.root..
Loading file: /w/halla-scshelf2102/sbs/sbs-gmn/pass0/SBS7/LH2/rootfiles/e1209019_fullreplay_11994_stream0_seg70_79.root..
Loading file: /w/halla-scshelf2102/sbs/sbs-gmn/pass0/SBS7/LH2/rootfiles/e1209019_fullreplay_11994_stream0_seg80_89.root..
Loading file: /w/halla-scshelf2102/sbs/sbs-gmn/pass0/SBS7/LH2/rootfiles/e1209019_fullreplay_11994_stream0_seg90_99.root..
Loading file: /w/halla-scshelf2102/sbs/sbs-gmn/pass0/SBS7/LH2/rootfiles/e1209019_fullreplay_11994_stream0_seg100_109.root..
Loading file: /w/halla-scshelf2102/sbs/sbs-gmn/pass0/SBS7/LH2/rootfiles/e1209019_fullreplay_11994_stream0_seg110_119.root..
Loading file: /w/halla-scshelf2102/sbs/sbs-gmn/pass0/SBS7/LH2/rootfiles/e1209019_fullreplay_11994_stream0_seg120_122.root..
Loading file: /w/halla-scshelf2102/sbs/sbs-gmn/pass0/SBS7/LH2/rootfiles/e1209019_fullreplay_12000_stream0_seg0_9.root..
Loading file: /w/halla-scshelf2102/sbs/sbs-gmn/pass0/SBS7/LH2/rootfiles/e1209019_fullreplay_12000_stream0_seg10_19.root..
Loading file: /w/halla-scshelf2102/sbs/sbs-gmn/pass0/SBS7/LH2/rootfiles/e1209019_fullreplay_12000_stream0_seg20_29.root..
Loading file: /w/halla-scshelf2102/sbs/sbs-gmn/pass0/SBS7/LH2/rootfiles/e1209019_fullreplay_12000_stream0_seg30_39.root..
Loading file: /w/halla-scshelf2102/sbs/sbs-gmn/pass0/SBS7/LH2/rootfiles/e1209019_fullreplay_12000_stream0_seg40_49.root..
Loading file: /w/halla-scshelf2102/sbs/sbs-gmn/pass0/SBS7/LH2/rootfiles/e1209019_fullreplay_12000_stream0_seg50_59.root..
Loading file: /w/halla-scshelf2102/sbs/sbs-gmn/pass0/SBS7/LH2/rootfiles/e1209019_fullreplay_12000_stream0_seg60_69.root..
Loading file: /w/halla-scshelf2102/sbs/sbs-gmn/pass0/SBS7/LH2/rootfiles/e1209019_fullreplay_12000_stream0_seg70_79.root..
Loading file: /w/halla-scshelf2102/sbs/sbs-gmn/pass0/SBS7/LH2/rootfiles/e1209019_fullreplay_12000_stream0_seg80_89.root..
Loading file: /w/halla-scshelf2102/sbs/sbs-gmn/pass0/SBS7/LH2/rootfiles/e1209019_fullreplay_12000_stream0_seg90_99.root..
Loading file: /w/halla-scshelf2102/sbs/sbs-gmn/pass0/SBS7/LH2/rootfiles/e1209019_fullreplay_12000_stream0_seg100_109.root..
Loading file: /w/halla-scshelf2102/sbs/sbs-gmn/pass0/SBS7/LH2/rootfiles/e1209019_fullreplay_12000_stream0_seg110_117.root..
Loading file: /w/halla-scshelf2102/sbs/sbs-gmn/pass0/SBS7/LH2/rootfiles/e1209019_fullreplay_12008_stream0_seg0_9.root..
Loading file: /w/halla-scshelf2102/sbs/sbs-gmn/pass0/SBS7/LH2/rootfiles/e1209019_fullreplay_12008_stream0_seg10_19.root..
Loading file: /w/halla-scshelf2102/sbs/sbs-gmn/pass0/SBS7/LH2/rootfiles/e1209019_fullreplay_12008_stream0_seg20_29.root..
Loading file: /w/halla-scshelf2102/sbs/sbs-gmn/pass0/SBS7/LH2/rootfiles/e1209019_fullreplay_12008_stream0_seg30_39.root..
Loading file: /w/halla-scshelf2102/sbs/sbs-gmn/pass0/SBS7/LH2/rootfiles/e1209019_fullreplay_12008_stream0_seg40_49.root..
Loading file: /w/halla-scshelf2102/sbs/sbs-gmn/pass0/SBS7/LH2/rootfiles/e1209019_fullreplay_12008_stream0_seg50_59.root..
Loading file: /w/halla-scshelf2102/sbs/sbs-gmn/pass0/SBS7/LH2/rootfiles/e1209019_fullreplay_12008_stream0_seg60_69.root..
Loading file: /w/halla-scshelf2102/sbs/sbs-gmn/pass0/SBS7/LH2/rootfiles/e1209019_fullreplay_12008_stream0_seg70_79.root..
Loading file: /w/halla-scshelf2102/sbs/sbs-gmn/pass0/SBS7/LH2/rootfiles/e1209019_fullreplay_12008_stream0_seg80_89.root..
Loading file: /w/halla-scshelf2102/sbs/sbs-gmn/pass0/SBS7/LH2/rootfiles/e1209019_fullreplay_12008_stream0_seg90_99.root..
Loading file: /w/halla-scshelf2102/sbs/sbs-gmn/pass0/SBS7/LH2/rootfiles/e1209019_fullreplay_12008_stream0_seg100_109.root..
Loading file: /w/halla-scshelf2102/sbs/sbs-gmn/pass0/SBS7/LH2/rootfiles/e1209019_fullreplay_12008_stream0_seg110_119.root..
Loading file: /w/halla-scshelf2102/sbs/sbs-gmn/pass0/SBS7/LH2/rootfiles/e1209019_fullreplay_12008_stream0_seg120_129.root..
Loading file: /w/halla-scshelf2102/sbs/sbs-gmn/pass0/SBS7/LH2/rootfiles/e1209019_fullreplay_12008_stream0_seg130_130.root..
Loading file: /w/halla-scshelf2102/sbs/sbs-gmn/pass0/SBS7/LH2/rootfiles/e1209019_fullreplay_12022_stream0_seg0_9.root..
Loading file: /w/halla-scshelf2102/sbs/sbs-gmn/pass0/SBS7/LH2/rootfiles/e1209019_fullreplay_12022_stream0_seg10_19.root..
Loading file: /w/halla-scshelf2102/sbs/sbs-gmn/pass0/SBS7/LH2/rootfiles/e1209019_fullreplay_12022_stream0_seg20_29.root..
Loading file: /w/halla-scshelf2102/sbs/sbs-gmn/pass0/SBS7/LH2/rootfiles/e1209019_fullreplay_12022_stream0_seg30_39.root..
Loading file: /w/halla-scshelf2102/sbs/sbs-gmn/pass0/SBS7/LH2/rootfiles/e1209019_fullreplay_12022_stream0_seg40_49.root..
Loading file: /w/halla-scshelf2102/sbs/sbs-gmn/pass0/SBS7/LH2/rootfiles/e1209019_fullreplay_12022_stream0_seg50_51.root..
Loading file: /w/halla-scshelf2102/sbs/sbs-gmn/pass0/SBS7/LH2/rootfiles/e1209019_fullreplay_12035_stream0_seg0_9.root..
Loading file: /w/halla-scshelf2102/sbs/sbs-gmn/pass0/SBS7/LH2/rootfiles/e1209019_fullreplay_12035_stream0_seg10_19.root..
Loading file: /w/halla-scshelf2102/sbs/sbs-gmn/pass0/SBS7/LH2/rootfiles/e1209019_fullreplay_12035_stream0_seg20_29.root..
Loading file: /w/halla-scshelf2102/sbs/sbs-gmn/pass0/SBS7/LH2/rootfiles/e1209019_fullreplay_12035_stream0_seg30_39.root..
Loading file: /w/halla-scshelf2102/sbs/sbs-gmn/pass0/SBS7/LH2/rootfiles/e1209019_fullreplay_12035_stream0_seg40_49.root..
Loading file: /w/halla-scshelf2102/sbs/sbs-gmn/pass0/SBS7/LH2/rootfiles/e1209019_fullreplay_12049_stream0_seg0_9.root..
Loading file: /w/halla-scshelf2102/sbs/sbs-gmn/pass0/SBS7/LH2/rootfiles/e1209019_fullreplay_12049_stream0_seg10_19.root..
Loading file: /w/halla-scshelf2102/sbs/sbs-gmn/pass0/SBS7/LH2/rootfiles/e1209019_fullreplay_12049_stream0_seg20_29.root..
Loading file: /w/halla-scshelf2102/sbs/sbs-gmn/pass0/SBS7/LH2/rootfiles/e1209019_fullreplay_12049_stream0_seg30_39.root..
Loading file: /w/halla-scshelf2102/sbs/sbs-gmn/pass0/SBS7/LH2/rootfiles/e1209019_fullreplay_12049_stream0_seg40_49.root..
Loading file: /w/halla-scshelf2102/sbs/sbs-gmn/pass0/SBS7/LH2/rootfiles/e1209019_fullreplay_12049_stream0_seg50_50.root..
Loading file: /w/halla-scshelf2102/sbs/sbs-gmn/pass0/SBS7/LH2/rootfiles/e1209019_fullreplay_12052_stream0_seg0_9.root..
Loading file: /w/halla-scshelf2102/sbs/sbs-gmn/pass0/SBS7/LH2/rootfiles/e1209019_fullreplay_12052_stream0_seg10_12.root..
Loading file: /w/halla-scshelf2102/sbs/sbs-gmn/pass0/SBS7/LH2/rootfiles/e1209019_fullreplay_12053_stream0_seg0_9.root..
Loading file: /w/halla-scshelf2102/sbs/sbs-gmn/pass0/SBS7/LH2/rootfiles/e1209019_fullreplay_12053_stream0_seg10_19.root..
Loading file: /w/halla-scshelf2102/sbs/sbs-gmn/pass0/SBS7/LH2/rootfiles/e1209019_fullreplay_12053_stream0_seg20_29.root..
Loading file: /w/halla-scshelf2102/sbs/sbs-gmn/pass0/SBS7/LH2/rootfiles/e1209019_fullreplay_12053_stream0_seg30_39.root..
Loading file: /w/halla-scshelf2102/sbs/sbs-gmn/pass0/SBS7/LH2/rootfiles/e1209019_fullreplay_12053_stream0_seg40_47.root..
Loading file: /w/halla-scshelf2102/sbs/sbs-gmn/pass0/SBS7/LH2/rootfiles/e1209019_fullreplay_12058_stream0_seg0_9.root..
Loading file: /w/halla-scshelf2102/sbs/sbs-gmn/pass0/SBS7/LH2/rootfiles/e1209019_fullreplay_12058_stream0_seg10_19.root..
Loading file: /w/halla-scshelf2102/sbs/sbs-gmn/pass0/SBS7/LH2/rootfiles/e1209019_fullreplay_12058_stream0_seg20_29.root..
Loading file: /w/halla-scshelf2102/sbs/sbs-gmn/pass0/SBS7/LH2/rootfiles/e1209019_fullreplay_12058_stream0_seg30_39.root..
Loading file: /w/halla-scshelf2102/sbs/sbs-gmn/pass0/SBS7/LH2/rootfiles/e1209019_fullreplay_12064_stream0_seg0_9.root..
Loading file: /w/halla-scshelf2102/sbs/sbs-gmn/pass0/SBS7/LH2/rootfiles/e1209019_fullreplay_12064_stream0_seg10_19.root..
Loading file: /w/halla-scshelf2102/sbs/sbs-gmn/pass0/SBS7/LH2/rootfiles/e1209019_fullreplay_12064_stream0_seg20_29.root..
Loading file: /w/halla-scshelf2102/sbs/sbs-gmn/pass0/SBS7/LH2/rootfiles/e1209019_fullreplay_12064_stream0_seg30_39.root..
Loading file: /w/halla-scshelf2102/sbs/sbs-gmn/pass0/SBS7/LH2/rootfiles/e1209019_fullreplay_12064_stream0_seg40_49.root..
Loading file: /w/halla-scshelf2102/sbs/sbs-gmn/pass0/SBS7/LH2/rootfiles/e1209019_fullreplay_12072_stream0_seg0_9.root..
Loading file: /w/halla-scshelf2102/sbs/sbs-gmn/pass0/SBS7/LH2/rootfiles/e1209019_fullreplay_12072_stream0_seg10_19.root..
Loading file: /w/halla-scshelf2102/sbs/sbs-gmn/pass0/SBS7/LH2/rootfiles/e1209019_fullreplay_12072_stream0_seg20_29.root..
Loading file: /w/halla-scshelf2102/sbs/sbs-gmn/pass0/SBS7/LH2/rootfiles/e1209019_fullreplay_12072_stream0_seg30_39.root..
Loading file: /w/halla-scshelf2102/sbs/sbs-gmn/pass0/SBS7/LH2/rootfiles/e1209019_fullreplay_12072_stream0_seg40_48.root..
Loading beam energy: 7.9072
Loading HCal distance: 14
Loading HCal angle: 0.280998
Loading BBCal angle: 0.698132
Loading W2 mean cut: 0.898887
Loading W2 sigma cut: 0.200681
Loading x position of neutron spot: -0.691916
Loading y position of proton spot: -0.691916
Loading y position of both hadron spots: -0.00411589
Loading x sigma of neutron spot: 0.0636087
Loading x sigma of proton spot: 0.0636087
Loading y sigma of both hadron spots: 0.0852656
Loading ADC time mean: 62.8798
Loading ADC time sigma: 3.65363
Loading Aluminum absorber option: 0
Reading all relevant config files for ld2 and setting up chain for field 85 percent.
Loading file: /w/halla-scshelf2102/sbs/sbs-gmn/pass0/SBS7/LD2/rootfiles/e1209019_fullreplay_11996_stream0_seg0_9.root..
Loading file: /w/halla-scshelf2102/sbs/sbs-gmn/pass0/SBS7/LD2/rootfiles/e1209019_fullreplay_11996_stream0_seg10_19.root..
Loading file: /w/halla-scshelf2102/sbs/sbs-gmn/pass0/SBS7/LD2/rootfiles/e1209019_fullreplay_11996_stream0_seg20_29.root..
Loading file: /w/halla-scshelf2102/sbs/sbs-gmn/pass0/SBS7/LD2/rootfiles/e1209019_fullreplay_11996_stream0_seg30_39.root..
Loading file: /w/halla-scshelf2102/sbs/sbs-gmn/pass0/SBS7/LD2/rootfiles/e1209019_fullreplay_11996_stream0_seg40_49.root..
Loading file: /w/halla-scshelf2102/sbs/sbs-gmn/pass0/SBS7/LD2/rootfiles/e1209019_fullreplay_11996_stream0_seg50_59.root..
Loading file: /w/halla-scshelf2102/sbs/sbs-gmn/pass0/SBS7/LD2/rootfiles/e1209019_fullreplay_11996_stream0_seg60_63.root..
Loading file: /w/halla-scshelf2102/sbs/sbs-gmn/pass0/SBS7/LD2/rootfiles/e1209019_fullreplay_11997_stream0_seg0_9.root..
Loading file: /w/halla-scshelf2102/sbs/sbs-gmn/pass0/SBS7/LD2/rootfiles/e1209019_fullreplay_11997_stream0_seg10_19.root..
Loading file: /w/halla-scshelf2102/sbs/sbs-gmn/pass0/SBS7/LD2/rootfiles/e1209019_fullreplay_11997_stream0_seg20_29.root..
Loading file: /w/halla-scshelf2102/sbs/sbs-gmn/pass0/SBS7/LD2/rootfiles/e1209019_fullreplay_11997_stream0_seg30_33.root..
Loading file: /w/halla-scshelf2102/sbs/sbs-gmn/pass0/SBS7/LD2/rootfiles/e1209019_fullreplay_11998_stream0_seg0_9.root..
Loading file: /w/halla-scshelf2102/sbs/sbs-gmn/pass0/SBS7/LD2/rootfiles/e1209019_fullreplay_11998_stream0_seg10_19.root..
Loading file: /w/halla-scshelf2102/sbs/sbs-gmn/pass0/SBS7/LD2/rootfiles/e1209019_fullreplay_11998_stream0_seg20_29.root..
Loading file: /w/halla-scshelf2102/sbs/sbs-gmn/pass0/SBS7/LD2/rootfiles/e1209019_fullreplay_11998_stream0_seg30_39.root..
Loading file: /w/halla-scshelf2102/sbs/sbs-gmn/pass0/SBS7/LD2/rootfiles/e1209019_fullreplay_11998_stream0_seg40_49.root..
Loading file: /w/halla-scshelf2102/sbs/sbs-gmn/pass0/SBS7/LD2/rootfiles/e1209019_fullreplay_11998_stream0_seg50_59.root..
Loading file: /w/halla-scshelf2102/sbs/sbs-gmn/pass0/SBS7/LD2/rootfiles/e1209019_fullreplay_11998_stream0_seg60_69.root..
Loading file: /w/halla-scshelf2102/sbs/sbs-gmn/pass0/SBS7/LD2/rootfiles/e1209019_fullreplay_11998_stream0_seg70_79.root..
Loading file: /w/halla-scshelf2102/sbs/sbs-gmn/pass0/SBS7/LD2/rootfiles/e1209019_fullreplay_11998_stream0_seg80_89.root..
Loading file: /w/halla-scshelf2102/sbs/sbs-gmn/pass0/SBS7/LD2/rootfiles/e1209019_fullreplay_11998_stream0_seg90_99.root..
Loading file: /w/halla-scshelf2102/sbs/sbs-gmn/pass0/SBS7/LD2/rootfiles/e1209019_fullreplay_11998_stream0_seg100_109.root..
Loading file: /w/halla-scshelf2102/sbs/sbs-gmn/pass0/SBS7/LD2/rootfiles/e1209019_fullreplay_11998_stream0_seg110_119.root..
Loading file: /w/halla-scshelf2102/sbs/sbs-gmn/pass0/SBS7/LD2/rootfiles/e1209019_fullreplay_11998_stream0_seg120_129.root..
Loading file: /w/halla-scshelf2102/sbs/sbs-gmn/pass0/SBS7/LD2/rootfiles/e1209019_fullreplay_11998_stream0_seg130_139.root..
Loading file: /w/halla-scshelf2102/sbs/sbs-gmn/pass0/SBS7/LD2/rootfiles/e1209019_fullreplay_11998_stream0_seg140_149.root..
Loading file: /w/halla-scshelf2102/sbs/sbs-gmn/pass0/SBS7/LD2/rootfiles/e1209019_fullreplay_11998_stream0_seg150_151.root..
Loading file: /w/halla-scshelf2102/sbs/sbs-gmn/pass0/SBS7/LD2/rootfiles/e1209019_fullreplay_11999_stream0_seg0_9.root..
Loading file: /w/halla-scshelf2102/sbs/sbs-gmn/pass0/SBS7/LD2/rootfiles/e1209019_fullreplay_11999_stream0_seg10_19.root..
Loading file: /w/halla-scshelf2102/sbs/sbs-gmn/pass0/SBS7/LD2/rootfiles/e1209019_fullreplay_11999_stream0_seg20_29.root..
Loading file: /w/halla-scshelf2102/sbs/sbs-gmn/pass0/SBS7/LD2/rootfiles/e1209019_fullreplay_11999_stream0_seg30_39.root..
Loading file: /w/halla-scshelf2102/sbs/sbs-gmn/pass0/SBS7/LD2/rootfiles/e1209019_fullreplay_11999_stream0_seg40_49.root..
Loading file: /w/halla-scshelf2102/sbs/sbs-gmn/pass0/SBS7/LD2/rootfiles/e1209019_fullreplay_11999_stream0_seg50_59.root..
Loading file: /w/halla-scshelf2102/sbs/sbs-gmn/pass0/SBS7/LD2/rootfiles/e1209019_fullreplay_11999_stream0_seg60_69.root..
Loading file: /w/halla-scshelf2102/sbs/sbs-gmn/pass0/SBS7/LD2/rootfiles/e1209019_fullreplay_11999_stream0_seg70_79.root..
Loading file: /w/halla-scshelf2102/sbs/sbs-gmn/pass0/SBS7/LD2/rootfiles/e1209019_fullreplay_11999_stream0_seg80_89.root..
Loading file: /w/halla-scshelf2102/sbs/sbs-gmn/pass0/SBS7/LD2/rootfiles/e1209019_fullreplay_11999_stream0_seg90_99.root..
Loading file: /w/halla-scshelf2102/sbs/sbs-gmn/pass0/SBS7/LD2/rootfiles/e1209019_fullreplay_11999_stream0_seg100_109.root..
Loading file: /w/halla-scshelf2102/sbs/sbs-gmn/pass0/SBS7/LD2/rootfiles/e1209019_fullreplay_11999_stream0_seg110_119.root..
Loading file: /w/halla-scshelf2102/sbs/sbs-gmn/pass0/SBS7/LD2/rootfiles/e1209019_fullreplay_11999_stream0_seg120_129.root..
Loading file: /w/halla-scshelf2102/sbs/sbs-gmn/pass0/SBS7/LD2/rootfiles/e1209019_fullreplay_11999_stream0_seg130_139.root..
Loading file: /w/halla-scshelf2102/sbs/sbs-gmn/pass0/SBS7/LD2/rootfiles/e1209019_fullreplay_11999_stream0_seg140_149.root..
Loading file: /w/halla-scshelf2102/sbs/sbs-gmn/pass0/SBS7/LD2/rootfiles/e1209019_fullreplay_11999_stream0_seg150_159.root..
Loading file: /w/halla-scshelf2102/sbs/sbs-gmn/pass0/SBS7/LD2/rootfiles/e1209019_fullreplay_11999_stream0_seg160_160.root..
Loading file: /w/halla-scshelf2102/sbs/sbs-gmn/pass0/SBS7/LD2/rootfiles/e1209019_fullreplay_12001_stream0_seg0_9.root..
Loading file: /w/halla-scshelf2102/sbs/sbs-gmn/pass0/SBS7/LD2/rootfiles/e1209019_fullreplay_12001_stream0_seg10_19.root..
Loading file: /w/halla-scshelf2102/sbs/sbs-gmn/pass0/SBS7/LD2/rootfiles/e1209019_fullreplay_12001_stream0_seg20_29.root..
Loading file: /w/halla-scshelf2102/sbs/sbs-gmn/pass0/SBS7/LD2/rootfiles/e1209019_fullreplay_12001_stream0_seg30_39.root..
Loading file: /w/halla-scshelf2102/sbs/sbs-gmn/pass0/SBS7/LD2/rootfiles/e1209019_fullreplay_12001_stream0_seg40_49.root..
Loading file: /w/halla-scshelf2102/sbs/sbs-gmn/pass0/SBS7/LD2/rootfiles/e1209019_fullreplay_12001_stream0_seg50_59.root..
Loading file: /w/halla-scshelf2102/sbs/sbs-gmn/pass0/SBS7/LD2/rootfiles/e1209019_fullreplay_12001_stream0_seg60_69.root..
Loading file: /w/halla-scshelf2102/sbs/sbs-gmn/pass0/SBS7/LD2/rootfiles/e1209019_fullreplay_12001_stream0_seg70_79.root..
Loading file: /w/halla-scshelf2102/sbs/sbs-gmn/pass0/SBS7/LD2/rootfiles/e1209019_fullreplay_12001_stream0_seg80_89.root..
Loading file: /w/halla-scshelf2102/sbs/sbs-gmn/pass0/SBS7/LD2/rootfiles/e1209019_fullreplay_12001_stream0_seg90_99.root..
Loading file: /w/halla-scshelf2102/sbs/sbs-gmn/pass0/SBS7/LD2/rootfiles/e1209019_fullreplay_12001_stream0_seg100_109.root..
Loading file: /w/halla-scshelf2102/sbs/sbs-gmn/pass0/SBS7/LD2/rootfiles/e1209019_fullreplay_12001_stream0_seg110_119.root..
Loading file: /w/halla-scshelf2102/sbs/sbs-gmn/pass0/SBS7/LD2/rootfiles/e1209019_fullreplay_12001_stream0_seg120_126.root..
Loading file: /w/halla-scshelf2102/sbs/sbs-gmn/pass0/SBS7/LD2/rootfiles/e1209019_fullreplay_12002_stream0_seg0_9.root..
Loading file: /w/halla-scshelf2102/sbs/sbs-gmn/pass0/SBS7/LD2/rootfiles/e1209019_fullreplay_12002_stream0_seg10_19.root..
Loading file: /w/halla-scshelf2102/sbs/sbs-gmn/pass0/SBS7/LD2/rootfiles/e1209019_fullreplay_12002_stream0_seg20_29.root..
Loading file: /w/halla-scshelf2102/sbs/sbs-gmn/pass0/SBS7/LD2/rootfiles/e1209019_fullreplay_12002_stream0_seg30_39.root..
Loading file: /w/halla-scshelf2102/sbs/sbs-gmn/pass0/SBS7/LD2/rootfiles/e1209019_fullreplay_12002_stream0_seg40_49.root..
Loading file: /w/halla-scshelf2102/sbs/sbs-gmn/pass0/SBS7/LD2/rootfiles/e1209019_fullreplay_12002_stream0_seg50_59.root..
Loading file: /w/halla-scshelf2102/sbs/sbs-gmn/pass0/SBS7/LD2/rootfiles/e1209019_fullreplay_12002_stream0_seg60_69.root..
Loading file: /w/halla-scshelf2102/sbs/sbs-gmn/pass0/SBS7/LD2/rootfiles/e1209019_fullreplay_12002_stream0_seg70_79.root..
Loading file: /w/halla-scshelf2102/sbs/sbs-gmn/pass0/SBS7/LD2/rootfiles/e1209019_fullreplay_12002_stream0_seg80_89.root..
Loading file: /w/halla-scshelf2102/sbs/sbs-gmn/pass0/SBS7/LD2/rootfiles/e1209019_fullreplay_12002_stream0_seg90_99.root..
Loading file: /w/halla-scshelf2102/sbs/sbs-gmn/pass0/SBS7/LD2/rootfiles/e1209019_fullreplay_12002_stream0_seg100_109.root..
Loading file: /w/halla-scshelf2102/sbs/sbs-gmn/pass0/SBS7/LD2/rootfiles/e1209019_fullreplay_12002_stream0_seg110_119.root..
Loading file: /w/halla-scshelf2102/sbs/sbs-gmn/pass0/SBS7/LD2/rootfiles/e1209019_fullreplay_12002_stream0_seg120_125.root..
Loading file: /w/halla-scshelf2102/sbs/sbs-gmn/pass0/SBS7/LD2/rootfiles/e1209019_fullreplay_12004_stream0_seg0_9.root..
Loading file: /w/halla-scshelf2102/sbs/sbs-gmn/pass0/SBS7/LD2/rootfiles/e1209019_fullreplay_12004_stream0_seg10_19.root..
Loading file: /w/halla-scshelf2102/sbs/sbs-gmn/pass0/SBS7/LD2/rootfiles/e1209019_fullreplay_12004_stream0_seg20_29.root..
Loading file: /w/halla-scshelf2102/sbs/sbs-gmn/pass0/SBS7/LD2/rootfiles/e1209019_fullreplay_12004_stream0_seg30_39.root..
Loading file: /w/halla-scshelf2102/sbs/sbs-gmn/pass0/SBS7/LD2/rootfiles/e1209019_fullreplay_12004_stream0_seg40_49.root..
Loading file: /w/halla-scshelf2102/sbs/sbs-gmn/pass0/SBS7/LD2/rootfiles/e1209019_fullreplay_12004_stream0_seg50_59.root..
Loading file: /w/halla-scshelf2102/sbs/sbs-gmn/pass0/SBS7/LD2/rootfiles/e1209019_fullreplay_12004_stream0_seg60_69.root..
Loading file: /w/halla-scshelf2102/sbs/sbs-gmn/pass0/SBS7/LD2/rootfiles/e1209019_fullreplay_12004_stream0_seg70_79.root..
Loading file: /w/halla-scshelf2102/sbs/sbs-gmn/pass0/SBS7/LD2/rootfiles/e1209019_fullreplay_12004_stream0_seg80_89.root..
Loading file: /w/halla-scshelf2102/sbs/sbs-gmn/pass0/SBS7/LD2/rootfiles/e1209019_fullreplay_12004_stream0_seg90_99.root..
Loading file: /w/halla-scshelf2102/sbs/sbs-gmn/pass0/SBS7/LD2/rootfiles/e1209019_fullreplay_12004_stream0_seg100_105.root..
Loading file: /w/halla-scshelf2102/sbs/sbs-gmn/pass0/SBS7/LD2/rootfiles/e1209019_fullreplay_12006_stream0_seg0_9.root..
Loading file: /w/halla-scshelf2102/sbs/sbs-gmn/pass0/SBS7/LD2/rootfiles/e1209019_fullreplay_12006_stream0_seg10_19.root..
Loading file: /w/halla-scshelf2102/sbs/sbs-gmn/pass0/SBS7/LD2/rootfiles/e1209019_fullreplay_12006_stream0_seg20_29.root..
Loading file: /w/halla-scshelf2102/sbs/sbs-gmn/pass0/SBS7/LD2/rootfiles/e1209019_fullreplay_12006_stream0_seg30_39.root..
Loading file: /w/halla-scshelf2102/sbs/sbs-gmn/pass0/SBS7/LD2/rootfiles/e1209019_fullreplay_12006_stream0_seg40_49.root..
Loading file: /w/halla-scshelf2102/sbs/sbs-gmn/pass0/SBS7/LD2/rootfiles/e1209019_fullreplay_12006_stream0_seg50_59.root..
Loading file: /w/halla-scshelf2102/sbs/sbs-gmn/pass0/SBS7/LD2/rootfiles/e1209019_fullreplay_12006_stream0_seg60_69.root..
Loading file: /w/halla-scshelf2102/sbs/sbs-gmn/pass0/SBS7/LD2/rootfiles/e1209019_fullreplay_12006_stream0_seg70_79.root..
Loading file: /w/halla-scshelf2102/sbs/sbs-gmn/pass0/SBS7/LD2/rootfiles/e1209019_fullreplay_12006_stream0_seg80_89.root..
Loading file: /w/halla-scshelf2102/sbs/sbs-gmn/pass0/SBS7/LD2/rootfiles/e1209019_fullreplay_12006_stream0_seg90_99.root..
Loading file: /w/halla-scshelf2102/sbs/sbs-gmn/pass0/SBS7/LD2/rootfiles/e1209019_fullreplay_12006_stream0_seg100_109.root..
Loading file: /w/halla-scshelf2102/sbs/sbs-gmn/pass0/SBS7/LD2/rootfiles/e1209019_fullreplay_12006_stream0_seg110_119.root..
Loading file: /w/halla-scshelf2102/sbs/sbs-gmn/pass0/SBS7/LD2/rootfiles/e1209019_fullreplay_12006_stream0_seg120_121.root..
Loading file: /w/halla-scshelf2102/sbs/sbs-gmn/pass0/SBS7/LD2/rootfiles/e1209019_fullreplay_12013_stream0_seg0_9.root..
Loading file: /w/halla-scshelf2102/sbs/sbs-gmn/pass0/SBS7/LD2/rootfiles/e1209019_fullreplay_12013_stream0_seg10_19.root..
Loading file: /w/halla-scshelf2102/sbs/sbs-gmn/pass0/SBS7/LD2/rootfiles/e1209019_fullreplay_12013_stream0_seg20_29.root..
Loading file: /w/halla-scshelf2102/sbs/sbs-gmn/pass0/SBS7/LD2/rootfiles/e1209019_fullreplay_12013_stream0_seg30_39.root..
Loading file: /w/halla-scshelf2102/sbs/sbs-gmn/pass0/SBS7/LD2/rootfiles/e1209019_fullreplay_12013_stream0_seg40_43.root..
Loading file: /w/halla-scshelf2102/sbs/sbs-gmn/pass0/SBS7/LD2/rootfiles/e1209019_fullreplay_12014_stream0_seg0_9.root..
Loading file: /w/halla-scshelf2102/sbs/sbs-gmn/pass0/SBS7/LD2/rootfiles/e1209019_fullreplay_12014_stream0_seg10_10.root..
Loading file: /w/halla-scshelf2102/sbs/sbs-gmn/pass0/SBS7/LD2/rootfiles/e1209019_fullreplay_12017_stream0_seg0_9.root..
Loading file: /w/halla-scshelf2102/sbs/sbs-gmn/pass0/SBS7/LD2/rootfiles/e1209019_fullreplay_12017_stream0_seg10_19.root..
Loading file: /w/halla-scshelf2102/sbs/sbs-gmn/pass0/SBS7/LD2/rootfiles/e1209019_fullreplay_12017_stream0_seg20_29.root..
Loading file: /w/halla-scshelf2102/sbs/sbs-gmn/pass0/SBS7/LD2/rootfiles/e1209019_fullreplay_12017_stream0_seg30_39.root..
Loading file: /w/halla-scshelf2102/sbs/sbs-gmn/pass0/SBS7/LD2/rootfiles/e1209019_fullreplay_12017_stream0_seg40_49.root..
Loading file: /w/halla-scshelf2102/sbs/sbs-gmn/pass0/SBS7/LD2/rootfiles/e1209019_fullreplay_12017_stream0_seg50_59.root..
Loading file: /w/halla-scshelf2102/sbs/sbs-gmn/pass0/SBS7/LD2/rootfiles/e1209019_fullreplay_12017_stream0_seg60_69.root..
Loading file: /w/halla-scshelf2102/sbs/sbs-gmn/pass0/SBS7/LD2/rootfiles/e1209019_fullreplay_12017_stream0_seg70_73.root..
Loading file: /w/halla-scshelf2102/sbs/sbs-gmn/pass0/SBS7/LD2/rootfiles/e1209019_fullreplay_12019_stream0_seg0_9.root..
Loading file: /w/halla-scshelf2102/sbs/sbs-gmn/pass0/SBS7/LD2/rootfiles/e1209019_fullreplay_12019_stream0_seg10_19.root..
Loading file: /w/halla-scshelf2102/sbs/sbs-gmn/pass0/SBS7/LD2/rootfiles/e1209019_fullreplay_12019_stream0_seg20_29.root..
Loading file: /w/halla-scshelf2102/sbs/sbs-gmn/pass0/SBS7/LD2/rootfiles/e1209019_fullreplay_12019_stream0_seg30_39.root..
Loading file: /w/halla-scshelf2102/sbs/sbs-gmn/pass0/SBS7/LD2/rootfiles/e1209019_fullreplay_12019_stream0_seg40_49.root..
Loading file: /w/halla-scshelf2102/sbs/sbs-gmn/pass0/SBS7/LD2/rootfiles/e1209019_fullreplay_12019_stream0_seg50_59.root..
Loading file: /w/halla-scshelf2102/sbs/sbs-gmn/pass0/SBS7/LD2/rootfiles/e1209019_fullreplay_12019_stream0_seg60_60.root..
Loading file: /w/halla-scshelf2102/sbs/sbs-gmn/pass0/SBS7/LD2/rootfiles/e1209019_fullreplay_12021_stream0_seg0_9.root..
Loading file: /w/halla-scshelf2102/sbs/sbs-gmn/pass0/SBS7/LD2/rootfiles/e1209019_fullreplay_12021_stream0_seg10_19.root..
Loading file: /w/halla-scshelf2102/sbs/sbs-gmn/pass0/SBS7/LD2/rootfiles/e1209019_fullreplay_12021_stream0_seg20_29.root..
Loading file: /w/halla-scshelf2102/sbs/sbs-gmn/pass0/SBS7/LD2/rootfiles/e1209019_fullreplay_12021_stream0_seg30_37.root..
Loading file: /w/halla-scshelf2102/sbs/sbs-gmn/pass0/SBS7/LD2/rootfiles/e1209019_fullreplay_12029_stream0_seg0_9.root..
Loading file: /w/halla-scshelf2102/sbs/sbs-gmn/pass0/SBS7/LD2/rootfiles/e1209019_fullreplay_12029_stream0_seg10_19.root..
Loading file: /w/halla-scshelf2102/sbs/sbs-gmn/pass0/SBS7/LD2/rootfiles/e1209019_fullreplay_12029_stream0_seg20_29.root..
Loading file: /w/halla-scshelf2102/sbs/sbs-gmn/pass0/SBS7/LD2/rootfiles/e1209019_fullreplay_12029_stream0_seg30_39.root..
Loading file: /w/halla-scshelf2102/sbs/sbs-gmn/pass0/SBS7/LD2/rootfiles/e1209019_fullreplay_12029_stream0_seg40_49.root..
Loading file: /w/halla-scshelf2102/sbs/sbs-gmn/pass0/SBS7/LD2/rootfiles/e1209019_fullreplay_12029_stream0_seg50_59.root..
Loading file: /w/halla-scshelf2102/sbs/sbs-gmn/pass0/SBS7/LD2/rootfiles/e1209019_fullreplay_12029_stream0_seg60_69.root..
Loading file: /w/halla-scshelf2102/sbs/sbs-gmn/pass0/SBS7/LD2/rootfiles/e1209019_fullreplay_12029_stream0_seg70_79.root..
Loading file: /w/halla-scshelf2102/sbs/sbs-gmn/pass0/SBS7/LD2/rootfiles/e1209019_fullreplay_12029_stream0_seg80_85.root..
Loading file: /w/halla-scshelf2102/sbs/sbs-gmn/pass0/SBS7/LD2/rootfiles/e1209019_fullreplay_12030_stream0_seg0_9.root..
Loading file: /w/halla-scshelf2102/sbs/sbs-gmn/pass0/SBS7/LD2/rootfiles/e1209019_fullreplay_12030_stream0_seg10_19.root..
Loading file: /w/halla-scshelf2102/sbs/sbs-gmn/pass0/SBS7/LD2/rootfiles/e1209019_fullreplay_12030_stream0_seg20_29.root..
Loading file: /w/halla-scshelf2102/sbs/sbs-gmn/pass0/SBS7/LD2/rootfiles/e1209019_fullreplay_12030_stream0_seg30_39.root..
Loading file: /w/halla-scshelf2102/sbs/sbs-gmn/pass0/SBS7/LD2/rootfiles/e1209019_fullreplay_12030_stream0_seg40_49.root..
Loading file: /w/halla-scshelf2102/sbs/sbs-gmn/pass0/SBS7/LD2/rootfiles/e1209019_fullreplay_12030_stream0_seg50_59.root..
Loading file: /w/halla-scshelf2102/sbs/sbs-gmn/pass0/SBS7/LD2/rootfiles/e1209019_fullreplay_12030_stream0_seg60_69.root..
Loading file: /w/halla-scshelf2102/sbs/sbs-gmn/pass0/SBS7/LD2/rootfiles/e1209019_fullreplay_12030_stream0_seg70_79.root..
Loading file: /w/halla-scshelf2102/sbs/sbs-gmn/pass0/SBS7/LD2/rootfiles/e1209019_fullreplay_12030_stream0_seg80_83.root..
Loading file: /w/halla-scshelf2102/sbs/sbs-gmn/pass0/SBS7/LD2/rootfiles/e1209019_fullreplay_12038_stream0_seg0_9.root..
Loading file: /w/halla-scshelf2102/sbs/sbs-gmn/pass0/SBS7/LD2/rootfiles/e1209019_fullreplay_12038_stream0_seg10_19.root..
Loading file: /w/halla-scshelf2102/sbs/sbs-gmn/pass0/SBS7/LD2/rootfiles/e1209019_fullreplay_12038_stream0_seg20_20.root..
Loading file: /w/halla-scshelf2102/sbs/sbs-gmn/pass0/SBS7/LD2/rootfiles/e1209019_fullreplay_12039_stream0_seg0_4.root..
Loading file: /w/halla-scshelf2102/sbs/sbs-gmn/pass0/SBS7/LD2/rootfiles/e1209019_fullreplay_12040_stream0_seg0_1.root..
Loading file: /w/halla-scshelf2102/sbs/sbs-gmn/pass0/SBS7/LD2/rootfiles/e1209019_fullreplay_12041_stream0_seg0_9.root..
Loading file: /w/halla-scshelf2102/sbs/sbs-gmn/pass0/SBS7/LD2/rootfiles/e1209019_fullreplay_12041_stream0_seg10_18.root..
Loading file: /w/halla-scshelf2102/sbs/sbs-gmn/pass0/SBS7/LD2/rootfiles/e1209019_fullreplay_12042_stream0_seg0_9.root..
Loading file: /w/halla-scshelf2102/sbs/sbs-gmn/pass0/SBS7/LD2/rootfiles/e1209019_fullreplay_12042_stream0_seg10_19.root..
Loading file: /w/halla-scshelf2102/sbs/sbs-gmn/pass0/SBS7/LD2/rootfiles/e1209019_fullreplay_12043_stream0_seg0_9.root..
Loading file: /w/halla-scshelf2102/sbs/sbs-gmn/pass0/SBS7/LD2/rootfiles/e1209019_fullreplay_12043_stream0_seg10_19.root..
Loading file: /w/halla-scshelf2102/sbs/sbs-gmn/pass0/SBS7/LD2/rootfiles/e1209019_fullreplay_12043_stream0_seg20_25.root..
Loading file: /w/halla-scshelf2102/sbs/sbs-gmn/pass0/SBS7/LD2/rootfiles/e1209019_fullreplay_12044_stream0_seg0_9.root..
Loading file: /w/halla-scshelf2102/sbs/sbs-gmn/pass0/SBS7/LD2/rootfiles/e1209019_fullreplay_12044_stream0_seg10_19.root..
Loading file: /w/halla-scshelf2102/sbs/sbs-gmn/pass0/SBS7/LD2/rootfiles/e1209019_fullreplay_12045_stream0_seg0_9.root..
Loading file: /w/halla-scshelf2102/sbs/sbs-gmn/pass0/SBS7/LD2/rootfiles/e1209019_fullreplay_12045_stream0_seg10_15.root..
Loading file: /w/halla-scshelf2102/sbs/sbs-gmn/pass0/SBS7/LD2/rootfiles/e1209019_fullreplay_12046_stream0_seg0_9.root..
Loading file: /w/halla-scshelf2102/sbs/sbs-gmn/pass0/SBS7/LD2/rootfiles/e1209019_fullreplay_12046_stream0_seg10_14.root..
Loading file: /w/halla-scshelf2102/sbs/sbs-gmn/pass0/SBS7/LD2/rootfiles/e1209019_fullreplay_12047_stream0_seg0_9.root..
Loading file: /w/halla-scshelf2102/sbs/sbs-gmn/pass0/SBS7/LD2/rootfiles/e1209019_fullreplay_12047_stream0_seg10_19.root..
Loading file: /w/halla-scshelf2102/sbs/sbs-gmn/pass0/SBS7/LD2/rootfiles/e1209019_fullreplay_12048_stream0_seg0_9.root..
Loading file: /w/halla-scshelf2102/sbs/sbs-gmn/pass0/SBS7/LD2/rootfiles/e1209019_fullreplay_12048_stream0_seg10_10.root..
Loading file: /w/halla-scshelf2102/sbs/sbs-gmn/pass0/SBS7/LD2/rootfiles/e1209019_fullreplay_12050_stream0_seg0_9.root..
Loading file: /w/halla-scshelf2102/sbs/sbs-gmn/pass0/SBS7/LD2/rootfiles/e1209019_fullreplay_12050_stream0_seg10_19.root..
Loading file: /w/halla-scshelf2102/sbs/sbs-gmn/pass0/SBS7/LD2/rootfiles/e1209019_fullreplay_12050_stream0_seg20_29.root..
Loading file: /w/halla-scshelf2102/sbs/sbs-gmn/pass0/SBS7/LD2/rootfiles/e1209019_fullreplay_12050_stream0_seg30_39.root..
Loading file: /w/halla-scshelf2102/sbs/sbs-gmn/pass0/SBS7/LD2/rootfiles/e1209019_fullreplay_12050_stream0_seg40_49.root..
Loading file: /w/halla-scshelf2102/sbs/sbs-gmn/pass0/SBS7/LD2/rootfiles/e1209019_fullreplay_12050_stream0_seg50_59.root..
Loading file: /w/halla-scshelf2102/sbs/sbs-gmn/pass0/SBS7/LD2/rootfiles/e1209019_fullreplay_12050_stream0_seg60_69.root..
Loading file: /w/halla-scshelf2102/sbs/sbs-gmn/pass0/SBS7/LD2/rootfiles/e1209019_fullreplay_12050_stream0_seg70_79.root..
Loading file: /w/halla-scshelf2102/sbs/sbs-gmn/pass0/SBS7/LD2/rootfiles/e1209019_fullreplay_12050_stream0_seg80_89.root..
Loading file: /w/halla-scshelf2102/sbs/sbs-gmn/pass0/SBS7/LD2/rootfiles/e1209019_fullreplay_12050_stream0_seg90_91.root..
Loading file: /w/halla-scshelf2102/sbs/sbs-gmn/pass0/SBS7/LD2/rootfiles/e1209019_fullreplay_12051_stream0_seg0_9.root..
Loading file: /w/halla-scshelf2102/sbs/sbs-gmn/pass0/SBS7/LD2/rootfiles/e1209019_fullreplay_12051_stream0_seg10_19.root..
Loading file: /w/halla-scshelf2102/sbs/sbs-gmn/pass0/SBS7/LD2/rootfiles/e1209019_fullreplay_12051_stream0_seg20_29.root..
Loading file: /w/halla-scshelf2102/sbs/sbs-gmn/pass0/SBS7/LD2/rootfiles/e1209019_fullreplay_12051_stream0_seg30_39.root..
Loading file: /w/halla-scshelf2102/sbs/sbs-gmn/pass0/SBS7/LD2/rootfiles/e1209019_fullreplay_12051_stream0_seg40_49.root..
Loading file: /w/halla-scshelf2102/sbs/sbs-gmn/pass0/SBS7/LD2/rootfiles/e1209019_fullreplay_12051_stream0_seg50_59.root..
Loading file: /w/halla-scshelf2102/sbs/sbs-gmn/pass0/SBS7/LD2/rootfiles/e1209019_fullreplay_12051_stream0_seg60_66.root..
Loading file: /w/halla-scshelf2102/sbs/sbs-gmn/pass0/SBS7/LD2/rootfiles/e1209019_fullreplay_12055_stream0_seg0_9.root..
Loading file: /w/halla-scshelf2102/sbs/sbs-gmn/pass0/SBS7/LD2/rootfiles/e1209019_fullreplay_12055_stream0_seg10_19.root..
Loading file: /w/halla-scshelf2102/sbs/sbs-gmn/pass0/SBS7/LD2/rootfiles/e1209019_fullreplay_12055_stream0_seg20_29.root..
Loading file: /w/halla-scshelf2102/sbs/sbs-gmn/pass0/SBS7/LD2/rootfiles/e1209019_fullreplay_12055_stream0_seg30_39.root..
Loading file: /w/halla-scshelf2102/sbs/sbs-gmn/pass0/SBS7/LD2/rootfiles/e1209019_fullreplay_12055_stream0_seg40_49.root..
Loading file: /w/halla-scshelf2102/sbs/sbs-gmn/pass0/SBS7/LD2/rootfiles/e1209019_fullreplay_12055_stream0_seg50_56.root..
Loading file: /w/halla-scshelf2102/sbs/sbs-gmn/pass0/SBS7/LD2/rootfiles/e1209019_fullreplay_12056_stream0_seg0_9.root..
Loading file: /w/halla-scshelf2102/sbs/sbs-gmn/pass0/SBS7/LD2/rootfiles/e1209019_fullreplay_12056_stream0_seg10_19.root..
Loading file: /w/halla-scshelf2102/sbs/sbs-gmn/pass0/SBS7/LD2/rootfiles/e1209019_fullreplay_12056_stream0_seg20_29.root..
Loading file: /w/halla-scshelf2102/sbs/sbs-gmn/pass0/SBS7/LD2/rootfiles/e1209019_fullreplay_12056_stream0_seg30_39.root..
Loading file: /w/halla-scshelf2102/sbs/sbs-gmn/pass0/SBS7/LD2/rootfiles/e1209019_fullreplay_12056_stream0_seg40_49.root..
Loading file: /w/halla-scshelf2102/sbs/sbs-gmn/pass0/SBS7/LD2/rootfiles/e1209019_fullreplay_12056_stream0_seg50_50.root..
Loading file: /w/halla-scshelf2102/sbs/sbs-gmn/pass0/SBS7/LD2/rootfiles/e1209019_fullreplay_12057_stream0_seg0_9.root..
Loading file: /w/halla-scshelf2102/sbs/sbs-gmn/pass0/SBS7/LD2/rootfiles/e1209019_fullreplay_12057_stream0_seg10_19.root..
Loading file: /w/halla-scshelf2102/sbs/sbs-gmn/pass0/SBS7/LD2/rootfiles/e1209019_fullreplay_12057_stream0_seg20_29.root..
Loading file: /w/halla-scshelf2102/sbs/sbs-gmn/pass0/SBS7/LD2/rootfiles/e1209019_fullreplay_12057_stream0_seg30_39.root..
Loading file: /w/halla-scshelf2102/sbs/sbs-gmn/pass0/SBS7/LD2/rootfiles/e1209019_fullreplay_12057_stream0_seg40_49.root..
Loading file: /w/halla-scshelf2102/sbs/sbs-gmn/pass0/SBS7/LD2/rootfiles/e1209019_fullreplay_12057_stream0_seg50_59.root..
Loading file: /w/halla-scshelf2102/sbs/sbs-gmn/pass0/SBS7/LD2/rootfiles/e1209019_fullreplay_12059_stream0_seg0_9.root..
Loading file: /w/halla-scshelf2102/sbs/sbs-gmn/pass0/SBS7/LD2/rootfiles/e1209019_fullreplay_12059_stream0_seg10_19.root..
Loading file: /w/halla-scshelf2102/sbs/sbs-gmn/pass0/SBS7/LD2/rootfiles/e1209019_fullreplay_12059_stream0_seg20_29.root..
Loading file: /w/halla-scshelf2102/sbs/sbs-gmn/pass0/SBS7/LD2/rootfiles/e1209019_fullreplay_12059_stream0_seg30_39.root..
Loading file: /w/halla-scshelf2102/sbs/sbs-gmn/pass0/SBS7/LD2/rootfiles/e1209019_fullreplay_12059_stream0_seg40_44.root..
Loading file: /w/halla-scshelf2102/sbs/sbs-gmn/pass0/SBS7/LD2/rootfiles/e1209019_fullreplay_12060_stream0_seg0_9.root..
Loading file: /w/halla-scshelf2102/sbs/sbs-gmn/pass0/SBS7/LD2/rootfiles/e1209019_fullreplay_12060_stream0_seg10_19.root..
Loading file: /w/halla-scshelf2102/sbs/sbs-gmn/pass0/SBS7/LD2/rootfiles/e1209019_fullreplay_12060_stream0_seg20_23.root..
Loading file: /w/halla-scshelf2102/sbs/sbs-gmn/pass0/SBS7/LD2/rootfiles/e1209019_fullreplay_12062_stream0_seg0_9.root..
Loading file: /w/halla-scshelf2102/sbs/sbs-gmn/pass0/SBS7/LD2/rootfiles/e1209019_fullreplay_12062_stream0_seg10_19.root..
Loading file: /w/halla-scshelf2102/sbs/sbs-gmn/pass0/SBS7/LD2/rootfiles/e1209019_fullreplay_12062_stream0_seg20_29.root..
Loading file: /w/halla-scshelf2102/sbs/sbs-gmn/pass0/SBS7/LD2/rootfiles/e1209019_fullreplay_12062_stream0_seg30_39.root..
Loading file: /w/halla-scshelf2102/sbs/sbs-gmn/pass0/SBS7/LD2/rootfiles/e1209019_fullreplay_12062_stream0_seg40_49.root..
Loading file: /w/halla-scshelf2102/sbs/sbs-gmn/pass0/SBS7/LD2/rootfiles/e1209019_fullreplay_12062_stream0_seg50_53.root..
Loading file: /w/halla-scshelf2102/sbs/sbs-gmn/pass0/SBS7/LD2/rootfiles/e1209019_fullreplay_12063_stream0_seg0_9.root..
Loading file: /w/halla-scshelf2102/sbs/sbs-gmn/pass0/SBS7/LD2/rootfiles/e1209019_fullreplay_12063_stream0_seg10_19.root..
Loading file: /w/halla-scshelf2102/sbs/sbs-gmn/pass0/SBS7/LD2/rootfiles/e1209019_fullreplay_12063_stream0_seg20_29.root..
Loading file: /w/halla-scshelf2102/sbs/sbs-gmn/pass0/SBS7/LD2/rootfiles/e1209019_fullreplay_12063_stream0_seg30_39.root..
Loading file: /w/halla-scshelf2102/sbs/sbs-gmn/pass0/SBS7/LD2/rootfiles/e1209019_fullreplay_12063_stream0_seg40_44.root..
Loading file: /w/halla-scshelf2102/sbs/sbs-gmn/pass0/SBS7/LD2/rootfiles/e1209019_fullreplay_12065_stream0_seg0_9.root..
Loading file: /w/halla-scshelf2102/sbs/sbs-gmn/pass0/SBS7/LD2/rootfiles/e1209019_fullreplay_12065_stream0_seg10_19.root..
Loading file: /w/halla-scshelf2102/sbs/sbs-gmn/pass0/SBS7/LD2/rootfiles/e1209019_fullreplay_12065_stream0_seg20_29.root..
Loading file: /w/halla-scshelf2102/sbs/sbs-gmn/pass0/SBS7/LD2/rootfiles/e1209019_fullreplay_12065_stream0_seg30_39.root..
Loading file: /w/halla-scshelf2102/sbs/sbs-gmn/pass0/SBS7/LD2/rootfiles/e1209019_fullreplay_12065_stream0_seg40_49.root..
Loading file: /w/halla-scshelf2102/sbs/sbs-gmn/pass0/SBS7/LD2/rootfiles/e1209019_fullreplay_12065_stream0_seg50_54.root..
Loading file: /w/halla-scshelf2102/sbs/sbs-gmn/pass0/SBS7/LD2/rootfiles/e1209019_fullreplay_12066_stream0_seg0_9.root..
Loading file: /w/halla-scshelf2102/sbs/sbs-gmn/pass0/SBS7/LD2/rootfiles/e1209019_fullreplay_12066_stream0_seg10_11.root..
Loading file: /w/halla-scshelf2102/sbs/sbs-gmn/pass0/SBS7/LD2/rootfiles/e1209019_fullreplay_12068_stream0_seg0_9.root..
Loading file: /w/halla-scshelf2102/sbs/sbs-gmn/pass0/SBS7/LD2/rootfiles/e1209019_fullreplay_12068_stream0_seg10_19.root..
Loading file: /w/halla-scshelf2102/sbs/sbs-gmn/pass0/SBS7/LD2/rootfiles/e1209019_fullreplay_12068_stream0_seg20_29.root..
Loading file: /w/halla-scshelf2102/sbs/sbs-gmn/pass0/SBS7/LD2/rootfiles/e1209019_fullreplay_12068_stream0_seg30_39.root..
Loading file: /w/halla-scshelf2102/sbs/sbs-gmn/pass0/SBS7/LD2/rootfiles/e1209019_fullreplay_12068_stream0_seg40_43.root..
Loading file: /w/halla-scshelf2102/sbs/sbs-gmn/pass0/SBS7/LD2/rootfiles/e1209019_fullreplay_12069_stream0_seg0_9.root..
Loading file: /w/halla-scshelf2102/sbs/sbs-gmn/pass0/SBS7/LD2/rootfiles/e1209019_fullreplay_12069_stream0_seg10_11.root..
Loading file: /w/halla-scshelf2102/sbs/sbs-gmn/pass0/SBS7/LD2/rootfiles/e1209019_fullreplay_12070_stream0_seg0_9.root..
Loading file: /w/halla-scshelf2102/sbs/sbs-gmn/pass0/SBS7/LD2/rootfiles/e1209019_fullreplay_12070_stream0_seg10_11.root..
Loading file: /w/halla-scshelf2102/sbs/sbs-gmn/pass0/SBS7/LD2/rootfiles/e1209019_fullreplay_12071_stream0_seg0_9.root..
Loading file: /w/halla-scshelf2102/sbs/sbs-gmn/pass0/SBS7/LD2/rootfiles/e1209019_fullreplay_12071_stream0_seg10_19.root..
Loading file: /w/halla-scshelf2102/sbs/sbs-gmn/pass0/SBS7/LD2/rootfiles/e1209019_fullreplay_12071_stream0_seg20_29.root..
Loading file: /w/halla-scshelf2102/sbs/sbs-gmn/pass0/SBS7/LD2/rootfiles/e1209019_fullreplay_12071_stream0_seg30_33.root..
Loading file: /w/halla-scshelf2102/sbs/sbs-gmn/pass0/SBS7/LD2/rootfiles/e1209019_fullreplay_12073_stream0_seg0_9.root..
Loading file: /w/halla-scshelf2102/sbs/sbs-gmn/pass0/SBS7/LD2/rootfiles/e1209019_fullreplay_12073_stream0_seg10_19.root..
Loading file: /w/halla-scshelf2102/sbs/sbs-gmn/pass0/SBS7/LD2/rootfiles/e1209019_fullreplay_12073_stream0_seg20_25.root..
Loading beam energy: 7.9072
Loading HCal distance: 14
Loading HCal angle: 0.280998
Loading BBCal angle: 0.698132
Loading W2 mean cut: 0.88
Loading W2 sigma cut: 0.25
Loading x position of neutron spot: 0.02437
Loading y position of proton spot: -0.6914
Loading y position of both hadron spots: 0.01075
Loading x sigma of neutron spot: 0.107
Loading x sigma of proton spot: 0.1246
Loading y sigma of both hadron spots: 0.1828
Loading ADC time mean: 62.3849
Loading ADC time sigma: 4.08414
Loading Aluminum absorber option: 0


Setup parameters loaded and chains linked.
Opened many trees with 503378 LH2 events passing global cuts.
Opened many trees with 1893940 LD2 events passing global cuts.

Total available events to calibrate = 2397318.

Looping over hydrogen data..
LH2 kinematic 7 at field 85% , entry: 100000/503378. Total events gathered for calibration: 2942
LH2 kinematic 7 at field 85% , entry: 200000/503378. Total events gathered for calibration: 5758
LH2 kinematic 7 at field 85% , entry: 300000/503378. Total events gathered for calibration: 9507
LH2 kinematic 7 at field 85% , entry: 400000/503378. Total events gathered for calibration: 13054
LH2 kinematic 7 at field 85% , entry: 500000/503378. Total events gathered for calibration: 16883
Looping over deuterium data..
LD2 kinematic 7 at field 85%, entry: 100000/1893940. Total events gathered for calibration: 2152
LD2 kinematic 7 at field 85%, entry: 200000/1893940. Total events gathered for calibration: 4078
LD2 kinematic 7 at field 85%, entry: 300000/1893940. Total events gathered for calibration: 6392
LD2 kinematic 7 at field 85%, entry: 400000/1893940. Total events gathered for calibration: 8555
LD2 kinematic 7 at field 85%, entry: 500000/1893940. Total events gathered for calibration: 11185
LD2 kinematic 7 at field 85%, entry: 600000/1893940. Total events gathered for calibration: 13879
LD2 kinematic 7 at field 85%, entry: 700000/1893940. Total events gathered for calibration: 16374
LD2 kinematic 7 at field 85%, entry: 800000/1893940. Total events gathered for calibration: 18828
LD2 kinematic 7 at field 85%, entry: 900000/1893940. Total events gathered for calibration: 21506
LD2 kinematic 7 at field 85%, entry: 1000000/1893940. Total events gathered for calibration: 24045
LD2 kinematic 7 at field 85%, entry: 1100000/1893940. Total events gathered for calibration: 26993
LD2 kinematic 7 at field 85%, entry: 1200000/1893940. Total events gathered for calibration: 29694
LD2 kinematic 7 at field 85%, entry: 1300000/1893940. Total events gathered for calibration: 32361
LD2 kinematic 7 at field 85%, entry: 1400000/1893940. Total events gathered for calibration: 35213
LD2 kinematic 7 at field 85%, entry: 1500000/1893940. Total events gathered for calibration: 37962
LD2 kinematic 7 at field 85%, entry: 1600000/1893940. Total events gathered for calibration: 41071
LD2 kinematic 7 at field 85%, entry: 1700000/1893940. Total events gathered for calibration: 43877
LD2 kinematic 7 at field 85%, entry: 1800000/1893940. Total events gathered for calibration: 46508

Fitting TDC/ADCt/TW distributions


Elastic yield for analyzed runs: 33022. Total event bins available for calibration = LH2 + LD2: 16951 + 49357 = 66308. Total number of events analyzed: 2397318.

Diagnostic iteration complete. Histograms written to file.

CPU time elapsed = 123.72 s = 2.062 min. Real time = 378.011 s = 6.30019 min.
