33
30
106
175
42
61
61
54
28
18
77
17
44
58
62
33
47
120
35
84
51
67
97
97
26
42
63
33
151
160
126
125
105
121
43
10
73
60
37
85
83
20
4
1
18
19
25
19
15
14
19
10
91
66
56
50
59
44
23
53
44
54
11
43
11
11
33
25
288
250
49
84
77
28
133
22
470
326
101
190
17
47
39
51
271
54
228
45
278
37
305
305
313
546
72
14
119
174
155
155
154
154
153
168
161
158
24
164
158
175
209
167
134
124
151
155
86
196
78
162
25
92
15
18
26
47
83
237
160
170
166
70
95
171
156
86
143
37
1
92
157
157
148
84
123
0
158
102
99
112
118
71
90
100
21
123
140
140
196
56
142
147
149
140
135
197
166
139
87
181
180
184
175
173
196
195
89
178
178
142
204
181
178
180
173
182
178
200
113
70
164
140
123
17
138
44
94
89
47
135
5
140
21
110
31
121
39
95
62
137
14
139
137
137
131
144
60
45
23
164
138
174
37
130
131
13
150
139
104
141
154
91
144
138
139
130
111
74
118
117
138
144
140
138
140
141
4
146
143
154
130
94
88
140
145
77
70
144
14
137
2
97
89
72
110
54
103
211
210
223
132
200
119
125
77
8
104
99
107
137
124
179
136
142
140
146
139
205
135
137
140
138
141
137
90
163
139
102
62
6
129
140
174
143
175
14
135
16
53
102
136
136
139
137
148
49
144
131
69
146
133
159
143
54
126
131
65
49
172
136
148
136
136
109
59
76
35
19
30
134
133
26
133
137
136
36
134
137
146
139
106
50
191
152
161
132
124
2
131
135
132
103
68
135
97
137
115
139
140
145
153
106
134
138
150
143
149
46
14
172
182
157
146
162
138
155
59
94
72
178
162
158
190
186
141
158
158
136
162
136
68
149
115
143
142
142
152
145
149
70
30
171
40
141
66
36
150
26
148
146
119
161
202
193
107
69
142
135
138
117
132
100
111
107
132
184
100
152
157
147
146
150
59
149
150
153
158
147
145
147
148
155
198
112
10
68
33
120
73
127
122
122
128
119
123
129
116
157
135
132
131
127
129
83
145
147
147
154
57
150
144
145
17
147
6
50
112
88
114
112
113
140
119
30
147
145
148
148
12
130
35
146
151
126
77
101
153
127
152
150
177
10
184
179
305
307
156
25
308
87
9
100
75
41
21
329
325
327
316
79
183
364
62
310
308
320
307
328
291
307
94
215
311
210
214
13
176
5
5
5
5
5
151
158
161
135
164
40
157
57
231
160
321
322
98
188
159
145
