63
61
76
68
141
93
30
13
72
26
61
2
4
8
6
5
122
117
130
51
49
50
12
47
49
49
48
162
151
64
105
72
159
190
161
170
40
25
138
125
169
164
93
105
69
97
55
56
33
169
16
13
124
195
84
132
85
110
115
115
122
105
107
112
44
36
53
26
42
41
40
131
43
63
24
83
52
73
1
54
31
59
32
50
17
15
41
42
91
81
42
44
79
164
2
82
93
84
83
46
82
35
80
81
18
2
29
12
13
25
102
105
35
186
60
28
82
98
126
66
104
77
4
102
160
26
132
102
31
32
18
81
151
150
154
160
157
148
152
28
96
81
38
84
105
96
83
97
152
143
152
153
154
156
80
150
159
163
157
160
158
159
106
41
140
148
162
185
141
200
111
310
312
163
156
163
171
