0.00175  0.00266867  0.00263163  0.00180382  0.00263728  0.00185798  0.0024062  0.00332779  0.00145959  0.00145491  0.00222524  0.00374568  
0.00175  0.0028114  0.00311657  0.0025307  0.00220669  0.00193068  0.00133793  0.00033258  0.000987108  0.00208857  0.00104803  0.00256277  
0.00175  0.00198737  0.00238623  0.00245061  0.00184263  0.00242812  0.000814091  0.00111288  0.00151991  0.00215693  0.000868816  0.0031688  
0.00175  0.00370595  0.00207407  0.00228005  0.00194665  0.00166959  0.00233031  0.00275538  0.00283573  0.00208062  0.00191594  0.00296845  
0.00175  0.00289564  0.00231741  0.00260984  0.0021806  0.00138676  0.00200446  0.00181217  0.00241373  0.00202092  0.00184944  0.00272894  
0.00539881  0.00349153  0.00254019  0.00196272  0.00213313  0.00217009  0.00148622  0.00208345  0.0016884  0.00155901  0.00173477  0.00254265  
0.00169373  0.00130524  0.000966914  0.000860106  0.000909528  0.000799513  0.00203331  0.00194451  0.0017321  0.00238756  0.00173649  0.00311957  
0.0030827  0.00372947  0.00255013  0.00216045  0.00213058  0.00186414  0.00219641  0.00204412  0.00208925  0.00247468  0.00197725  0.00326762  
0.00512732  0.00316712  0.002374  0.00170884  0.00200064  0.00176601  0.00129897  0.00186608  0.00175175  0.00191841  0.00228344  0.00300717  
0.00260136  0.00288451  0.0024251  0.0023183  0.00195064  0.00181175  0.00207894  0.00203414  0.00193454  0.00207752  0.00178401  0.00305697  
0.00607633  0.00348856  0.00235369  0.00192992  0.00215695  0.0018882  0.00198819  0.00204895  0.00193181  0.0023826  0.00126722  0.00216883  
0.0072298  0.00307353  0.00195489  0.00165672  0.00198781  0.00201876  0.00173303  0.00174984  0.00179045  0.00256161  0.00240923  0.00372126  
0.00234592  0.00167112  0.00115057  0.000241949  0.000756729  0.000789119  0.0018782  0.00198464  0.0019415  0.00158025  0.00228241  0.0035386  
0.00660769  0.00254332  0.00232347  0.00165374  0.0013582  0.00163871  0.0015982  0.00221003  0.0013641  0.0022735  0.00270455  0.00379699  
0.00212358  0.0031528  0.00189424  0.00172298  0.00162865  0.00199339  0.00174205  0.00183512  0.00214087  0.000195627  0.00216701  0.00341337  
0.00335189  0.00267784  0.00254751  0.00179174  0.00155343  0.00114986  0.00202452  0.00207173  0.00189853  0.00229974  0.00274045  0.00356526  
0.00349821  0.00208082  0.00221136  0.00181458  0.00131905  0.00190313  0.00167458  0.000908802  0.00180065  0.00171424  0.00268893  0.00340549  
0.00274887  0.00280964  0.00244595  0.00141992  0.0018661  0.00181863  0.00198372  0.00222348  0.00192268  0.00187783  0.00313622  0.00366691  
0.0050249  0.00292725  0.00236784  0.0015967  0.00208517  0.00172041  0.00160776  0.00179876  0.00175837  0.00216844  0.0022207  0.0037875  
0.00432152  0.0028822  0.00218841  0.00186698  0.00188115  0.00177358  0.00172173  0.00157312  0.0017739  0.00227196  0.00243261  0.00372496  
0.0045194  0.00289505  0.00467872  0.00154945  0.00127888  0.00194047  0.00161713  0.00196102  0.00200076  0.00200287  0.00235297  0.00410904  
0.00265122  0.00206662  0.00225118  0.00219596  0.00197953  0.00214598  0.00219568  0.0020861  0.001887  0.00168653  0.00244434  0.00338812  
0.00175  0.00403728  0.00184311  0.00195142  0.00187954  0.0021095  0.00180189  0.00173638  0.00213632  0.00218597  0.00262937  0.00308539  
0.00731553  0.00733844  0.00269888  0.00236267  0.00204097  0.00246712  0.00241754  0.00240661  0.00195007  0.00151657  0.00263376  0.00416878
