#HCal gain coefficients from SBS-7 obtained 3_7_2023
sbs.hcal.adc.gain =
0.00175  0.00266867  0.00263163  0.00180382  0.00263728  0.00185798  0.0024062  0.00332779  0.00145959  0.00145491  0.00222524  0.00374568  
0.00175  0.0028114  0.00168388  0.00165362  0.00176223  0.00191629  0.00127553  0.00033258  0.000987108  0.00208857  0.00104803  0.00256277  
0.00175  0.000549083  0.000775478  0.00143323  0.00133923  0.00150582  0.000878316  0.00116677  0.00122135  0.00180183  0.000868816  0.0031688  
0.00175  0.00165191  0.00138037  0.00117046  0.00442009  0.00553488  0.00149967  0.00168174  0.00171157  0.00208062  0.00191594  0.00296845  
0.00175  0.00131023  0.0015652  0.00315189  0.00212027  0.00191838  0.00281699  0.00419957  0.00328679  0.00736151  0.00184944  0.00272894  
0.00539881  0.00224432  0.00157432  0.00343377  0.00264931  0.00265836  0.00288391  0.00301567  0.00187179  0.00173482  0.00501651  0.00254265  
0.00169373  0.000275533  0.000298944  0.00107006  0.00188124  0.00159688  0.00258019  0.00221143  0.00274327  0.00309819  0.00328924  0.00311957  
0.0030827  0.00186074  0.00230306  0.00287521  0.00238635  0.00236498  0.00275592  0.00268107  0.00270276  0.00242266  0.0031519  0.00326762  
0.00512732  0.00154451  0.00352374  0.00254743  0.00280319  0.00228212  0.00240435  0.00272733  0.00237247  0.00314728  0.00509871  0.00300717  
0.00260136  0.00359919  0.00228235  0.00309362  0.00291057  0.00237105  0.00259106  0.00240527  0.00315416  0.00223864  0.00381694  0.00305697  
0.00607633  0.00288647  0.00263251  0.00261608  0.00279439  0.0023984  0.00270113  0.00279545  0.00294375  0.00346206  0.00126722  0.00216883  
0.0072298  0.00341434  0.00269308  0.00280514  0.00263993  0.0028304  0.00249619  0.00206507  0.00281522  0.00344453  0.00381379  0.00372126  
0.000449533  0.000757486  0.000269262  0.000523884  0.000905734  0.00176365  0.00270481  0.00246512  0.00292448  0.00225393  0.00287241  0.0035386  
0.00660769  0.00288275  0.00244069  0.00206646  0.00182471  0.00251548  0.00214941  0.0027345  0.0019719  0.00430529  0.00640841  0.00379699  
0.00212358  0.00385535  0.00211214  0.00246173  0.0027323  0.00249193  0.00235735  0.00247801  0.00256595  0.00025563  0.00136705  0.00341337  
0.00335189  0.00287454  0.00343742  0.00304796  0.00207813  0.00168087  0.00271739  0.00269167  0.00283683  0.002787  0.00375581  0.00356526  
0.00349821  0.000739592  0.00268804  0.00334999  0.00159647  0.00272402  0.00197555  0.00143963  0.00197551  0.00198031  0.0024112  0.00340549  
0.00274887  0.00349782  0.00329573  0.00211488  0.00235291  0.00244059  0.00285413  0.00272118  0.00268112  0.00242941  0.00376881  0.00547472  
0.0050249  0.00292725  0.00286671  0.00302773  0.00301523  0.00224343  0.00247846  0.00269785  0.00203267  0.00260123  0.00247419  0.00547601  
0.00432152  0.00164664  0.00324244  0.00208821  0.00369857  0.00231642  0.00224829  0.00176919  0.00262591  0.00283205  0.00378626  0.00372496  
0.0045194  0.00171242  0.000476805  0.00371208  0.00196727  0.00340984  0.00197736  0.0032889  0.00293893  0.0026165  0.00263813  0.00410904  
0.00265122  0.00116889  0.00190811  0.00422835  0.00434872  0.0023647  0.00313532  0.00238396  0.00286646  0.00207969  0.00447327  0.00338812  
0.00175  0.00403728  0.00184311  0.00369797  0.00175889  0.00391846  0.0026721  0.00240349  0.00340382  0.00298897  0.00409163  0.00308539  
0.00731553  0.00733844  0.00269888  0.00236267  0.00204097  0.00412068  0.00166549  0.000471671  0.00160983  0.00151657  0.00263376  0.00416878  

#One Block Std = 
0.00175  0.00266867  0.00263163  0.00180382  0.00263728  0.00185798  0.0024062  0.00332779  0.00145959  0.00145491  0.00222524  0.00374568  
0.00175  0.0028114  0.00168388  0.00165362  0.00176223  0.00191629  0.00127553  0.00033258  0.000987108  0.00208857  0.00104803  0.00256277  
0.00175  0.000549083  0.000775478  0.00143323  0.00133923  0.00150582  0.000878316  0.00116677  0.00122135  0.00180183  0.000868816  0.0031688  
0.00175  0.00165191  0.00138037  0.00117046  0.00117154  0.00130065  0.00149967  0.00168174  0.00171157  0.00208062  0.00191594  0.00296845  
0.00175  0.00131023  0.0015652  0.00146996  0.00149789  0.00122581  0.0015918  0.0015631  0.00183514  0.00202092  0.00184944  0.00272894  
0.00539881  0.00224432  0.00157432  0.00144749  0.00150163  0.00162213  0.00117414  0.00165062  0.00156161  0.00147743  0.00173477  0.00254265  
0.00169373  0.000275533  0.000298944  0.000599265  0.00105645  0.00086871  0.00160354  0.00151191  0.00183094  0.00200068  0.00173649  0.00311957  
0.0030827  0.00186074  0.00144928  0.00160785  0.00141713  0.00129993  0.00175116  0.00180068  0.00199998  0.00208202  0.00197725  0.00326762  
0.00512732  0.00154451  0.000979505  0.00125333  0.00154216  0.00139283  0.00116208  0.00143264  0.00162997  0.00190801  0.00176975  0.00300717  
0.00260136  0.00148176  0.00146341  0.00166698  0.0014947  0.00141715  0.00175344  0.00170741  0.00169573  0.00209187  0.00155949  0.00305697  
0.00607633  0.00171058  0.00137975  0.00161664  0.00163906  0.00177731  0.00175405  0.00177746  0.00180745  0.00197599  0.00126722  0.00216883  
0.0072298  0.00174206  0.00140851  0.00154404  0.00161964  0.00169163  0.00147921  0.00176682  0.00154032  0.00213906  0.00240923  0.00372126  
0.000449533  0.000488912  0.000590922  0.000582451  0.000745794  0.00101917  0.00161642  0.00168821  0.00159181  0.00142471  0.00228241  0.0035386  
0.00660769  0.00120219  0.00137378  0.00110814  0.00108169  0.00150119  0.00135809  0.00178457  0.00133372  0.00214296  0.00270455  0.00379699  
0.00212358  0.0017905  0.00117037  0.00140173  0.00156192  0.00156128  0.00162737  0.00171791  0.00172918  0.000244951  0.00250264  0.00341337  
0.00335189  0.00127896  0.00148071  0.00133853  0.00136398  0.00118429  0.00160078  0.00182872  0.00147448  0.00191438  0.00274045  0.00356526  
0.00349821  0.000794794  0.00150729  0.00127622  0.00111391  0.00139497  0.00137369  0.000975249  0.00109081  0.00155438  0.00195526  0.00340549  
0.00274887  0.00140077  0.00135238  0.00107242  0.0015003  0.00127913  0.00167818  0.00187533  0.0015864  0.0015361  0.00244788  0.00366691  
0.0050249  0.00292725  0.00159332  0.00131823  0.00154002  0.00129025  0.00152842  0.00172602  0.00125051  0.00149605  0.0020386  0.0037875  
0.00432152  0.00164664  0.00152238  0.00133137  0.0018508  0.00123938  0.00137083  0.00119434  0.0016172  0.00155701  0.00168128  0.00372496  
0.0045194  0.00171242  0.000476805  0.001309  0.00130803  0.00128104  0.00124791  0.00160076  0.00154403  0.00131706  0.00138985  0.00410904  
0.00265122  0.00116889  0.00190811  0.00166903  0.00179654  0.00185825  0.00169268  0.00158463  0.00158704  0.00105741  0.00183152  0.00338812  
0.00175  0.00403728  0.00184311  0.00188862  0.00164165  0.00163744  0.00149042  0.00142973  0.00163888  0.00171401  0.00262937  0.00308539  
0.00731553  0.00733844  0.00269888  0.00236267  0.00204097  0.00246712  0.00241754  0.00240661  0.00195007  0.00151657  0.00263376  0.00416878  

#Number of events available for calibration = 
0  0  0  0  0  0  0  0  0  0  0  0  
0  0  1  0  2  1  1  0  0  1  0  0  
0  0  0  3  5  8  5  8  5  5  3  0  
0  1  6  20  45  43  28  26  15  17  12  3  
0  3  20  53  89  114  93  55  38  37  21  6  
1  5  19  70  151  217  188  141  98  65  32  12  
2  4  22  99  262  378  349  273  188  87  43  17  
1  13  50  181  392  520  499  360  233  102  48  11  
5  25  67  209  438  577  473  422  261  105  41  6  
6  37  112  261  441  572  605  471  239  116  32  4  
7  45  124  334  560  697  655  468  246  101  26  6  
6  46  166  375  619  832  703  520  271  101  48  11  
3  30  103  253  572  761  814  582  253  89  49  14  
6  39  118  331  666  891  823  621  265  103  31  11  
14  36  120  322  668  882  840  645  330  69  33  6  
7  36  107  272  604  779  779  637  337  143  49  11  
5  30  100  234  479  620  678  572  342  180  66  21  
7  31  86  162  384  539  656  645  434  244  95  32  
5  23  72  155  285  436  554  554  370  190  93  30  
3  13  46  113  215  299  364  362  245  144  66  21  
4  11  18  85  159  197  248  267  177  112  56  20  
5  9  25  56  108  160  188  188  150  96  42  14  
0  7  14  35  53  90  109  109  108  65  43  16  
1  2  5  17  24  37  45  45  35  26  25  6  
