#HCal gain coefficients from SBS-9 obtained 3_7_2023
sbs.hcal.adc.gain =
0  0.00266867  0.00263163  0.00180382  0.00263728  0  0  0  0  0  0  0  
0.00175  0.0028114  0.000231146  0.0031069  0.00270784  0.00191629  0.00127553  0.00033258  0.000987108  0.00208857  0  0  
0.00175  0.000390605  0.000899306  0.0024944  0.00192901  0.00242496  0.00103009  0.00123203  0.00166179  0.00337368  0.000868816  0.0031688  
0.00233009  0.00224294  0.00177012  0.00148832  0.00143488  0.00162851  0.00242354  0.00269063  0.00247377  0.00317679  0.00256953  0.00296845  
0.00262196  0.0018943  0.00219286  0.00220556  0.00196503  0.00137931  0.00219866  0.00220806  0.00248165  0.00291208  0.00249511  0.00272894  
0.00276169  0.00315474  0.00237093  0.00218118  0.00219387  0.00256845  0.0020416  0.00242786  0.00207137  0.00128911  0.00191208  0.00254265  
0.000449879  0.000309024  0.00023872  0.00057474  0.00141671  0.00148463  0.00257615  0.00194001  0.00233631  0.00255056  0.00160142  0.00414848  
0.00264203  0.00245062  0.00216119  0.00240135  0.00215123  0.00182368  0.00254179  0.00254604  0.00267549  0.0021388  0.0029763  0.00132025  
0.00238335  0.00254415  0.00159899  0.0019794  0.00267487  0.00215064  0.0018545  0.00242593  0.00227474  0.00257734  0.00247159  0.00105167  
0.000859049  0.00197044  0.00211598  0.00255052  0.00239289  0.00219177  0.00261058  0.0023043  0.00218536  0.00225122  0.00199449  0.00281501  
0.00287427  0.00260972  0.00203468  0.00241416  0.00235543  0.0025488  0.00259164  0.00253694  0.002424  0.00274821  0.0012263  0.00229875  
0.00311402  0.00237167  0.00188434  0.00216404  0.0025024  0.00256165  0.00202899  0.00248039  0.00202787  0.00257675  0.00348926  0.00530426  
0.00039258  0.000398822  0.000710639  0.000619014  0.000704998  0.00124542  0.00257976  0.00250767  0.0024  0.00164604  0.0018057  0.00210761  
0.00260249  0.00153474  0.00203676  0.00133842  0.00132556  0.0023138  0.00190422  0.00273225  0.00174359  0.00260255  0.00288912  0.00144338  
0.00125074  0.00271314  0.00157327  0.00203419  0.00245007  0.00233489  0.00232145  0.00241366  0.00219532  0.000145945  0.00240786  0.00331158  
0.00253064  0.00168859  0.00242238  0.0019637  0.00211235  0.00162688  0.00239455  0.00273975  0.00221088  0.00260571  0.00235471  0.00278345  
0.0024563  0.000876625  0.00254753  0.00210472  0.00155819  0.00226601  0.00220199  0.00106497  0.00130796  0.00194441  0.00265624  0.00207292  
0.00184109  0.00203927  0.00223374  0.00158451  0.0023887  0.0019751  0.00252225  0.00322885  0.00243793  0.00204328  0.00334603  0.00282514  
0.00293701  0.00579865  0.00254231  0.00202797  0.00261001  0.00205185  0.00244921  0.0027708  0.00156309  0.00243777  0.00274317  0.00484663  
0.00236051  0.00260646  0.00207696  0.00213239  0.00332285  0.00187669  0.00196485  0.00147838  0.00262146  0.00241967  0.00307582  0.000470446  
0.00181551  0.00231911  0.000284801  0.00193285  0.00197028  0.002086  0.00201759  0.00281967  0.00247928  0.0018734  0.0019669  0.00706057  
0.00209941  0.00135949  0.0026686  0.00258391  0.00290121  0.00280653  0.00260347  0.00256009  0.00242964  0.00125442  0.00233416  0.00338812  
0.00175  0.00418622  0.0021433  0.00235764  0.00237786  0.00274929  0.00199097  0.00223808  0.00271248  0.00287291  0.00296334  0.00308539  
-0.00108173  3.27851e-05  0.00160774  0.00150968  0.00268817  0.00165528  0.00323429  0.00107261  0.00265328  0.00213156  0.000539242  0.00416878  

#One Block Std = 
0  0.00266867  0.00263163  0.00180382  0.00263728  0  0  0  0  0  0  0  
0.00175  0.0028114  0.00168388  0.00165362  0.00176223  0.00191629  0.00127553  0.00033258  0.000987108  0.00208857  0  0  
0.00175  0.000549083  0.000775478  0.00143323  0.00133923  0.00150582  0.000878316  0.00116677  0.00122135  0.00180183  0.000868816  0.0031688  
0.00175  0.00165191  0.00255612  0.00117046  0.00117154  0.00130065  0.00149967  0.00168174  0.00171157  0.00208062  0.00191594  0.00296845  
0.00175  0.00131023  0.00285738  0.00292741  0.00240696  0.00179044  0.00308128  0.0015631  0.00394638  0.00202092  0.00184944  0.00272894  
0.00539881  0.00390108  0.00280059  0.00249625  0.0024786  0.00300206  0.00277673  0.00319235  0.00283737  0.00147743  0.00173477  0.00254265  
0.00169373  0.000275533  0.000295841  0.000808729  0.00182511  0.00211185  0.00324149  0.00276948  0.00291497  0.00200068  0.00173649  0.00311957  
0.0030827  0.00311269  0.00281035  0.00292347  0.0026128  0.00218583  0.00301085  0.00296521  0.00398856  0.00265672  0.00197725  0.00326762  
0.00512732  0.00338318  0.00195198  0.00237706  0.00312917  0.00252397  0.00202276  0.00294713  0.00292962  0.0036934  0.00176975  0.00300717  
0.00260136  0.00256717  0.00243024  0.00291886  0.00275262  0.0024546  0.00299258  0.00291583  0.00263503  0.00283213  0.00155949  0.00305697  
0.00607633  0.00324239  0.00234001  0.00282206  0.00265684  0.00285276  0.0029125  0.00290286  0.00329788  0.0038893  0.00126722  0.00216883  
0.0072298  0.00285637  0.00225367  0.00202394  0.00261858  0.0027904  0.00229807  0.00292196  0.00232527  0.00329441  0.00240923  0.00372126  
0.000449533  0.000373635  0.000779245  0.000559189  0.000652967  0.00114203  0.00228914  0.0028541  0.00281911  0.00208331  0.00150127  0.0035386  
0.00660769  0.00218178  0.00229948  0.00149475  0.0013763  0.00235303  0.00181234  0.00313827  0.00224173  0.00308535  0.00369029  0.00379699  
0.00212358  0.00319136  0.00186951  0.00205424  0.00256862  0.00242953  0.00247136  0.00279949  0.00267152  0.000257865  0.00250264  0.00341337  
0.00335189  0.00182011  0.00269257  0.00214555  0.00205233  0.00157262  0.00256859  0.00294925  0.00233658  0.0029086  0.00345917  0.00356526  
0.00349821  0.00128725  0.00305544  0.00226198  0.00153989  0.00220105  0.00200884  0.000687464  0.00147647  0.00263647  0.00195526  0.00340549  
0.00274887  0.00250115  0.00283806  0.00188662  0.00281636  0.00201329  0.00264543  0.00354283  0.0025048  0.00271547  0.00244788  0.00366691  
0.0050249  0.00292725  0.00307532  0.0023653  0.00311324  0.00203948  0.00263027  0.00300038  0.00166854  0.00307586  0.0020386  0.0037875  
0.00432152  0.00274089  0.00229677  0.00258844  0.00359705  0.00197026  0.00228517  0.00174584  0.00297044  0.00319389  0.00168128  0.00372496  
0.0045194  0.00310406  0.000455247  0.0022846  0.00228506  0.00239677  0.00261542  0.00326678  0.00277102  0.00211746  0.00138985  0.00410904  
0.00265122  0.00116889  0.00324301  0.00314644  0.00317355  0.00340851  0.00283733  0.0032604  0.00284  0.00133094  0.00183152  0.00338812  
0.00175  0.00472288  0.002831  0.00282143  0.00298072  0.00327211  0.00257952  0.00142973  0.00311947  0.00171401  0.00262937  0.00308539  
0.00731553  0.00733844  0.00269888  0.00236267  0.00204097  0.00246712  0.00241754  0.00240661  0.00195007  0.00151657  0.00263376  0.00416878  

#Number of events available for calibration = 
0  0  0  1  1  0  0  0  0  0  0  0  
4  8  33  31  31  19  11  3  2  2  0  0  
4  103  278  393  387  328  129  106  81  32  7  0  
115  674  1618  2003  2387  1979  1120  604  388  142  37  4  
209  1292  3490  6582  9228  7228  4191  1999  991  380  84  6  
223  2072  5356  12350  18007  16040  9635  5369  2253  904  154  22  
440  1253  4287  11910  20772  20352  18456  10309  4399  1415  314  47  
556  3753  9584  21618  32971  32926  25621  14037  5863  2143  408  37  
697  4560  10854  25922  37657  40144  23486  15568  7759  2779  543  62  
1028  5879  17512  35063  47448  48285  38780  22897  9402  3839  872  53  
922  6766  18462  40631  58321  59236  46802  26747  11412  3966  745  98  
920  6894  19982  37156  54727  60988  47972  28287  11714  4369  1012  81  
598  4274  15141  19319  38261  44700  46145  28302  12397  4267  1308  105  
901  5665  17868  39408  54342  56861  47688  29686  12315  5010  1241  131  
1092  5830  16449  34618  53037  59978  49522  30788  14012  2861  1170  175  
879  5231  14225  27489  42238  48211  45337  28713  12107  4528  1378  199  
801  4144  10718  19522  28440  34755  29038  16675  9919  4099  983  166  
648  3231  8029  13258  20617  21656  20548  12868  6898  3135  792  105  
500  1864  7479  12346  15554  16039  15140  9645  5504  2108  585  55  
492  2681  6659  10191  12634  13562  12382  7356  3899  1611  383  41  
455  2401  5917  8119  10241  11781  9181  6498  3517  1585  418  33  
340  1744  4301  6634  8565  9721  8145  4867  2743  1289  314  29  
0  1170  2472  3820  4589  4603  3328  2083  1320  642  173  19  
52  214  556  880  1019  1052  659  412  257  114  41  4  
