#Timewalk parameters from SBS-4 obtained 4_1_2022
#
#
#HCal_TDC_timewalk = 
-15.401  -15.401  -15.401  -15.401  -15.401  -9.19486  -19.6037  -18.5858  -11.6002  -15.401  -15.401  -15.401  
-15.401  -15.401  -15.401  -15.401  -15.401  -29.1929  -17.8366  -22.6425  -15.401  -15.401  -22.6828  -15.401  
-15.401  -15.401  -15.401  -15.401  -20.1657  -18.4585  -21.794  -24.5199  -21.2966  -25.746  -24.7163  -15.401  
-15.401  -15.401  -15.401  -15.401  -33.6326  -28.8688  -26.8435  -21.9508  -19.9435  -26.0462  -22.0379  -10.253  
-15.401  -15.401  -15.401  -15.401  -31.3343  -23.0145  -23.2381  -21.8246  -23.3539  -24.3788  -25.1392  -17.4638  
-15.401  -15.401  -15.401  -15.401  -29.5773  -29.8131  -21.0791  -24.9523  -19.311  -30.3277  -22.1813  -27.8182  
-15.401  -15.401  -15.401  -13.6435  -22.629  -25.4005  -45.88  -23.76  -25.2459  -28.622  -31.2661  -21.5753  
-15.401  -15.401  -15.401  -15.1652  -19.9196  -23.0631  -21.7224  -20.1063  -23.3873  -24.9309  -20.5618  -34.128  
-15.401  -15.401  -15.401  -15.4822  -22.8028  -21.2165  -21.1826  5.67327  -6.39575  -21.6204  -19.381  -25.7792  
-15.401  -15.401  -15.401  -21.7702  -26.3702  -24.3594  -23.949  -15.7714  -18.835  -23.3471  -26.2062  -22.326  
-15.401  -15.401  -15.401  -34.7409  -24.3689  -22.938  -23.0613  5.45827  -9.10391  -26.3223  -27.19  -7.75774  
-15.401  -15.401  -15.401  -25.1168  -20.231  -29.7648  -31.8308  -25.3768  -17.9919  -24.0344  -31.2195  -35.426  
-15.401  -15.401  -9.20037  -22.4746  -26.3256  -21.8555  -33.2924  -27.2429  -25.9378  -27.5071  -32.3985  -31.5595  
-15.401  -15.401  -15.401  -20.2009  -25.999  -22.7667  -24.7211  -22.3712  -21.6942  -31.9063  -17.4422  -20.7377  
-15.401  -15.401  -15.401  -28.0673  -24.6678  -25.6033  -24.4711  -24.2118  -28.7826  -27.8615  -22.5434  -12.7317  
-15.401  -15.401  -8.34497  -25.7677  -29.3874  -26.607  -27.0169  -29.4814  -25.1433  -28.5038  -27.2853  -1.89121  
-15.401  -15.401  -15.401  -21.1751  -26.5036  -23.6274  -25.9203  -22.2522  -21.5556  -23.94  -25.087  -16.9579  
-7.67508  -15.401  -15.401  -27.2768  -26.8265  -23.1988  -26.597  -25.2648  -23.3954  -22.3587  -20.8775  -32.1562  
-15.401  -15.401  -15.401  -22.6938  -25.6255  -30.7486  -24.9999  -24.1398  -25.0817  -22.7503  -17.1752  -20.2994  
-15.401  -15.401  -15.401  -29.3615  -28.2409  -31.0716  -23.4433  -22.7944  -19.4398  -28.9351  -25.6598  -24.3612  
-15.401  -15.401  -15.401  7.35071  -24.9322  -15.401  -29.2625  -29.3447  -26.1326  -24.1534  -20.3924  -25.4492  
-15.401  -15.401  -15.401  -15.401  -30.1107  -27.1754  -26.2225  -22.5424  -23.9385  -25.8942  -19.358  -21.4029  
-15.401  -15.401  -15.401  -15.401  -23.8775  -28.6181  -25.1374  -22.6279  -24.1326  -22.5755  -15.4135  -17.5461  
-15.401  -15.401  -15.401  -15.401  -18.5792  -21.2419  -16.8147  -16.6777  -19.0902  -22.809  -20.1793  -10.0478  
#
#
#HCal_ADCt_timewalk = 
-9.12126  -9.12126  -9.12126  -9.12126  -9.12126  -45.7046  -31.0588  -18.3462  -12.9751  -69.3772  -9.12126  -9.12126  
-133.87  -9.12126  -9.12126  -9.12126  -27.0582  -8.86705  -3.93318  -7.52256  -9.12126  57.5687  -73.5304  -9.12126  
67.8794  -9.12126  -9.12126  -68.0021  -52.2037  -17.4167  -18.4677  5.26305  -20.7432  -28.7941  -5.57572  -11.6756  
-9.12126  -9.12126  -9.12126  33.8541  -31.502  8.25782  -20.259  -35.2968  -25.3316  36.323  -8.41047  30.2109  
-207.682  -9.12126  -9.12126  92.6356  -62.9698  -7.77022  -20.9848  -15.6504  -34.6057  -24.5904  -21.0438  -22.486  
18.5271  -9.12126  -130.688  67.227  -16.9415  -25.3709  -4.76555  -34.3256  -27.6918  -11.3606  -23.8982  8.25073  
109.899  -9.3881  -69.5275  29.502  7.59569  1.07983  -40.322  -15.4871  -11.8924  14.1074  -31.2057  -16.0782  
-40.8342  -9.12126  -67.0739  1.42724  -16.9242  -7.00888  -14.3113  0.933031  -9.35111  -14.2476  -17.3145  33.4222  
-9.12126  -118.96  -2.29361  -40.4188  -47.0124  -15.4331  -13.1556  -32.2973  -20.8001  -12.4437  -33.9943  16.4028  
37.1432  -47.3059  45.9166  -12.9193  -8.7552  -18.1842  -15.5046  -13.8819  -16.8092  -6.01471  10.614  -12.4149  
-9.08554  150.879  -11.6364  -59.603  -19.3223  -7.31845  -17.6381  -15.7591  -23.5329  -32.8766  -19.2617  1.84201  
190.812  -16.4866  18.2052  20.3544  -0.51287  -9.37635  -6.54372  -17.3869  -7.23166  -2.05894  -11.0972  3.63314  
-45.4357  -11.8875  -4.10893  5.55434  -11.5349  -1.80854  -24.3322  -22.8964  -23.1496  -20.442  18.4384  -44.1203  
8.68638  0.682638  -73.1833  -10.0543  -20.9783  -9.87011  -26.7844  -2.38285  -17.3359  -9.23691  -7.48153  -49.2036  
-129.121  -9.12126  -61.2006  -11.3898  2.99123  -13.5335  -12.8351  -18.9311  -6.86552  -6.39089  -22.6692  -52.6724  
-127.883  -9.12126  -38.0883  33.0395  -16.1174  -19.6389  -18.242  -12.4717  -32.9303  -6.11498  -68.2243  55.3116  
-66.7256  -9.12126  -2.69879  -15.8564  -10.6834  -26.8669  -7.8009  -21.1753  2.3353  -10.9631  -35.6626  2.74197  
-84.695  -9.12126  37.9607  -18.3622  -15.4653  -15.7893  -18.5008  -15.6176  -12.5751  -27.1483  -26.0232  -126.398  
42.5852  -91.3775  -59.1027  -0.690398  -27.2742  -17.7336  -24.0193  -11.0693  -19.6397  -9.82051  -9.62262  -7.55982  
-78.9538  81.7245  -15.8439  -6.78602  -28.7519  -17.2164  -24.1653  -13.4143  -7.36739  -2.5277  -11.5607  -19.4519  
-102.61  -8.28168  -9.12126  -59.8371  -42.9853  -9.12126  -17.8638  -18.5729  -19.4721  -11.9278  -16.4302  -15.6487  
-64.8967  -9.12126  -204.146  -78.9062  -40.4596  -15.4391  -19.7421  -16.8529  -20.3993  -7.65248  -37.9798  -11.7819  
0.74239  -9.12126  -9.12126  162.369  -71.4713  -32.6017  -29.4088  -25.5947  -21.1971  -9.54452  -22.8833  -31.6431  
-9.12126  -60.1461  -11.6722  -12.6458  35.7455  -23.4877  -26.7253  -8.7798  -29.1908  -3.11026  11.7206  -1.51697  
#
#
#HCal_TDC_offset = 
!!51.6052  53.1381  75.711  62.3824  -64.8101  -109.37  -83.1522  -84.9016  20.6541  15.1315  74.9802  46.4545  
-213.058  78.2396  63.5186  78.6833  -88.5921  -82.0225  -83.3094  -49.5275  85.6185  15.701  2.15878  56.5909  
-534.321  52.6813  87.4801  363.332  -94.516  -81.0376  -86.6389  -70.9349  64.2656  36.1346  8.05743  -0.205335  
95.8128  98.0925  122.216  65.0213  -31.9919  -45.628  -41.1135  -47.1724  63.1208  84.5394  58.4076  22.4098  
-71.5665  -9.2373  -8.41619  -42.0759  -108.828  -129.119  -137.452  -140.078  -33.0511  -36.4883  -40.984  -52.639  
-464.026  113.306  98.7955  107.096  -105.371  -109.768  -14.4186  7.78215  144.632  134.126  4.81561  -26.0724  
-3.63963  -704.593  64.1368  85.0212  -32.1225  -45.6403  -39.5834  -69.7827  103.482  116.736  80.5107  27.1408  
-1005.86  88.5692  -503.599  76.6522  -28.3414  -38.6806  -48.1009  -37.0115  83.5445  102.798  66.9183  20.0184  
111.863  102.581  110.541  99.2195  -15.5739  -5.38606  5.35004  36.44  122.533  112.388  111.026  104.949  
56.5101  106.191  72.8023  88.6887  6.61235  13.7108  21.1924  32.6727  133.175  94.1777  108.589  111.913  
94.3001  60.2559  78.226  78.4414  20.1627  13.6701  40.2308  55.2586  132.028  116.528  112.243  99.1502  
75.4167  75.8384  95.8968  94.4299  -10.852  -30.9235  -13.2526  14.2203  136.567  122.191  94.9797  59.2745  
-80.4373  -1172.79  -81.7404  -51.1083  -133.647  -117.525  -126.039  -128.933  -9.862  -28.549  -30.9201  -55.9466  
0.382474  86.4561  83.2571  51.8873  8.25293  -11.8253  23.2971  31.9416  109.228  75.6646  109.545  64.6167  
-34.3865  121.844  74.3539  65.1699  -13.5127  2.91005  14.676  33.2594  109.414  54.919  87.1137  73.8852  
-35.8351  -10.884  68.6788  86.5581  -7.34149  -9.09077  -111.255  -111.246  108.57  115.432  85.3385  66.5992  
15.4064  92.8283  -194.118  116.433  13.6149  40.6905  -8.12992  -43.928  121.406  122.156  124.906  49.996  
-109.833  -72.157  -45.4263  -44.8109  50.9042  34.6486  -144.167  -155.273  -9.62435  -9.40513  153.829  99.2835  
55.4669  -724.893  100.023  76.4594  -138.89  -98.5467  29.1635  7.32819  113.922  93.196  -56.2945  -73.2276  
78.7678  -682.85  112.669  136.596  -142.095  -138.187  48.2404  37.4863  154.622  154.294  -55.3294  -84.8173  
-533.511  31.4481  99.1642  -512.525  -141.702  !!-104.695  22.2861  11.8522  92.3068  67.9966  -88.9921  -81.4167  
21.8488  85.6216  88.1268  61.6097  -30.4453  0.119774  24.8667  2.4181  93.3816  52.5699  52.9011  25.551  
44.757  !!135.58  122.72  57.343  -20.2896  19.593  -0.512462  17.5389  110.286  55.6388  42.3875  52.3349  
-56.248  -102.759  -541.72  -33.7517  -32.4454  0.858946  -156.045  -166.215  90.6417  43.3894  29.6404  44.151  
#
#
#HCal_ADCTime_offset = 
!!-0.288851  -0.288851  -23.5005  -17.8035  -18.4188  -4.06658  -7.2936  -7.98123  -5.25224  -17.1519  -21.423  -18.1991  
-175.836  -0.288851  -8.11247  -9.13891  -3.33175  -5.3675  -7.27808  -5.69285  -6.37193  -1.37857  -0.135394  -17.3304  
-14.4086  -0.288851  -13.9896  1.00891  -3.24951  14.349  11.5736  15.1706  15.4732  0.246025  0.938454  -0.261186  
-11.0817  -0.288851  -8.88175  -2.86516  0.179786  13.1777  11.8753  12.323  12.2724  0.41489  0.034789  0.370525  
10.036  -0.288851  -4.2438  1.34655  1.1628  -7.47715  -6.7588  14.2802  15.0879  1.36256  1.2184  -17.9559  
-109.818  -18.3326  0.245606  0.0842438  0.170023  -4.61706  -8.35547  11.7131  14.6918  0.392181  2.23597  -18.4659  
-5.13542  -4.29566  -0.281914  2.45474  4.32228  14.0621  17.446  12.8323  15.8558  0.456256  3.10839  0.658046  
-3.40133  -18.3401  -123.599  -21.0503  -19.7851  -6.53276  -7.67255  -6.84276  -5.30877  -15.7441  -16.6302  -83.2634  
-17.682  -6.38857  -2.77414  0.0486518  -0.43535  -5.56645  -7.61899  15.2421  15.2029  1.11052  1.67723  -29.0614  
-121.958  3.05449  0.555121  -254.432  -18.7343  -7.58146  -6.13885  12.394  13.1741  -17.8398  -15.8626  -17.6451  
-10.9552  -2.37578  0.661913  -0.595461  -0.450862  -8.62258  -7.07466  11.5103  11.6941  0.211868  0.475237  -15.992  
-18.4071  -148.924  -306.292  -19.4592  -18.2393  11.5364  11.882  -5.82784  -5.33256  -18.3031  -17.244  -3.94393  
-2.29979  2.93754  -0.615255  2.70256  4.39937  16.6524  12.5332  16.8112  17.2892  2.15549  3.49076  -0.157521  
-6.78557  -1.57842  0.75356  -0.927723  0.509238  9.86019  12.3428  9.74041  12.0784  -0.601014  1.79045  -0.795169  
-0.994297  -16.5384  -31.2103  -19.4957  -17.9241  10.9162  9.35199  -6.47401  -5.72224  -18.6256  -15.0202  -1.99008  
-1.62384  -14.6214  -0.105276  -2.19865  -1.25536  11.0622  11.5747  9.53901  11.4697  0.16284  -0.96271  -1.91829  
0.0550085  -4.81134  -2.42738  -0.405031  -0.159028  14.6884  8.34025  14.1489  15.8649  -0.674997  2.01524  0.504918  
-1.63021  -15.571  -4.84889  -7.18275  -0.432679  9.07225  8.01579  9.453  12.2034  -2.11391  -1.07604  -4.64873  
-5.1661  -141.009  -7.32047  -2.28065  0.748714  10.6395  11.8566  11.6109  10.627  -0.871818  -0.186506  -2.67273  
0.76673  13.6405  -1.99486  -2.66304  -2.19075  12.7503  11.1668  9.9  13.4939  -1.61082  -3.01213  -1.43116  
-2.17128  14.1046  -13.942  0.550017  0.601417  !!12.0562  -8.98253  12.5842  13.4491  -0.60298  1.17673  -35.013  
-37.7713  -0.0133391  1.23389  -6.11876  -2.51619  -9.67506  -12.5614  7.52544  9.89704  -1.82477  -1.98682  -62.5571  
-335.807  !!-0.288851  -18.6934  2.89093  -2.83595  -8.46624  -11.3569  12.3794  11.0488  -3.24021  -2.0857  -19.5043  
-22.6242  -184.454  -47.2615  -439.023  -21.3211  -9.27893  -10.1539  -7.24181  -3.80231  -21.4922  -20.6513  -18.9639  
