#HCal gain coefficients from SBS-8 obtained 8_6_2023 timestamp set --------[ 2022-01-22 00:00:00 ]
Total number of events available to calibrate for this set: 1198032
--------[ 2022-01-22 00:00:00 ]
sbs.hcal.adc.gain =
0.00175  0.00114155  0.00297862  0.00359176  0.00238189  0.00336438  0.00475649  0.00649252  0.00527849  0.00518601  0.00355675  0.00374568  
0.00300636  0.0044304  0.00390344  0.00396145  0.00470814  0.00469769  0.00256063  0.00106229  0.00372351  0.00240972  0.00229438  0.00102397  
0.00788777  0.000713016  0.0015953  0.00397066  0.00354068  0.00422767  0.00176964  0.00219962  0.00257158  0.00252735  0.000639923  0.00637616  
0.00279915  0.00393762  0.00287054  0.00312908  0.00288806  0.00308053  0.00443713  0.00470737  0.00421751  0.00452867  0.00398791  0.00087288  
0.00396248  0.00302456  0.00383591  0.00394405  0.00355301  0.00259123  0.00386101  0.00394811  0.00391242  0.00363093  0.00347629  0.00272894  
0.00119894  0.00471207  0.00390398  0.00379465  0.00395199  0.00460464  0.00369093  0.00432516  0.00366836  0.00203051  0.00394812  0.00254265  
0.00151549  0.000461684  0.000421194  0.00112416  0.00249527  0.00256289  0.00445739  0.0034621  0.00383337  0.00386236  0.00286243  0.00154914  
0.0018091  0.00409816  0.00368787  0.00429496  0.00363915  0.00325766  0.00439551  0.00440598  0.0045097  0.0033585  0.00390663  0.00295606  
0.00436517  0.00421821  0.00277412  0.0036555  0.00467906  0.00376048  0.0033794  0.00447821  0.00378246  0.00397803  0.00476605  0.00300717  
0.00219066  0.00299397  0.00349801  0.00435306  0.00407755  0.00380549  0.0045481  0.00391051  0.00374148  0.00331847  0.00256968  0.00305697  
0.00352788  0.00407892  0.00341902  0.00417296  0.00397449  0.00443657  0.00452797  0.00436082  0.00394511  0.00420151  0.00142342  0.00216883  
0.0033152  0.00374452  0.00307234  0.00368675  0.00437126  0.00437213  0.00348805  0.00416478  0.00351576  0.00422155  0.0046825  0.00372126  
0.000310559  0.000737123  0.00108986  0.00101464  0.0014314  0.00227181  0.00459678  0.00428306  0.00405827  0.00247434  0.00333792  0.0035386  
0.00717845  0.00247069  0.003306  0.00235719  0.002338  0.0040595  0.00333041  0.00470743  0.00303383  0.00395947  0.0042114  0.00379699  
0.00172067  0.00420009  0.0025612  0.00351662  0.00429232  0.00401381  0.00404223  0.00416422  0.0037949  0.000205321  0.0044286  0.00341337  
0.00315626  0.0025457  0.00384164  0.00333694  0.00374994  0.00284966  0.00419166  0.00467655  0.00363162  0.00410288  0.00354011  0.00384582  
0.00440891  0.00124189  0.00403544  0.00356068  0.00264459  0.0039619  0.00389857  0.00207693  0.00214095  0.00279739  0.00367047  0.00215238  
0.00350592  0.00277151  0.00362198  0.00273435  0.00399153  0.00329782  0.0042035  0.00508358  0.00386246  0.00317914  0.00465996  0.0036216  
0.00189599  0.00434045  0.003986  0.00330239  0.00444781  0.00342817  0.00392214  0.00459312  0.00253289  0.00356281  0.00419997  0.00230819  
0.00337638  0.00340245  0.00335532  0.0035501  0.00560597  0.00318845  0.0033752  0.00290783  0.00415818  0.00379762  0.00409247  0.00539772  
0.00355846  0.00312597  0.000649809  0.00321941  0.00344759  0.00338599  0.0034098  0.00472686  0.003962  0.00272139  0.00253553  0.0050885  
0.00196786  0.00185623  0.00388062  0.00416467  0.00463984  0.00453672  0.00431508  0.00431473  0.00385285  0.00176832  0.00367533  0.00209481  
0.00211308  0.00446856  0.00294446  0.0036711  0.00382174  0.00428548  0.00372947  0.00379741  0.00415172  0.00384383  0.00428859  0.00354453  
0.00731553  0.00184953  0.00312397  0.0026908  0.00429902  0.0031694  0.00585994  0.00290409  0.00403565  0.00366291  0.00316737  0.00416878  

#One Block Std = 
0.00175  0.00266867  0.00263163  0.00180382  0.00263728  0.00185798  0.0024062  0.00332779  0.00145959  0.00145491  0.00222524  0.00374568  
0.00175  0.0028114  4.54655e+06  1  207666  351446  0  0.00033258  0.000987108  0.00208857  0.00104803  0.00256277  
0.00175  0.000549083  753946  4.15904e+07  1.34522e+06  226769  0.000878316  0.00116677  0.00122135  0.00180183  0.000868816  0.0031688  
0.00175  0.00165191  353173  4.22619e+06  2.43882e+07  355444  43759.3  0  0.00171157  0.00208062  0.00191594  0.00296845  
0.00175  0.00131023  2.63218e+06  2.2464e+06  7.16669e+07  3.16556e+06  0  0  0.00183514  0.00202092  0.00184944  0.00272894  
0.00539881  0  7.03062e+06  3.29009e+07  2.44044e+07  0  0  172279  0.00156161  0.00147743  0.00173477  0.00254265  
0.00169373  0.000275533  4.91996e+07  8.00857e+06  1.77835e+06  2.92733e+06  34028.7  0  0  0.00200068  0.00173649  0.00311957  
0.0030827  677061  2.68773e+07  1.6559e+07  2.35425e+07  3.72996e+07  6.77971e+06  1.17644e+06  0  0.00208202  0.00197725  0.00326762  
0.00512732  237723  9.70357e+06  1.17224e+07  1.44414e+06  6.1502e+06  4.46311e+06  73257.5  0.00162997  0.00190801  0.00176975  0.00300717  
0.00260136  3.82191e+06  1.8335e+07  847480  1.5145e+06  2.24935e+06  2.07686e+06  0  0.00169573  0.00209187  0.00155949  0.00305697  
0.00607633  666714  3.92393e+06  6.61501e+06  6.09366e+06  1.55389e+06  1.18922e+07  688446  550216  0.00197599  0.00126722  0.00216883  
0.0072298  1.4224e+06  1.48464e+08  1.1676e+07  7.50394e+06  3.47156e+07  1.31367e+07  330742  58510.2  0.00213906  0.00240923  0.00372126  
0.000449533  0.000488912  3.2354e+08  4.88255e+08  2.14487e+08  2.41015e+07  960375  1.43047e+06  81365.2  0.00142471  0.00228241  0.0035386  
0.00660769  0  1.937e+06  4.61756e+08  3.44384e+07  1.25951e+08  1.42026e+07  2.78752e+06  0  0.00214296  0.00270455  0.00379699  
0.00212358  0.0017905  7.0569e+06  6.13635e+06  8.71937e+06  4.62549e+07  1.12062e+07  346758  0  0.000244951  0.00250264  0.00341337  
0.00335189  0.00127896  6.81919e+06  1.05089e+07  7.2633e+06  3.18544e+06  4.5425e+07  3.08246e+06  0  0.00191438  0.00274045  0.00356526  
0.00349821  0.000794794  638510  1.32535e+08  6.30562e+07  3.17223e+07  6.49456e+06  1.69533e+07  0  0.00155438  0.00195526  0.00340549  
0.00274887  0.00140077  0  4.42797e+07  4.71669e+07  1.7971e+07  3.25957e+06  5.74056e+06  1.15558e+07  2.6248e+06  0.00244788  0.00366691  
0.0050249  0.00292725  0  3.7172e+07  1.15597e+07  1.33966e+08  2.78197e+07  717283  1.74714e+08  0  0.0020386  0.0037875  
0.00432152  0.00164664  0  7.4187e+06  1.86031e+06  6.12014e+07  1.84604e+08  4.69522e+06  780491  3.60529e+06  0.00168128  0.00372496  
0.0045194  0.00171242  0  0  303875  3.10288e+07  2.29261e+07  1.43371e+06  4.03525e+06  3.06322e+07  0.00138985  0.00410904  
0.00265122  0.00116889  0  0  7.63401e+06  659939  1.28378e+07  1.81944e+06  1.24969e+06  2.53634e+06  0.00183152  0.00338812  
0.00175  0.00403728  0  74746.1  29882.8  1.25892e+06  935283  1.57752e+06  966298  596027  0.00262937  0.00308539  
0.00731553  0.00733844  0.00269888  0.00236267  0.00204097  0.00246712  0.00241754  0.00240661  0.00195007  0.00151657  0.00263376  0.00416878  

#Number of events available for calibration = 
73  835  2432  4434  5239  3542  1627  374  226  305  145  25  
168  2336  8148  15485  16089  12393  5351  977  936  1499  516  143  
209  2314  10918  23015  22490  18153  6507  4206  3215  2782  998  162  
438  5051  18347  24595  26607  22748  14239  7941  4470  2888  984  127  
602  5710  19579  28551  30884  26245  18923  11202  6544  2689  681  69  
551  6571  19318  29018  27263  24982  18632  13995  8305  3469  650  72  
1192  3146  11282  19592  21585  18303  19011  14523  9279  3608  857  270  
873  7372  20885  30596  31612  26767  22018  15752  8938  3811  832  122  
974  7377  19210  30689  31057  28257  18221  15386  8986  3059  546  61  
1581  9055  27366  35852  33738  28794  24802  18689  9408  3407  519  31  
1129  10164  28388  40223  38802  32169  27229  21463  11943  3690  508  41  
1281  9859  30002  37649  34546  32134  28391  23276  12877  4093  550  42  
577  5749  23040  17826  23556  23468  26832  22484  12780  3848  709  34  
906  6786  24610  37424  33852  28814  26618  22503  12539  4800  766  56  
1078  6306  21678  33983  33394  31237  27114  21681  13880  3363  910  93  
749  5924  21811  31870  31357  27932  26731  22299  13847  5558  1532  167  
874  5625  19703  31332  31116  29739  24685  19593  16753  8035  1827  265  
938  4899  15923  26779  34103  31672  30157  23621  17455  9623  2561  352  
844  4327  13996  25316  31341  31247  30390  24174  19673  10254  3266  408  
660  3591  11409  19376  25728  29422  28902  22244  18597  11772  3484  509  
567  3044  9957  14522  21172  27607  24483  23295  19641  12641  4288  478  
385  2391  7726  11778  17970  24415  25091  21328  17995  12235  3776  624  
154  1664  5642  8568  11298  14598  14393  13404  12235  7229  2290  272  
73  503  1832  2941  2999  4126  3890  4183  3443  1785  580  72  


