#HCal gain coefficients from SBS-7 obtained 6_14_2023 timestamp set --------[ 2021-11-13 00:00:00 ]
Total number of events available to calibrate for this set: 6095
--------[ 2021-11-13 00:00:00 ]
sbs.hcal.adc.gain =
0.00175  0.00266867  0.00263163  0.00180382  0.000921732  0.00195353  0.00490403  0.00332779  0.00145959  0.00145491  0.00222524  0.00374568  
0.00175  0.0028114  0.00168388  0.00332434  0.00314473  0.0034731  0.00225216  0.000740405  0.00303036  0.00208178  0.00104803  0.00256277  
0.00175  0.000549083  0.000775478  0.00317104  0.00270364  0.0029086  0.00117877  0.00154544  0.00168044  0.00296136  0.000868816  0.0031688  
0.00175  0.00165191  0.00138037  0.00224404  0.00263961  0.00256273  0.00347867  0.0037064  0.00328696  0.00327693  0.00191594  0.00296845  
0.00175  0.00131023  0.0015652  0.00330966  0.00304467  0.00222358  0.00275146  0.00265754  0.00292414  0.00373401  0.00184944  0.00272894  
0.00539881  0.00224432  0.00157432  0.00229623  0.00263566  0.00321864  0.00312843  0.00292278  0.00291499  0.00148887  0.00173477  0.00254265  
0.00169373  0.000275533  0.000298944  0.00101763  0.00553978  0.00389287  0.00553031  0.00568518  0.00310689  0.00314438  0.00192148  0.00311957  
0.0030827  0.00186074  0.00247412  0.00320663  0.00692768  0.00478696  0.00455983  0.00550322  0.00255239  0.0027352  0.0029347  0.00326762  
0.00512732  0.00154451  0.00242579  0.00226514  0.00602533  0.00413838  0.00716305  0.00678909  0.00268981  0.00273689  0.0022681  0.00300717  
0.00260136  0.00148176  0.00234218  0.0100885  0.00586211  0.00458315  0.00369147  0.00475768  0.00282291  0.00273946  0.00222436  0.00305697  
0.00607633  0.00171058  0.00174422  0.00511206  0.00544317  0.00392301  0.00435742  0.0053949  0.00293544  0.00327175  0.00177084  0.00216883  
0.0072298  0.00174206  0.00689166  0.00596225  0.00487884  0.00457589  0.00500865  0.00338984  0.00712668  0.00344876  0.0030681  0.00372126  
0.000449533  0.000488912  0.00134137  0.000773962  0.000809662  0.00351181  0.00562304  0.0039328  0.00607269  0.00192609  0.00244543  0.0035386  
0.00660769  0.00120219  0.00269212  0.00406692  0.00344811  0.00440325  0.00513789  0.00478315  0.00584056  0.00285728  0.00344221  0.00379699  
0.00212358  0.0017905  0.00242137  0.00484349  0.00496064  0.00491752  0.00400049  0.00331617  0.00494366  0.000230528  0.00265986  0.00341337  
0.00335189  0.00127896  0.00350573  0.00886224  0.00352772  0.00349806  0.00581667  0.00499978  0.00626383  0.00284344  0.0023819  0.00356526  
0.00349821  0.000794794  0.00283036  0.00844982  0.00249776  0.00526897  0.0035809  0.002216  0.00390878  0.00257276  0.00254009  0.00340549  
0.00274887  0.00140077  0.0030178  0.00479378  0.00427782  0.00484222  0.00541137  0.00476437  0.00443374  0.00550939  0.00341481  0.00366691  
0.0050249  0.00292725  0.00352249  0.00790792  0.00523727  0.00452473  0.00383352  0.003999  0.0043648  0.00685143  0.00247532  0.0037875  
0.00432152  0.00164664  0.00296994  0.00293993  0.0097051  0.00398204  0.00389587  0.00432146  0.00545634  0.00292412  0.00342642  0.00372496  
0.0045194  0.00171242  0.000476805  0.00252565  0.00560833  0.00691114  0.00519076  0.00883807  0.00298463  0.00256446  0.00234993  0.00410904  
0.00265122  0.00116889  0.00358786  0.0031272  0.00313889  0.00616199  0.00782785  0.00730143  0.00296986  0.00243068  0.002633  0.00338812  
0.00175  0.00403728  0.00217687  0.0027295  0.00278951  0.00316875  0.00244585  0.00276183  0.00308229  0.00252474  0.00371721  0.00308539  
0.00731553  0.00733844  0.00269888  0.00244858  0.00230674  0.00274973  0.00424888  0.00295358  0.00223868  0.00294597  0.00263376  0.00416878  

#One Block Std = 
0.00175  0.00266867  0.00263163  0.00180382  0.000921732  0.00195353  0.00490403  0.00332779  0.00145959  0.00145491  0.00222524  0.00374568  
0.00175  0.0028114  0.00168388  0.00332434  0.00314473  0.0034731  0.00225216  0.000740405  0.00303036  0.00208178  0.00104803  0.00256277  
0.00175  0.000549083  0.000775478  0.00317104  0.00270364  0.0029086  0.00117877  0.00154544  0.00168044  0.00296136  0.000868816  0.0031688  
0.00175  0.00165191  0.00138037  0.00224404  0.00263961  0.00256273  0.00347867  0.0037064  0.00328696  0.00327693  0.00191594  0.00296845  
0.00175  0.00131023  0.0015652  0.00330966  0.00304467  0.00222358  0.00275146  0.00265754  0.00292414  0.00373401  0.00184944  0.00272894  
0.00539881  0.00224432  0.00157432  0.00229623  0.00263566  0.00321864  0.00312843  0.00292278  0.00291499  0.00148887  0.00173477  0.00254265  
0.00169373  0.000275533  0.000298944  0.00101763  0.0019172  0.00151139  0.00278769  0.00262965  0.00310689  0.00314438  0.00192148  0.00311957  
0.0030827  0.00186074  0.00247412  0.00320663  0.00299645  0.00267486  0.00315139  0.00275911  0.00255239  0.0027352  0.0029347  0.00326762  
0.00512732  0.00154451  0.00242579  0.00226514  0.00324905  0.00258597  0.0026919  0.00269907  0.00268981  0.00273689  0.0022681  0.00300717  
0.00260136  0.00148176  0.00234218  0.00328736  0.00290001  0.00258305  0.00305131  0.00288905  0.00282291  0.00273946  0.00222436  0.00305697  
0.00607633  0.00171058  0.00174422  0.00273141  0.0030873  0.00281661  0.00283337  0.00284305  0.00293544  0.00327175  0.00177084  0.00216883  
0.0072298  0.00174206  0.00247885  0.0027353  0.00297332  0.0030362  0.00289995  0.00287561  0.00256074  0.00344876  0.0030681  0.00372126  
0.000449533  0.000488912  0.00134137  0.00104507  0.000722682  0.00190471  0.00297231  0.00282544  0.00297699  0.00192609  0.00244543  0.0035386  
0.00660769  0.00120219  0.00269212  0.00199829  0.00203567  0.00275569  0.00274169  0.00297223  0.00261559  0.00285728  0.00344221  0.00379699  
0.00212358  0.0017905  0.00242137  0.00258269  0.00290595  0.00276861  0.0027632  0.00264513  0.00291497  0.000230528  0.00265986  0.00341337  
0.00335189  0.00127896  0.00350573  0.0028556  0.00251687  0.00227161  0.00308041  0.0032748  0.00265912  0.00284344  0.0023819  0.00356526  
0.00349821  0.000794794  0.00283036  0.00287229  0.00145326  0.00278917  0.00269538  0.00159475  0.00234071  0.00198557  0.00254009  0.00340549  
0.00274887  0.00140077  0.0030178  0.00218934  0.00287  0.00230722  0.00297623  0.00319903  0.0026244  0.00257019  0.00341481  0.00366691  
0.0050249  0.00292725  0.00352249  0.00220013  0.00322986  0.00260404  0.00249702  0.00281817  0.00244689  0.00258959  0.00247532  0.0037875  
0.00432152  0.00164664  0.00296994  0.00293993  0.00397229  0.00245873  0.00285217  0.00219823  0.00281691  0.00292412  0.00342642  0.00372496  
0.0045194  0.00171242  0.000476805  0.00252565  0.00265576  0.00278768  0.00224931  0.00320511  0.00298463  0.00256446  0.00234993  0.00410904  
0.00265122  0.00116889  0.00358786  0.0031272  0.00313889  0.00314174  0.00342513  0.00295781  0.00296986  0.00243068  0.002633  0.00338812  
0.00175  0.00403728  0.00217687  0.0027295  0.00278951  0.00316875  0.00244585  0.00276183  0.00308229  0.00252474  0.00371721  0.00308539  
0.00731553  0.00733844  0.00269888  0.00244858  0.00230674  0.00274973  0.00424888  0.00295358  0.00223868  0.00294597  0.00263376  0.00416878  

#Number of events available for calibration = 
0  0  0  0  0  0  0  0  0  0  0  0  
0  0  0  0  1  1  0  0  0  0  0  0  
0  0  0  1  3  3  2  1  2  2  1  0  
0  0  1  9  19  10  8  10  5  8  2  0  
0  2  7  23  31  42  27  17  10  14  4  2  
0  1  6  28  67  92  78  53  31  24  7  4  
0  1  10  47  126  158  151  116  70  26  17  7  
0  6  23  84  162  222  207  148  83  30  14  4  
2  13  33  95  173  210  173  154  92  36  8  1  
3  22  62  133  200  225  215  182  82  41  11  3  
7  30  82  184  288  343  269  175  96  40  12  2  
6  36  112  242  370  474  355  252  117  47  26  6  
4  24  79  166  364  466  491  320  126  54  27  8  
6  28  85  222  441  563  510  364  148  60  16  5  
13  27  82  224  446  580  520  379  192  46  19  4  
5  24  73  200  427  541  511  404  198  86  42  6  
4  20  75  171  350  460  461  380  225  122  41  14  
4  19  59  122  295  402  458  468  301  153  57  18  
3  14  53  119  222  315  395  346  228  105  53  15  
1  9  36  80  160  208  238  194  124  77  39  12  
3  7  9  61  106  129  150  138  98  73  33  12  
4  7  16  39  78  112  126  107  88  48  28  8  
0  5  9  25  42  62  83  74  64  34  21  7  
1  2  5  15  19  29  35  35  24  15  11  1  


