#HCal gain coefficients from SBS-4 obtained 5_30_2023 timestamp set --------[ 2021-10-21 00:00:00 ]
--------[ 2021-10-21 00:00:00 ]
sbs.hcal.adc.gain =
0.00175  0.00266867  0.00263163  0.00180382  0.00263728  0.00185798  0.0024062  0.00332779  0.00145959  0.00145491  0.00222524  0.00374568  
0.00175  0.00481906  0.00461547  0.00403583  0.0046945  0.00427745  0.00339714  0.00033258  0.000987108  0.00173659  0.00208874  0.00256277  
0.00175  0.00118468  0.00210685  0.00366451  0.00298846  0.00367174  0.00104032  0.00111288  0.00234166  0.00333939  0.000867225  0.0031688  
0.00175  0.00443847  0.00315293  0.00341353  0.00335773  0.0032881  0.00332238  0.0046822  0.00289346  0.00348429  0.00346613  0.00296845  
0.00175  0.00339637  0.00357623  0.00358308  0.00331332  0.00298191  0.00392787  0.00335378  0.00401748  0.0037096  0.00282307  0.00431327  
0.00230778  0.00445429  0.00379786  0.00303828  0.00332894  0.00367861  0.00330847  0.0030214  0.0035855  0.00190873  0.00263028  0.00155996  
0.00143444  0.000791811  0.000453764  0.00104874  0.00159109  0.00177256  0.00340218  0.00349461  0.00333304  0.00344515  0.00236402  0.00248805  
0.00150237  0.00452941  0.00366544  0.00367374  0.00372916  0.00343919  0.00348399  0.00342672  0.00369415  0.00381367  0.00327101  0.00241448  
0.00298178  0.00354774  0.00321584  0.00299083  0.00391747  0.00322473  0.00226638  0.00319146  0.0033338  0.0034071  0.0032119  0.0019818  
0.00197506  0.0030731  0.00323342  0.00382913  0.00339412  0.00316831  0.00336819  0.00316221  0.00347442  0.00326251  0.00265126  0.00227918  
0.00292133  0.00400565  0.00348279  0.00316912  0.00364285  0.00345525  0.00341809  0.00342473  0.00387965  0.00348797  0.00175786  0.00152477  
0.00302428  0.00406623  0.00280002  0.00347059  0.00373903  0.00330028  0.00348977  0.00367404  0.00284161  0.00329307  0.00409546  0.000998467  
0.00129554  0.00109392  0.00149151  0.000420364  0.00114277  0.000714031  0.00361399  0.00363246  0.00374225  0.00246156  0.00268299  0.000899854  
0.00746614  0.00279741  0.00354794  0.00303541  0.00232067  0.00292347  0.00313764  0.00339496  0.00263419  0.00349707  0.00325157  0.00162906  
0.00191434  0.00365225  0.00247408  0.00330765  0.00322385  0.00357339  0.00344721  0.00339074  0.00381652  0.000278986  0.0029154  0.00241133  
0.00379585  0.00249313  0.00375484  0.0030501  0.00306687  0.00237854  0.00409604  0.00361951  0.00356295  0.00339876  0.00348413  0.00182495  
0.0033639  0.00204356  0.00375891  0.0032566  0.00231558  0.0030076  0.00233268  0.00128966  0.00267384  0.00246074  0.00366073  0.00201339  
0.00315335  0.00346685  0.00347699  0.00267618  0.00320496  0.0030905  0.00360094  0.00380057  0.00350003  0.00299312  0.00377903  0.00161529  
0.00326992  0.00426209  0.00365381  0.00272757  0.00356247  0.00315572  0.00343711  0.00346082  0.00281029  0.00354727  0.0036597  0.00231585  
0.00400801  0.0035593  0.00297421  0.00337635  0.00299619  0.00319713  0.00351484  0.00281872  0.00317787  0.00363787  0.00412783  0.00275558  
0.00305897  0.00373081  0.00461133  0.00271508  0.00277868  0.00328614  0.00300566  0.00359099  0.00358274  0.00343053  0.00286726  0.00187931  
0.00330332  0.00208958  0.00391293  0.00383978  0.00436103  0.0036992  0.00411131  0.00408667  0.00313118  0.00284287  0.00312206  0.00168076  
0.00175  0.00537876  0.00301299  0.00351256  0.00380284  0.00307898  0.00337514  0.00260046  0.00338236  0.00377382  0.00428016  0.00308539  
0.00731553  0.00733844  0.00269888  0.00236267  0.00204097  0.00246712  0.00241754  0.00240661  0.00195007  0.00151657  0.00263376  0.00416878  

#One Block Std = 
0.00175  0.00266867  0.00263163  0.00180382  0.00263728  0.00185798  0.0024062  0.00332779  0.00145959  0.00145491  0.00222524  0.00374568  
0.00175  0.0028114  0.00311657  0.0025307  0.00220669  0.00193068  0.00133793  0.00033258  0.000987108  0.00208857  0.00104803  0.00256277  
0.00175  0.0026427  0.00238623  0.00245061  0.00215401  0.00192553  0.000814091  0.00111288  0.00151991  0.00215693  0.000868816  0.0031688  
0.00175  0.00740427  0.00475126  0.00228005  0.00181339  0.00196883  0.00188691  0.00208838  0.00164712  0.00208062  0.00191594  0.00296845  
0.00175  0.0038291  0.00746648  0.00560435  0.00214065  0.0017051  0.00202623  0.00197243  0.0019649  0.00202092  0.00425006  0.00272894  
0.00539881  0.00437181  0.0089854  0.00401591  0.00187107  0.00187614  0.00208782  0.00184612  0.00175581  0.00340499  0.00559492  0.00254265  
0.00169373  0.000804738  0.00132504  0.00497345  0.00121074  0.00135627  0.0018578  0.00181004  0.00183508  0.00488278  0.00377004  0.00311957  
0.0030827  0.0124828  0.00390727  0.00938299  0.00188588  0.00184469  0.00203854  0.00175418  0.00182285  0.00665838  0.00617589  0.00326762  
0.00512732  0.00348176  0.00260294  0.00286405  0.00203045  0.00160974  0.00119972  0.00185589  0.00166473  0.00483265  0.00491933  0.00300717  
0.00260136  0.00584205  0.00473368  0.00567185  0.0018114  0.00163791  0.00173089  0.00166217  0.00185743  0.00595016  0.00405603  0.00305697  
0.00607633  0.00574706  0.00525063  0.00352462  0.00194897  0.00176758  0.00188387  0.00176643  0.00454976  0.00377842  0.0039164  0.00216883  
0.0072298  0.00614248  0.00342386  0.00353259  0.00140963  0.00131958  0.00153957  0.00173835  0.00177267  0.00282007  0.005319  0.00372126  
0.00234592  0.00189803  0.00183861  0.00034076  0.00104464  0.00092002  0.00150679  0.00179541  0.00534068  0.00309164  0.00323954  0.0035386  
0.00660769  0.00300967  0.0043909  0.0047102  0.00139604  0.00152916  0.0015387  0.00193139  0.00145191  0.00694655  0.00380632  0.00379699  
0.00212358  0.00375353  0.00359861  0.00389585  0.00170249  0.00189173  0.0017596  0.00179713  0.00371961  0.000282054  0.00507504  0.00341337  
0.00335189  0.00444187  0.00422302  0.00427353  0.0038943  0.00129659  0.00172519  0.00187615  0.00932267  0.00266603  0.00431978  0.00356526  
0.00349821  0.00341692  0.00470638  0.00605649  0.00230253  0.00161923  0.0015286  0.00104067  0.00251076  0.00319013  0.00485109  0.00340549  
0.00274887  0.00764995  0.00329318  0.00682236  0.00541066  0.00144933  0.00171416  0.00190508  0.00555636  0.00402743  0.00522724  0.00366691  
0.0050249  0.00561189  0.00492789  0.00348507  0.0039336  0.00152226  0.00159482  0.00169469  0.0016066  0.00409393  0.00558437  0.0037875  
0.00432152  0.00476886  0.00496403  0.00467934  0.00164257  0.0015453  0.00149149  0.00145206  0.00182338  0.0071183  0.00529839  0.00372496  
0.0045194  0.00498962  0.00800569  0.0035218  0.00243146  0.00151844  0.00131835  0.00167033  0.0019338  0.00323775  0.00425653  0.00410904  
0.00265122  0.00217282  0.00543247  0.00200294  0.00178346  0.001705  0.00180826  0.00179812  0.0019239  0.00397237  0.00265623  0.00338812  
0.00175  0.00779177  0.00358773  0.00188862  0.00164165  0.00163744  0.00149042  0.0017886  0.00188636  0.00478566  0.00575048  0.00308539  
0.00731553  0.00733844  0.00269888  0.00236267  0.00204097  0.00246712  0.00241754  0.00240661  0.00195007  0.00151657  0.00263376  0.00416878  

#Number of events available for calibration = 
14  55  68  44  41  35  27  7  5  14  17  10  
46  280  376  298  214  150  120  18  37  100  103  31  
48  440  584  506  411  292  124  86  139  198  217  53  
82  573  755  626  512  448  349  225  215  315  414  93  
94  779  978  795  551  487  428  297  303  434  635  120  
110  1000  1129  940  577  413  387  310  349  560  694  148  
201  980  1158  1007  536  429  337  293  390  689  997  205  
155  1228  1433  1125  715  510  391  347  367  673  1050  180  
180  1407  1521  1192  681  463  316  344  451  932  1194  248  
242  1342  1746  1210  705  500  404  379  488  998  1393  220  
183  1433  1637  1311  732  573  502  435  535  1082  1237  260  
150  1463  1932  1260  675  524  463  458  533  1285  1747  327  
314  1464  1862  576  632  429  432  406  617  1281  2137  358  
149  1536  1738  1215  703  514  415  401  557  1477  2264  394  
260  1548  1744  1339  769  603  479  473  643  775  2449  410  
233  1630  1851  1321  820  606  513  512  655  1563  2444  430  
244  1640  2038  1405  832  636  528  404  701  1749  2368  540  
219  1602  1905  1414  844  579  507  482  629  1542  2152  397  
196  1267  1651  1375  746  535  457  425  527  1281  2024  335  
169  1105  1396  1000  530  373  310  303  400  960  1536  245  
150  834  1119  638  438  242  202  171  273  777  1221  241  
122  699  775  542  310  219  145  125  181  583  924  208  
0  603  590  412  251  164  100  106  136  433  649  87  
11  54  97  72  53  31  22  25  29  64  96  25  


#HCal gain coefficients from SBS-4 obtained 5_30_2023 timestamp set -------[ 2021-10-24 04:30:00 ]
-------[ 2021-10-24 04:30:00 ]
sbs.hcal.adc.gain =
0.00146679  0.000831062  0.00203705  0.00190095  0.00165667  0.00188853  0.00256957  0.00294953  0.00241174  0.00251433  0.00124824  0.00374568  
0.00168933  0.00232799  0.00177173  0.00529322  0.00222009  0.00224245  0.0011782  0.00045832  0.00164789  0.00125174  0.00113209  9.87806e-05  
0.00175  0.000358355  0.000954912  0.00528837  0.00156866  0.00417945  0.000803681  0.00100105  0.00118397  0.00135675  0.000378135  0.00353923  
0.00148881  0.00191133  0.00314383  0.00389447  0.00322344  0.00392212  0.00607914  0.00651502  0.00536115  0.00528014  0.00339996  0.000263138  
0.00202523  0.00491191  0.00395186  0.0041091  0.00425409  0.00284026  0.00416021  0.00415035  0.00391837  0.00376535  0.00300972  0.00252639  
0.00239333  0.00419299  0.0049558  0.0043087  0.00438481  0.00528002  0.00538518  0.00414314  0.00393251  0.001621  0.00357392  0.000340647  
0.000621085  0.000205324  0.000282115  0.000920797  0.00193383  0.00205238  0.00481149  0.00386425  0.00350243  0.00409068  0.00270141  0.000777811  
0.0015556  0.00464094  0.00424325  0.00468434  0.00439269  0.00364095  0.00558589  0.00431801  0.00377039  0.00268525  0.00410925  0.00127036  
0.0031079  0.00469218  0.0029395  0.00388407  0.00484733  0.00351497  0.00320872  0.00355802  0.00405998  0.0038208  0.00417242  0.00177996  
0.00139336  0.00305394  0.0035673  0.00483491  0.00425916  0.0038909  0.00430397  0.00384817  0.00435267  0.00318437  0.00275434  0.00305697  
0.00300555  0.00472812  0.00369616  0.00392785  0.00438505  0.00419049  0.00481104  0.00523052  0.00411127  0.00402119  0.0014812  0.00216883  
0.00244216  0.00417464  0.00280385  0.00283404  0.00399215  0.00442954  0.00350764  0.00350582  0.00433912  0.00396411  0.00407526  0.00372126  
0.000210423  0.000491786  0.00114237  0.000802516  0.000709307  0.00146384  0.00519049  0.00480218  0.00450659  0.00261432  0.00220961  0.0035386  
0.00394965  0.00270964  0.00369524  0.00300108  0.00230424  0.00387649  0.00294265  0.00497657  0.00329455  0.00275051  0.0028935  0.00380138  
0.0010408  0.00380882  0.00253582  0.00360656  0.00351425  0.00374262  0.00350127  0.00403386  0.00481919  0.000118157  0.00347691  0.00341337  
0.00198129  0.00222936  0.00449513  0.00374302  0.00380435  0.00272941  0.00446642  0.00560759  0.00375295  0.00355901  0.00268724  0.000412242  
0.00264383  0.00127619  0.0037778  0.00436515  0.00201187  0.0045297  0.00469988  0.00198546  0.00287862  0.00224115  0.0032729  0.000539759  
0.00160672  0.00322062  0.00397822  0.00276966  0.00474218  0.00394289  0.00381489  0.00529859  0.00357912  0.00324517  0.00422979  0.00183471  
0.00122787  0.00374225  0.004461  0.00336  0.0046942  0.00341214  0.00424866  0.00514781  0.00342395  0.00398601  0.00343616  0.00113299  
0.0017604  0.00369466  0.0032196  0.00388596  0.00755172  0.00404014  0.0037545  0.00235676  0.0034929  0.00531574  0.00447642  0.00278363  
0.00183094  0.0034161  0.00213322  0.00246027  0.00331465  0.00332657  0.00375743  0.00492801  0.0056676  0.00324646  0.00332204  0.00296363  
0.00108343  0.00185778  0.00401607  0.00486559  0.00473831  0.00432612  0.00506262  0.00518714  0.00457779  0.00240307  0.00360116  0.00121246  
0.00175  0.00300937  0.00262719  0.00365964  0.0044016  0.00500091  0.00477263  0.0017457  0.00207646  0.00495453  0.00405773  0.0016675  
0.000800967  0.00139694  0.00179813  0.0014549  0.0023414  0.00198892  0.00305921  0.00165795  0.00215188  0.00200347  0.00153801  0.00324092  

#One Block Std = 
0.00146679  0.000831062  0.00203705  0.00190095  0.00165667  0.00188853  0.00256957  0.00294953  0.00241174  0.00251433  0.00124824  0.00374568  
0.00168933  0.00232799  0.00177173  0.0019004  0.00222009  0.00224245  0.0011782  0.00045832  0.00164789  0.00125174  0.00113209  9.87806e-05  
0.00175  0.000358355  0.000661787  0.00176044  0.00156866  0.00186573  0.000803681  0.00100105  0.00118397  0.00135675  0.000378135  0.00353923  
0.00148881  0.00191133  0.00144495  0.00136127  0.00131844  0.00147851  0.00203585  0.00221248  0.00210404  0.00239501  0.0020739  0.000263138  
0.00202523  0.00142865  0.00178022  0.00180413  0.00175456  0.0012873  0.00192618  0.00194775  0.00210063  0.00190325  0.00182334  0.00252639  
0.00239333  0.00228151  0.0017505  0.00173316  0.00175447  0.00208935  0.00166582  0.00215872  0.00189143  0.00110482  0.00197186  0.000340647  
0.000621085  0.000205324  0.000194254  0.000492299  0.00107841  0.00109915  0.00211017  0.00176524  0.00201919  0.00210219  0.00162729  0.000777811  
0.0015556  0.00199954  0.00162415  0.00193626  0.00169648  0.00150341  0.0021674  0.00224906  0.00232878  0.00180447  0.00209349  0.00127036  
0.0031079  0.00195217  0.00112689  0.00159578  0.00211144  0.00178647  0.00145588  0.00205444  0.00199737  0.00211867  0.00250425  0.00177996  
0.00139336  0.00149397  0.00520891  0.00206  0.0019219  0.00183599  0.00223549  0.00202153  0.00195873  0.00179134  0.00152481  0.00305697  
0.00300555  0.00198712  0.00156869  0.00199785  0.00196961  0.0021964  0.00224821  0.00222967  0.00209161  0.00224089  0.000896084  0.00216883  
0.00244216  0.00456919  0.00348608  0.00165176  0.00199953  0.0020939  0.00173012  0.00212023  0.00179972  0.00229717  0.00453394  0.00372126  
0.000210423  0.000358514  0.000468579  0.000456588  0.000601029  0.000976462  0.00210572  0.00213043  0.00205409  0.00133812  0.00284736  0.0035386  
0.00394965  0.00115627  0.00584745  0.00110826  0.00107256  0.00182392  0.00158424  0.00232248  0.00151137  0.002152  0.00450227  0.00379699  
0.0010408  0.00653467  0.00383744  0.00161922  0.00193947  0.00190504  0.00198141  0.00210047  0.00194181  0.000109097  0.0055455  0.00341337  
0.00198129  0.00626408  0.00568884  0.00150723  0.00165446  0.00130678  0.00201339  0.00233514  0.00179612  0.00215366  0.0026674  0.00120236  
0.00264383  0.000632544  0.0018129  0.00157516  0.00112748  0.00177428  0.00174115  0.000947641  0.00112739  0.00152293  0.00426555  0.000353197  
0.00160672  0.00137396  0.0027188  0.00116231  0.00180594  0.00146771  0.00207316  0.00249749  0.00198602  0.00171992  0.00513588  0.00183471  
0.00122787  0.00466643  0.0051636  0.00154795  0.00198368  0.00153398  0.00188473  0.0022337  0.00134727  0.00183099  0.00354662  0.00113299  
0.0017604  0.00169319  0.00670558  0.00159757  0.00238141  0.0014215  0.00159417  0.00135206  0.00203202  0.00192577  0.00217839  0.00278363  
0.00183094  0.00160401  0.000338594  0.00146814  0.00146833  0.0015579  0.0014757  0.00217433  0.002005  0.00144616  0.00141893  0.00296363  
0.00108343  0.00095762  0.00196904  0.0020007  0.00219503  0.00221985  0.00210329  0.00206234  0.00198652  0.000963624  0.00196761  0.00121246  
0.00175  0.00360975  0.00155951  0.0019047  0.00188023  0.00204168  0.00169123  0.0017457  0.00207646  0.002039  0.00237951  0.0016675  
0.000800967  0.00139694  0.00179813  0.0014549  0.0023414  0.00198892  0.00305921  0.00165795  0.00215188  0.00200347  0.00153801  0.00324092  

#Number of events available for calibration = 
3  7  16  20  22  18  11  4  5  9  9  0  
4  58  86  117  93  93  53  10  19  68  43  12  
7  33  104  134  97  106  60  50  71  68  69  13  
12  77  180  166  144  145  149  102  102  116  136  25  
13  137  247  258  237  231  211  127  143  168  184  33  
18  233  357  327  221  215  165  148  140  212  220  48  
39  96  203  309  213  164  172  158  178  220  268  45  
49  323  418  440  360  244  218  185  203  210  285  46  
46  350  393  471  366  282  140  209  253  288  291  57  
59  338  582  503  390  310  277  227  230  301  340  62  
51  360  522  572  391  314  262  261  237  350  331  65  
31  375  666  529  440  322  251  237  207  341  430  73  
26  224  389  198  243  219  251  217  219  278  519  92  
23  341  487  459  326  274  240  240  237  351  531  120  
59  436  560  501  359  292  291  234  242  194  562  71  
55  394  554  445  346  308  275  270  212  349  542  105  
52  285  494  375  299  242  202  152  156  326  439  102  
53  308  448  314  247  190  164  164  142  283  466  82  
44  426  490  403  253  192  169  126  144  230  377  59  
52  334  463  341  220  151  147  135  134  164  235  36  
40  338  205  304  220  167  135  128  112  149  218  40  
53  272  427  337  229  176  161  128  111  134  242  41  
0  342  394  304  206  148  101  89  89  113  191  36  
7  32  74  51  42  23  11  15  12  23  35  5  
