#HCal gain coefficients from SBS-4 obtained 11_4_2023 timestamp set --------[ 2021-10-18 05:30:00 ]
Total number of events available to calibrate for this set: 230001
--------[ 2021-10-18 05:30:00 ]
sbs.hcal.adc.gain =
0.00175  0.00266867  0.00263163  0.00180382  0.00263728  0.00430581  0.00588303  0.00332779  0.00145959  0.00145491  0.00222524  0.00374568  
0.00175  0.0028114  0.00311657  0.0025307  0.00524243  0.00526553  0.0040462  0.00173781  0.00252127  0.00208857  0.00104803  0.00256277  
0.00175  0.00198737  0.00238623  0.00430913  0.00457718  0.00438219  0.000633791  0.00146571  0.00264925  0.003684  0.000706486  0.0031688  
0.00175  0.00370595  0.00207407  0.00454694  0.00425382  0.00423758  0.004415  0.00454574  0.00374137  0.00391792  0.00350104  0.00296845  
0.00175  0.00289564  0.0022504  0.00407042  0.0044157  0.00355581  0.00429338  0.00412775  0.00387023  0.00387117  0.00299515  0.0032866  
0.00539881  0.00349153  0.00448787  0.00332415  0.00413085  0.00416175  0.0038878  0.00392189  0.00382986  0.00216836  0.00315716  0.00439363  
0.00169373  0.00130524  0.000555904  0.00116177  0.00203892  0.00218808  0.00417909  0.00351698  0.00386764  0.00359697  0.00319172  0.00311957  
0.0030827  0.00372947  0.00346493  0.00422418  0.00420465  0.00384577  0.004214  0.00374227  0.00403472  0.00416195  0.003689  0.00326762  
0.00512732  0.00316712  0.00372546  0.00348807  0.00427511  0.00369921  0.00293036  0.00395816  0.0034569  0.00356505  0.00349064  0.00300717  
0.00260136  0.00253666  0.00339458  0.00415521  0.00381556  0.0034055  0.00395857  0.00367819  0.00383994  0.00379511  0.00305891  0.00305697  
0.00607633  0.00348856  0.00369683  0.00342052  0.00403689  0.00362902  0.00391508  0.00372685  0.00364844  0.00398496  0.00184997  0.00216883  
0.0072298  0.00293485  0.00279184  0.0038805  0.0039739  0.00390638  0.00348928  0.00379979  0.00351537  0.00416278  0.00499158  0.00372126  
0.00234592  0.000711624  0.00208632  0.000349601  0.0013923  0.00174816  0.00415322  0.00368544  0.00403942  0.00253876  0.00242864  0.0035386  
0.00660769  0.00157609  0.00370193  0.00324975  0.00259823  0.00368366  0.00344411  0.00398562  0.00306317  0.00390601  0.00327145  0.00379699  
0.00212358  0.00370078  0.00290423  0.00339059  0.00377428  0.00385243  0.0035464  0.00374407  0.00381151  0.000299782  0.00309292  0.00341337  
0.00335189  0.0017569  0.00418846  0.00348476  0.00322748  0.00287156  0.00397983  0.00410445  0.00355779  0.00360406  0.00335901  0.00356526  
0.00349821  0.00126922  0.00405944  0.00376269  0.0020455  0.00389578  0.00313123  0.00189102  0.00323303  0.00269711  0.00351229  0.00340549  
0.00274887  0.00280964  0.00392581  0.0027614  0.00376198  0.00329917  0.00387985  0.0040853  0.00373048  0.00318151  0.00405411  0.00366691  
0.0050249  0.00292725  0.00398206  0.0029663  0.00434017  0.00331493  0.00347558  0.00384083  0.0030807  0.00339627  0.00368381  0.0037875  
0.00432152  0.0028822  0.00352392  0.00359325  0.00418891  0.00337764  0.0035397  0.00276108  0.00365963  0.00391859  0.00416227  0.00372496  
0.0045194  0.00289505  0.00512906  0.00313052  0.00321003  0.00372827  0.00295635  0.00431906  0.0039962  0.00328612  0.00336477  0.00388425  
0.00265122  0.00206662  0.00431359  0.00412412  0.00437188  0.00431834  0.00423433  0.00391453  0.00375177  0.00280655  0.00325787  0.00266916  
0.00175  0.00403728  0.0026854  0.0034315  0.00370567  0.00413826  0.00329782  0.0035295  0.00402115  0.00340957  0.00431417  0.00438754  
0.00731553  0.00733844  0.00269888  0.00345139  0.00429  0.00309667  0.00629006  0.00183612  0.00341043  0.00338639  0.00231517  0.00416878  

#One Block Std = 
0.00175  0.00266867  0.00263163  0.00180382  0.00263728  0.00388418  0.0032729  0.00332779  0.00145959  0.00145491  0.00222524  0.00374568  
0.00175  0.0028114  0.00311657  0.0025307  0.00405894  0.00486116  0.00909755  0.000773832  0.00252127  0.00208857  0.00104803  0.00256277  
0.00175  0.00198737  0.00238623  0.00430913  0.00278855  0.00335963  0.000363287  0.00113913  0.00200815  0.00325032  0.000705227  0.0031688  
0.00175  0.00370595  0.00207407  0.00306451  0.0080318  0.00430136  0.0050479  0.00582992  0.00340593  0.00384874  0.00369708  0.00296845  
0.00175  0.00289564  0.0022504  0.00358552  0.00473803  0.00681263  0.00593158  0.00746773  0.0047517  0.00381956  0.0029013  0.00464598  
0.00539881  0.00349153  0.00448787  0.00304349  0.00371208  0.00398598  0.00366662  0.0107227  0.0107352  0.00220399  0.00314926  0.00254265  
0.00169373  0.00130524  0.000499371  0.00105053  0.00221729  0.0039517  0.00375532  0.00444579  0.00590725  0.0035241  0.00326083  0.00311957  
0.0030827  0.00372947  0.00354749  0.00510738  0.00479838  0.00553618  0.00543015  0.00609069  0.00839474  0.00409366  0.00358471  0.00326762  
0.00512732  0.00316712  0.00261164  0.00344284  0.00580289  0.00566502  0.00356064  0.0022537  0.00403644  0.00354069  0.00345132  0.00300717  
0.00260136  0.00288451  0.00337378  0.00454984  0.00554684  0.00582666  0.00576832  0.00383118  0.00324041  0.00366945  0.00291311  0.00305697  
0.00607633  0.00348856  0.00373941  0.00449594  0.00458119  0.00224452  0.0047404  0.00405799  0.00498808  0.00392761  0.00188028  0.00216883  
0.0072298  0.00351787  0.00279565  0.00234534  0.00396989  0.00545465  0.00396855  0.00580771  0.0055609  0.00408954  0.00513079  0.00372126  
0.00234592  0.00113124  0.00303462  0.00308693  0.00140417  0.00119965  0.00552272  0.00423157  0.00370598  0.00244221  0.00285002  0.0035386  
0.00660769  0.00187324  0.00380102  0.00285935  0.00159172  0.00172759  0.00463052  0.00369759  0.00831083  0.00384561  0.00360276  0.00379699  
0.00212358  0.00436034  0.002784  0.00428877  0.00315985  0.00357627  0.00328946  0.00457696  0.0110918  0.000342218  0.00296277  0.00341337  
0.00335189  0.00226973  0.00417401  0.00481205  0.00239711  0.00221463  0.00336549  0.00387095  0.00393902  0.00356788  0.00334314  0.00356526  
0.00349821  0.00207757  0.00403573  0.00431864  0.00182965  0.00266672  0.0030551  0.00245459  0.00273963  0.00428968  0.00362239  0.00340549  
0.00274887  0.00280964  0.00395978  0.00373231  0.00340239  0.00333509  0.00511819  0.00382229  0.00579569  0.00317923  0.00409142  0.00366691  
0.0050249  0.00292725  0.00399142  0.00251825  0.0049117  0.00259289  0.00353031  0.00414275  0.0034415  0.00782919  0.00369052  0.0037875  
0.00432152  0.0028822  0.0033263  0.00427963  0.00386093  0.00279257  0.00421759  0.00257856  0.00522695  0.00401237  0.00432813  0.00372496  
0.0045194  0.00289505  0.00570356  0.00282995  0.00162713  0.00506901  0.00187253  0.00361227  0.00426024  0.00338286  0.00323758  0.00445164  
0.00265122  0.00206662  0.00425977  0.00410225  0.00533279  0.00533741  0.00418495  0.00344389  0.00513859  0.00219229  0.00336968  0.00348861  
0.00175  0.00403728  0.00294341  0.00330931  0.00299502  0.00470676  0.00240215  0.00386802  0.00691773  0.00366773  0.00421954  0.0049172  
0.00731553  0.00733844  0.00269888  0.00320651  0.00473551  0.00355762  0.00560185  0.00256847  0.00319719  0.0035297  0.003072  0.00416878  

#Number of events available for calibration = 
0  0  0  2  51  162  192  65  13  4  0  0  
0  0  0  17  121  498  720  205  89  57  20  8  
1  1  16  67  444  903  435  557  403  248  138  39  
0  3  32  317  1464  2787  3200  2163  1379  854  456  85  
0  3  57  610  2238  3797  4075  3505  2861  1800  804  119  
0  8  95  928  2332  3853  4420  4061  3374  2365  863  109  
2  25  170  1098  2806  4221  4555  3913  3020  1704  534  87  
2  30  396  1975  4450  5450  5231  4318  2906  1365  442  51  
4  51  459  1755  3687  4967  5009  4663  3547  1852  543  85  
8  115  836  3035  5185  5611  4936  4077  2907  1622  519  75  
2  95  1045  4152  6443  6759  5871  5044  3559  1628  434  51  
3  101  1182  4015  6040  6361  5867  5378  3784  1594  343  52  
14  129  1157  1590  4698  5691  6049  5347  3607  1550  355  41  
2  131  1075  4000  6274  6110  5806  4964  3454  1405  281  41  
5  140  1240  4254  6672  6902  5954  5182  3467  921  337  51  
7  146  1119  4565  7148  7161  6385  5512  4102  1907  394  44  
6  131  1007  4262  6900  7083  6699  5709  4566  2408  487  80  
3  82  789  3725  6516  7299  6749  5990  4766  2578  658  97  
3  58  660  3198  5825  6963  6443  5596  4658  2379  692  95  
2  43  526  2137  4501  6075  5301  4508  3183  1902  635  92  
1  27  310  1597  3407  4344  3987  3760  3605  2863  1055  135  
4  20  217  1064  2351  3680  4581  4658  4332  3504  1303  211  
0  9  130  704  1748  3140  3686  3695  3467  2531  947  145  
0  5  45  209  368  754  743  1025  874  603  268  65  




#HCal gain coefficients from SBS-4 obtained 11_4_2023 timestamp set -------[ 2021-10-24 04:30:00 ]
Total number of events available to calibrate for this set: 89307
-------[ 2021-10-24 04:30:00 ]
sbs.hcal.adc.gain =
0.00175  0.00114155  0.00297862  0.00359176  0.00715367  0.0040983  0.00475649  0.00649252  0.00527849  0.00518601  0.00355675  0.00374568  
0.00300636  0.0044304  0.00390344  0.00511534  0.00455901  0.00501672  0.0039062  0.00119922  0.00538373  0.00236631  0.00229438  0.00102397  
0.00788777  0.000713016  0.0015953  0.00451997  0.0044481  0.00432564  0.0024014  0.00284373  0.00227527  0.00374195  0.000639923  0.00637616  
0.00279915  0.00393762  0.00287054  0.00342957  0.00463144  0.00366852  0.00445933  0.00501619  0.00423181  0.00482822  0.00398791  0.00087288  
0.00396248  0.00302456  0.00383591  0.0049224  0.00410863  0.00316143  0.00407897  0.00365309  0.00383649  0.00458391  0.0031758  0.00272894  
0.00119894  0.00471207  0.00390398  0.00375424  0.00455728  0.00453119  0.00439331  0.00398552  0.00367643  0.00182217  0.00243344  0.00254265  
0.00151549  0.000461684  0.000421194  0.00133971  0.00313603  0.00224798  0.00401706  0.00370932  0.00405116  0.0042171  0.00255256  0.00154914  
0.0018091  0.00409816  0.00398901  0.00445584  0.00415509  0.0040077  0.00423599  0.00371381  0.00372961  0.00378126  0.00418417  0.00295606  
0.00436517  0.00421821  0.00338481  0.00364846  0.00424576  0.00349654  0.00394456  0.00376458  0.00362557  0.00366541  0.00321402  0.00300717  
0.00219066  0.00299397  0.00333088  0.00428412  0.00394355  0.00367377  0.0041378  0.00377332  0.00394665  0.00357997  0.00297038  0.00305697  
0.00352788  0.00407892  0.00290869  0.00375314  0.00421889  0.00367334  0.00382664  0.00401234  0.00384  0.00434742  0.0022502  0.00216883  
0.0033152  0.00374452  0.00319149  0.00391348  0.0039516  0.00403097  0.00404655  0.00371994  0.00345993  0.00437365  0.00426672  0.00372126  
0.000310559  0.000737123  0.00196141  0.0010893  0.00100888  0.00258385  0.00404381  0.00372886  0.0039964  0.00252079  0.00299668  0.0035386  
0.00717845  0.00247069  0.00460717  0.0029796  0.0027337  0.00386064  0.00322748  0.0040811  0.00316324  0.00423269  0.00348034  0.00379699  
0.00172067  0.00420009  0.00283038  0.00351835  0.00378544  0.00374557  0.00374434  0.003599  0.00398144  0.000312983  0.00340298  0.00341337  
0.00315626  0.0025457  0.00463719  0.00389016  0.00338653  0.00301779  0.00423509  0.00421189  0.00366336  0.00380662  0.00315933  0.00384582  
0.00440891  0.00124189  0.00347742  0.00396818  0.00197937  0.00386189  0.00352837  0.0019948  0.00324977  0.00268395  0.0037634  0.00215238  
0.00350592  0.00277151  0.00420278  0.00295583  0.00374007  0.00323419  0.00393724  0.00420985  0.00352904  0.00331584  0.00406261  0.0036216  
0.00189599  0.00434045  0.00477416  0.00298858  0.00427146  0.00355339  0.00339008  0.00386146  0.00318746  0.00358619  0.00314628  0.00230819  
0.00337638  0.00340245  0.00362072  0.00384256  0.00536897  0.00342144  0.0037504  0.00285252  0.0037199  0.00386396  0.00465768  0.00539772  
0.00355846  0.00312597  0.00442455  0.00333166  0.00346161  0.00381152  0.00273373  0.00421823  0.00391358  0.0034723  0.00330005  0.0050885  
0.00196786  0.00185623  0.00444427  0.00413781  0.00428106  0.00414605  0.00445453  0.00402746  0.00396458  0.00319215  0.00345369  0.00209481  
0.00211308  0.00446856  0.00291525  0.00359203  0.00382402  0.00407373  0.00314959  0.00376568  0.00403463  0.0034085  0.00494493  0.00354453  
0.00731553  0.00184953  0.00312397  0.00287407  0.0026565  0.00402097  0.00595668  0.00194979  0.00324437  0.00366471  0.00316737  0.00416878  

#One Block Std = 
0.00175  0.00114155  0.00297862  0.00359176  0.00238189  0.00336438  0.00475649  0.00649252  0.00527849  0.00518601  0.00355675  0.00374568  
0.00300636  0.0044304  0.00390344  0.00396145  0.00470814  0.00469769  0.00256063  0.00106229  0.00372351  0.00240972  0.00229438  0.00102397  
0.00788777  0.000713016  0.0015953  0.00397066  0.00354068  0.00422767  0.00176964  0.00219962  0.00257158  0.00252735  0.000639923  0.00637616  
0.00279915  0.00393762  0.00287054  0.00312908  0.00288806  0.00308053  0.00443713  0.00470737  0.00421751  0.00452867  0.00398791  0.00087288  
0.00396248  0.00302456  0.00383591  0.00394405  0.00355301  0.00259123  0.00386101  0.00394811  0.00391242  0.00363093  0.00347629  0.00272894  
0.00119894  0.00471207  0.00390398  0.00379465  0.00395199  0.00460464  0.00369093  0.00432516  0.00366836  0.00203051  0.00394812  0.00254265  
0.00151549  0.000461684  0.000421194  0.00112416  0.00249527  0.00256289  0.00445739  0.0034621  0.00383337  0.00386236  0.00286243  0.00154914  
0.0018091  0.00409816  0.00368787  0.00429496  0.00676264  0.00406812  0.00666584  0.00440598  0.0045097  0.0033585  0.00390663  0.00295606  
0.00436517  0.00421821  0.00277412  0.0036555  0.0053786  0.00403787  0.00964797  0.00809223  0.00378246  0.00397803  0.00476605  0.00300717  
0.00219066  0.00299397  0.00349801  0.00361154  0.00417031  0.00258567  0.00466204  0.0050044  0.00374148  0.00331847  0.00256968  0.00305697  
0.00352788  0.00407892  0.00341902  0.00417296  0.00400581  0.00492534  0.00356757  0.00346091  0.00394511  0.00420151  0.00142342  0.00216883  
0.0033152  0.00374452  0.00307234  0.00856601  0.00365883  0.00441608  0.00441312  0.00567011  0.00351576  0.00422155  0.0046825  0.00372126  
0.000310559  0.000737123  0.00108986  0.00101464  0.00391578  0.00334184  0.00751271  0.00478752  0.00766976  0.00247434  0.00333792  0.0035386  
0.00717845  0.00247069  0.003306  0.00235719  0.00705388  0.00390265  0.00333041  0.00470743  0.00303383  0.00395947  0.0042114  0.00379699  
0.00172067  0.00420009  0.0025612  0.00586953  0.0056552  0.00566691  0.0045889  0.00375557  0.00347251  0.000205321  0.0044286  0.00341337  
0.00315626  0.0025457  0.00384164  0.00714106  0.00279065  0.00241973  0.00510447  0.00531663  0.0555478  0.00410288  0.00354011  0.00384582  
0.00440891  0.00124189  0.00403544  0.00405449  0.00779183  0.00723923  0.0092782  0.00266413  0.00214095  0.00279739  0.00367047  0.00215238  
0.00350592  0.00277151  0.00362198  0.00358491  0.0023694  0.00307294  0.0036706  0.0101955  0.00386246  0.00317914  0.00465996  0.0036216  
0.00189599  0.00434045  0.003986  0.00398094  0.00475585  0.00285646  0.00505215  0.00365982  0.00246729  0.00356281  0.00419997  0.00230819  
0.00337638  0.00340245  0.00335532  0.00368956  0.00633916  0.00217878  0.00422611  0.00438823  0.00415818  0.00379762  0.00409247  0.00539772  
0.00355846  0.00312597  0.000649809  0.00555516  0.00472874  0.00361738  0.00368283  0.00470425  0.0039252  0.00272139  0.00253553  0.0050885  
0.00196786  0.00185623  0.00388062  0.00416467  0.0067979  0.00587625  0.004274  0.00269455  0.00385285  0.00176832  0.00367533  0.00209481  
0.00211308  0.00446856  0.00294446  0.0036711  0.0030847  0.00529179  0.00372947  0.00379741  0.00415172  0.00384383  0.00428859  0.00354453  
0.00731553  0.00184953  0.00312397  0.0026908  0.00429902  0.0031694  0.00585994  0.00290409  0.00403565  0.00366291  0.00316737  0.00416878  

#Number of events available for calibration = 
0  1  2  31  120  160  74  25  17  17  9  4  
0  1  14  106  394  542  334  128  173  144  48  3  
0  2  23  169  499  744  432  423  434  240  54  5  
0  4  63  341  770  948  873  679  510  272  81  4  
0  3  77  478  977  1240  1033  770  474  238  104  18  
0  6  47  300  597  970  1145  1003  616  324  106  17  
1  6  84  493  866  1019  899  908  726  371  176  21  
2  21  209  780  1436  1862  1709  1341  788  389  166  32  
0  20  224  937  1723  2266  2067  1982  1499  717  223  32  
3  26  272  1121  2213  2798  2643  2265  1584  883  293  35  
2  13  272  1160  2247  2798  2645  2269  1621  830  181  42  
1  33  314  1370  2447  2799  2420  2153  1489  672  148  19  
0  25  216  685  1802  2240  2432  2223  1597  752  169  19  
0  42  244  1117  1986  2050  1933  1645  1241  588  133  13  
1  43  438  1715  2852  2822  2480  2105  1487  362  159  23  
3  76  425  1508  2636  2662  2416  2158  1604  769  183  22  
4  43  408  1453  2558  2701  2416  2112  1548  791  166  30  
1  54  388  1407  2249  2447  2165  1965  1510  858  178  30  
2  39  389  1375  2124  2448  2628  2326  1883  1001  303  45  
0  25  365  1170  1960  2573  2428  2133  1558  900  286  33  
2  17  133  1046  1817  2136  2089  1882  1520  845  273  30  
0  16  171  811  1537  1858  1936  1794  1345  761  259  46  
0  10  127  633  1148  1407  1314  1252  1054  698  237  30  
1  3  55  176  266  399  292  345  290  178  58  19  


