#HCal gain coefficients from SBS-14 obtained 5_30_2023 timestamp set --------[ 2022-01-12 00:00:00 ]
--------[ 2022-01-12 00:00:00 ]
sbs.hcal.adc.gain =
0.00146679  0.000831062  0.00203705  0.00190095  0.00165667  0.00188853  0.00256957  0.00294953  0.00241174  0.00251433  0.00124824  0.00374568  
0.00168933  0.00232799  0.00177173  0.0019004  0.00222009  0.00224245  0.0011782  0.00045832  0.00164789  0.00125174  0.00113209  9.87806e-05  
0.00175  0.000358355  0.000661787  0.00176044  0.00156866  0.00186573  0.000803681  0.00100105  0.00118397  0.00135675  0.000378135  0.00353923  
0.00148881  0.00463753  0.0031015  0.00136127  0.00131844  0.00147851  0.00203585  0.00221248  0.00210404  0.00465863  0.00410225  0.000318387  
0.00133378  0.00337587  0.00414712  0.00598555  0.00175456  0.0012873  0.00192618  0.00194775  0.00457295  0.00342792  0.00298767  0.00183535  
0.000898531  0.0045718  0.00381431  0.00302222  0.00575516  0.00208935  0.00166582  0.00443523  0.00400446  0.00159597  0.00360952  0.000269648  
0.000375095  0.000191781  0.000229457  0.000767872  0.00107841  0.00109915  0.00211017  0.00305158  0.00364613  0.00375908  0.0027425  0.000428274  
0.000620855  0.00419809  0.00371416  0.00426479  0.00513102  0.00150341  0.00542709  0.00497104  0.00458455  0.00250307  0.00425942  0.000697407  
0.00172631  0.0045607  0.00257562  0.00402773  0.00443049  0.00178647  0.00395081  0.00487554  0.00386409  0.00370104  0.00534897  0.00103137  
0.00101259  0.00289272  0.00360521  0.00464022  0.00394193  0.00463074  0.00507506  0.00426129  0.003796  0.00233715  0.00221602  0.00420624  
0.00208604  0.0042076  0.00334595  0.00431195  0.00376665  0.00488385  0.00463893  0.00460186  0.00390504  0.00401628  0.00128897  0.00178622  
0.00142653  0.00351447  0.00270165  0.00358331  0.00453297  0.00381025  0.00340518  0.00423172  0.00327797  0.00392057  0.00424232  0.00279418  
0.000248706  0.000411318  0.000659104  0.000540611  0.000840949  0.00195472  0.00482168  0.00414081  0.00437108  0.00223483  0.00207786  0.00197191  
0.00301614  0.00219752  0.00324335  0.00190841  0.00139251  0.00418618  0.0025739  0.00493561  0.00278754  0.00349037  0.00301044  0.00286858  
0.00081076  0.00424929  0.00212185  0.00339905  0.00506107  0.00410324  0.00433069  0.00429257  0.00389969  7.88328e-05  0.0030532  0.00259073  
0.0017508  0.0023391  0.00389327  0.00289811  0.0034261  0.00227561  0.00437643  0.00536504  0.00348653  0.00406884  0.00207971  0.000801797  
0.00354474  0.000988631  0.00417932  0.00378991  0.00219088  0.00453275  0.00349961  0.00179257  0.0016956  0.00267827  0.00339084  0.000166646  
0.00129947  0.00284224  0.00381945  0.00246472  0.00340905  0.00362245  0.00504138  0.00544098  0.00410682  0.00280295  0.00402837  0.0018237  
0.00049627  0.00328921  0.00415599  0.0034467  0.00511806  0.00153398  0.00188473  0.00422003  0.00233301  0.0036845  0.00407124  0.00112885  
0.00115954  0.00349334  0.00353915  0.0034387  0.00703192  0.0014215  0.00159417  0.00326171  0.00437771  0.00398152  0.00442407  0.00348883  
0.000417726  0.00328027  0.000251005  0.0032297  0.00146833  0.0015579  0.0014757  0.00572914  0.00382746  0.0027008  0.00221781  0.00260454  
0.000997388  0.00169583  0.00387025  0.00668987  0.00219503  0.00221985  0.00210329  0.00719275  0.00395604  0.00152573  0.00331257  0.00107931  
0.00175  0.00330956  0.00248439  0.00349619  0.00188023  0.00204168  0.00169123  0.0017457  0.00506007  0.00391995  0.00381433  0.00241051  
0.000241856  0.000661885  0.00141854  0.0014549  0.0023414  0.00198892  0.00305921  0.00165795  0.00215188  0.00367444  0.00126182  0.00230164  

#One Block Std = 
0.00146679  0.000831062  0.00203705  0.00190095  0.00165667  0.00188853  0.00256957  0.00294953  0.00241174  0.00251433  0.00124824  0.00374568  
0.00168933  0.00232799  0.00177173  0.0019004  0.00222009  0.00224245  0.0011782  0.00045832  0.00164789  0.00125174  0.00113209  9.87806e-05  
0.00175  0.000358355  0.000661787  0.00176044  0.00156866  0.00186573  0.000803681  0.00100105  0.00118397  0.00135675  0.000378135  0.00353923  
0.00148881  0.00191133  0.00144495  0.00136127  0.00131844  0.00147851  0.00203585  0.00221248  0.00210404  0.00239501  0.0020739  0.000263138  
0.00202523  0.00142865  0.00178022  0.00180413  0.00175456  0.0012873  0.00192618  0.00194775  0.00210063  0.00190325  0.00182334  0.00252639  
0.00239333  0.00228151  0.0017505  0.00173316  0.00175447  0.00208935  0.00166582  0.00215872  0.00189143  0.00110482  0.00197186  0.000340647  
0.000621085  0.000205324  0.000194254  0.000492299  0.00107841  0.00109915  0.00211017  0.00176524  0.00201919  0.00210219  0.00162729  0.000777811  
0.0015556  0.00199954  0.00162415  0.00193626  0.00169648  0.00150341  0.0021674  0.00224906  0.00232878  0.00180447  0.00209349  0.00127036  
0.0031079  0.00195217  0.00112689  0.00159578  0.00211144  0.00178647  0.00145588  0.00205444  0.00199737  0.00211867  0.00250425  0.00177996  
0.00139336  0.00149397  0.0016919  0.00206  0.0019219  0.00183599  0.00223549  0.00202153  0.00195873  1  0  0.00305697  
0.00300555  0.00198712  0.00156869  0.00199785  0.00196961  0.0021964  0.00224821  0.00222967  0.00209161  0.00224089  0.000896084  0.00216883  
0.00244216  0.00183276  0.00150713  0.00166556  0.00199953  0.0020939  0.00173012  0.00212023  0.00179972  0  0  0.00372126  
0.000210423  0.000358514  0.000468579  0.000456588  0.000601029  0.000976462  0.00210572  0.00213043  0.00205409  0.00133812  0  0.0035386  
0.00394965  0.00115627  0.00148239  0.00110826  0.00107256  0.00182392  0.00158424  0.00232248  0.00151137  0  0  0.00379699  
0.0010408  0.0020122  0.00119089  0.00161922  0.00193947  0.00190504  0.00198141  0.00210047  0.00194181  0.000109097  0  0.00341337  
0.00198129  0.00122657  0.00179041  0.00150723  0.00165446  0.00130678  0.00201339  0.00233514  0.00179612  0.00215366  0  0.00120236  
0.00264383  0.000632544  0.0018129  0.00157516  0.00112748  0.00177428  0.00174115  0.000947641  0.00112739  0.00152293  0.00195743  0.000353197  
0.00160672  0.00137396  0.00164102  0.00116231  0.00180594  0.00146771  0.00207316  0.00249749  0.00198602  0.00171992  0  0.00183471  
0.00122787  0.00237683  0.00187377  0.00154795  0.00198368  0.00153398  0.00188473  0.0022337  0.00134727  0.00183099  0  0.00113299  
0.0017604  0.00169319  0.00164664  0.00159757  0.00238141  0.0014215  0.00159417  0.00135206  0.00203202  0.00192577  0.00217839  0.00278363  
0.00183094  0.00160401  0.000338594  0.00146814  0.00146833  0.0015579  0.0014757  0.00217433  0.002005  0.00144616  0.00141893  0.00296363  
0.00108343  0.00095762  0.00196904  0.0020007  0.00219503  0.00221985  0.00210329  0.00206234  0.00198652  0.000963624  0.00196761  0.00121246  
0.00175  0.00250125  0.00155951  0.0019047  0.00188023  0.00204168  0.00169123  0.0017457  0.00207646  0.002039  0.00237951  0.0016675  
0.000800967  0.00139694  0.00179813  0.0014549  0.0023414  0.00198892  0.00305921  0.00165795  0.00215188  0.00200347  0.00153801  0.00324092  

#Number of events available for calibration = 
0  0  1  0  0  0  0  0  0  0  1  0  
4  12  7  0  0  0  0  0  0  9  7  11  
30  75  52  20  6  3  0  0  7  58  70  45  
80  254  204  65  38  13  5  15  61  234  356  149  
108  357  280  154  99  33  19  59  205  559  823  244  
155  559  368  206  110  49  41  136  379  1058  1289  565  
235  280  253  152  92  49  85  239  764  1675  2392  1048  
304  849  565  269  135  70  124  385  1070  2584  2669  1054  
403  1006  603  348  160  91  132  472  1637  3571  3455  1243  
489  1301  1043  479  218  136  294  779  2021  5068  5367  1585  
531  1616  1168  605  265  183  354  959  2566  5411  4647  2130  
561  1642  1377  621  268  200  413  884  2350  6147  7687  2932  
285  1021  1096  337  168  128  365  922  2524  5835  9497  3269  
619  1468  1261  671  235  165  375  866  2317  7260  10370  3742  
678  1808  1462  699  301  189  332  815  2316  3522  10483  4144  
667  1799  1555  729  285  165  288  722  2210  6631  11839  4448  
691  1732  1399  614  270  134  183  498  2314  6784  8186  3562  
778  1763  1274  526  268  133  158  472  2052  5595  6972  2396  
882  2221  1295  473  188  89  99  350  1551  3600  5070  1725  
672  1471  1091  328  108  55  79  191  925  2585  3249  1200  
453  1040  899  294  80  37  34  145  770  2295  3170  977  
336  898  777  261  85  29  30  102  612  2090  2442  973  
0  925  646  211  44  20  16  35  313  1158  1784  582  
115  267  223  89  19  5  4  10  75  249  449  188  
