#HCal gain coefficients from SBS-14 obtained 6_16_2023 timestamp set --------[ 2022-01-12 00:00:00 ]
Total number of events available to calibrate for this set: 19105
--------[ 2022-01-12 00:00:00 ]
sbs.hcal.adc.gain =
0.00175  0.00266867  0.00263163  0.00180382  0.000921732  0.00195353  0.00490403  0.00332779  0.00145959  0.00145491  0.00222524  0.00374568  
0.00175  0.0028114  0.00168388  0.00332434  0.00314473  0.0034731  0.00225216  0.000740405  0.00303036  0.00208178  0.00104803  0.00256277  
0.00175  0.000549083  0.000775478  0.00317104  0.00270364  0.0029086  0.00117877  0.00154544  0.00168044  0.00296136  0.000868816  0.0031688  
0.00175  0.00165191  0.00138037  0.00224404  0.00263961  0.00256273  0.00347867  0.0037064  0.00328696  0.00327693  0.00191594  0.00296845  
0.00175  0.00131023  0.0015652  0.00330966  0.00522869  0.00268791  0.00703957  0.00265754  0.00292414  0.00373401  0.00184944  0.00272894  
0.00539881  0.00224432  0.00157432  0.00545178  0.00414774  0.00526995  0.00706748  0.0061306  0.00291499  0.00148887  0.00173477  0.00254265  
0.00169373  0.000275533  0.000298944  0.000701647  0.00358272  0.00307548  0.00499169  0.00409172  0.00524987  0.00314438  0.00192148  0.00311957  
0.0030827  0.00186074  0.00247412  0.00537008  0.00507169  0.00419758  0.00501434  0.00449872  0.00377228  0.0027352  0.0029347  0.00326762  
0.00512732  0.00154451  0.00242579  0.00483411  0.00655528  0.00439305  0.0060721  0.0050217  0.00556095  0.00273689  0.0022681  0.00300717  
0.00260136  0.00148176  0.005093  0.00586041  0.00507727  0.00426015  0.0052042  0.00471171  0.00470086  0.00273946  0.00222436  0.00305697  
0.00607633  0.00171058  0.00307947  0.00449331  0.0047697  0.004454  0.00456211  0.00437865  0.00490848  0.00327175  0.00177084  0.00216883  
0.0072298  0.00174206  0.0046927  0.00461494  0.00502461  0.00520667  0.00448539  0.00440147  0.00579879  0.00344876  0.0030681  0.00372126  
0.000449533  0.000488912  0.00134137  0.000886951  0.000867994  0.00288724  0.00534581  0.00462728  0.00575214  0.00192609  0.00244543  0.0035386  
0.00660769  0.00120219  0.0048363  0.00261184  0.00277496  0.00502628  0.00465911  0.00522037  0.00356803  0.00285728  0.00344221  0.00379699  
0.00212358  0.0017905  0.00494816  0.00411083  0.00495747  0.00457309  0.00411182  0.00409484  0.00458732  0.000230528  0.00265986  0.00341337  
0.00335189  0.00127896  0.00350573  0.00502501  0.00481533  0.00331087  0.00505922  0.00509337  0.00455182  0.00284344  0.0023819  0.00356526  
0.00349821  0.000794794  0.00283036  0.00608328  0.00205399  0.00516486  0.00471815  0.00225318  0.00327341  0.00198557  0.00254009  0.00340549  
0.00274887  0.00140077  0.0030178  0.00291455  0.00500498  0.00398363  0.00479818  0.00550261  0.00481246  0.00257019  0.00341481  0.00366691  
0.0050249  0.00292725  0.00352249  0.00446681  0.00602653  0.00424342  0.00428006  0.00551487  0.00315906  0.00258959  0.00247532  0.0037875  
0.00432152  0.00164664  0.00296994  0.006976  0.00750267  0.00371981  0.00464088  0.00379844  0.00281691  0.00292412  0.00342642  0.00372496  
0.0045194  0.00171242  0.000476805  0.00252565  0.00469668  0.00457942  0.00438792  0.00601152  0.00298463  0.00256446  0.00234993  0.00410904  
0.00265122  0.00116889  0.00358786  0.0031272  0.00740976  0.00487349  0.00534261  0.00615441  0.00296986  0.00243068  0.002633  0.00338812  
0.00175  0.00403728  0.00217687  0.0027295  0.00278951  0.00697021  0.00438196  0.0046999  0.00308229  0.00252474  0.00371721  0.00308539  
0.00731553  0.00733844  0.00269888  0.00244858  0.00230674  0.00274973  0.00424888  0.00295358  0.00223868  0.00294597  0.00263376  0.00416878  

#One Block Std = 
0.00175  0.00266867  0.00263163  0.00180382  0.000921732  0.00195353  0.00490403  0.00332779  0.00145959  0.00145491  0.00222524  0.00374568  
0.00175  0.0028114  0.00168388  0.00332434  0.00314473  0.0034731  0.00225216  0.000740405  0.00303036  0.00208178  0.00104803  0.00256277  
0.00175  0.000549083  0.000775478  0.00317104  0.00270364  0.0029086  0.00117877  0.00154544  0.00168044  0.00296136  0.000868816  0.0031688  
0.00175  0.00165191  0.00138037  0.00224404  0.00263961  0.00256273  0.00347867  0.0037064  0.00328696  0.00327693  0.00191594  0.00296845  
0.00175  0.00131023  0.0015652  0.00330966  0.00304467  0.00222358  0.00275146  0.00265754  0.00292414  0.00373401  0.00184944  0.00272894  
0.00539881  0.00224432  0.00157432  0.00229623  0.00263566  0.00321864  0.00312843  0.00292278  0.00291499  0.00148887  0.00173477  0.00254265  
0.00169373  0.000275533  0.000298944  0.00101763  0.0019172  0.00151139  0.00278769  0.00262965  0.00310689  0.00314438  0.00192148  0.00311957  
0.0030827  0.00186074  0.00247412  0.00320663  0.00299645  0.00267486  0.00315139  0.00275911  0.00255239  0.0027352  0.0029347  0.00326762  
0.00512732  0.00154451  0.00242579  0.00226514  0.00324905  0.00258597  0.0026919  0.00269907  0.00268981  0.00273689  0.0022681  0.00300717  
0.00260136  0.00148176  0.00234218  0.00328736  0.00290001  0.00258305  0.00305131  0.00288905  0.00282291  0.00273946  0.00222436  0.00305697  
0.00607633  0.00171058  0.00174422  0.00273141  0.0030873  0.00281661  0.00283337  0.00284305  0.00293544  0.00327175  0.00177084  0.00216883  
0.0072298  0.00174206  0.00247885  0.0027353  0.00297332  0.0030362  0.00289995  0.00287561  0.00256074  0.00344876  0.0030681  0.00372126  
0.000449533  0.000488912  0.00134137  0.00104507  0.000722682  0.00190471  0.00297231  0.00282544  0.00297699  0.00192609  0.00244543  0.0035386  
0.00660769  0.00120219  0.00269212  0.00199829  0.00203567  0.00275569  0.00274169  0.00297223  0.00261559  0.00285728  0.00344221  0.00379699  
0.00212358  0.0017905  0.00242137  0.00258269  0.00290595  0.00276861  0.0027632  0.00264513  0.00291497  0.000230528  0.00265986  0.00341337  
0.00335189  0.00127896  0.00350573  0.0028556  0.00251687  0.00227161  0.00308041  0.0032748  0.00265912  0.00284344  0.0023819  0.00356526  
0.00349821  0.000794794  0.00283036  0.00287229  0.00145326  0.00278917  0.00269538  0.00159475  0.00234071  0.00198557  0.00254009  0.00340549  
0.00274887  0.00140077  0.0030178  0.00218934  0.00287  0.00230722  0.00297623  0.00319903  0.0026244  0.00257019  0.00341481  0.00366691  
0.0050249  0.00292725  0.00352249  0.00220013  0.00322986  0.00260404  0.00249702  0.00281817  0.00244689  0.00258959  0.00247532  0.0037875  
0.00432152  0.00164664  0.00296994  0.00293993  0.00397229  0.00245873  0.00285217  0.00219823  0.00281691  0.00292412  0.00342642  0.00372496  
0.0045194  0.00171242  0.000476805  0.00252565  0.00265576  0.00278768  0.00224931  0.00320511  0.00298463  0.00256446  0.00234993  0.00410904  
0.00265122  0.00116889  0.00358786  0.0031272  0.00313889  0.00314174  0.00342513  0.00295781  0.00296986  0.00243068  0.002633  0.00338812  
0.00175  0.00403728  0.00217687  0.0027295  0.00278951  0.00316875  0.00244585  0.00276183  0.00308229  0.00252474  0.00371721  0.00308539  
0.00731553  0.00733844  0.00269888  0.00244858  0.00230674  0.00274973  0.00424888  0.00295358  0.00223868  0.00294597  0.00263376  0.00416878  

#Number of events available for calibration = 
0  0  0  0  0  0  0  0  0  0  0  0  
0  0  0  0  0  0  0  0  0  0  0  0  
0  0  0  0  4  5  0  1  0  0  0  0  
0  0  0  6  41  59  21  6  2  1  0  0  
0  0  5  60  207  209  113  35  14  8  1  0  
0  0  10  153  405  477  232  107  48  15  1  0  
0  1  19  209  598  726  604  283  129  25  3  0  
0  4  61  391  990  1151  921  464  180  38  3  0  
0  4  66  494  1082  1341  842  549  188  28  1  0  
0  7  130  621  1290  1494  1235  642  173  16  2  0  
0  8  138  779  1560  1799  1412  721  227  24  0  0  
0  10  162  724  1620  1950  1524  890  225  39  1  0  
0  6  97  427  1206  1552  1539  928  259  25  1  0  
0  6  122  660  1432  1793  1486  922  260  32  0  0  
0  5  108  604  1495  1830  1485  881  302  17  0  0  
0  4  79  481  1324  1644  1583  1087  355  86  4  0  
0  4  71  347  979  1513  1544  1016  455  87  6  0  
0  6  41  244  753  1233  1502  1024  427  94  6  0  
0  1  33  164  485  726  909  633  259  36  1  0  
0  3  29  134  302  415  439  290  96  15  0  0  
0  0  8  70  196  253  228  182  58  4  0  0  
0  0  5  54  170  240  242  158  61  8  0  0  
0  0  2  30  86  157  153  128  46  9  0  0  
0  0  0  6  27  28  50  39  15  3  0  0  


