#HCal gain coefficients from SBS-8 obtained 11_20_2023 timestamp set --------[ 2022-01-20 07:30:00 ]
Total number of events available to calibrate for this set: 1465089
--------[ 2022-01-20 07:30:00 ]
sbs.hcal.adc.gain =
0.00278577  0.000973325  0.00310637  0.00382026  0.00174152  0.00356939  0.00393008  0.00579181  0.0050849  0.0029919  0.00569782  0.00374568  
0.00241311  0.00428649  0.00412601  0.00398876  0.0047491  0.0047149  0.0025395  0.00101344  0.00434039  0.00228517  0.00225774  0.000880624  
0.00414542  0.000703702  0.00170973  0.00397658  0.0035796  0.00414949  0.00187566  0.00213262  0.00242741  0.00249995  0.000624359  0.00414466  
0.00255706  0.00392826  0.00279297  0.00313087  0.00286592  0.00304031  0.00440353  0.00467384  0.00402128  0.00445604  0.00410612  0.00144777  
0.00391779  0.00309388  0.00387286  0.0039538  0.00346689  0.00256713  0.00382249  0.00389964  0.00387892  0.00343903  0.0028916  0.00466986  
0.00387797  0.00461008  0.00394818  0.00376164  0.00389634  0.00457489  0.00371329  0.00425799  0.00353377  0.00191869  0.0031804  0.00288289  
0.00080464  0.00045776  0.000431844  0.00113929  0.00257577  0.00268233  0.00441592  0.00340187  0.00367322  0.00386999  0.00267255  0.000837284  
0.0038391  0.00403706  0.00373188  0.00429693  0.00363403  0.00323954  0.00426269  0.00423419  0.00444109  0.00317701  0.00397686  0.0022871  
0.00230875  0.00425016  0.00294281  0.0037029  0.00466006  0.0036826  0.00357044  0.00447112  0.00364597  0.00391193  0.00478761  0.00169337  
0.00117811  0.0029064  0.0034567  0.00429474  0.00406684  0.00379652  0.00443182  0.00378864  0.00365136  0.00303006  0.0022998  0.00189101  
0.00344461  0.00407718  0.00348202  0.00414985  0.00393235  0.00435905  0.00445023  0.00431406  0.00392642  0.00413403  0.00133636  0.00110415  
0.00219292  0.00380774  0.00304846  0.00373245  0.0043888  0.00432229  0.00344574  0.00411053  0.00345759  0.00418709  0.0035844  0.00381981  
0.000231314  0.000737972  0.00110549  0.00100295  0.00140361  0.00231008  0.00460821  0.00414782  0.00403542  0.00235759  0.0019362  0.00149609  
0.00376039  0.00253243  0.00331253  0.00231128  0.00231501  0.00409915  0.00332877  0.00460957  0.00298992  0.00383137  0.00370035  0.00116337  
0.000979072  0.00405886  0.00257817  0.00351805  0.0042702  0.00395206  0.00400828  0.00407622  0.00375583  0.000174971  0.00362644  0.00256837  
0.00345566  0.00246224  0.00384651  0.00332076  0.00375847  0.00282369  0.00413631  0.0046135  0.00365249  0.00409705  0.00286611  0.00218408  
0.00297104  0.00117868  0.00403346  0.00358807  0.00266373  0.00398752  0.00396997  0.00203327  0.00209855  0.00271784  0.00376757  0.0010649  
0.00244373  0.00281003  0.00364145  0.00281122  0.00395821  0.00332313  0.00408008  0.00498872  0.00385218  0.00310028  0.0044522  0.00339274  
0.00236436  0.00408324  0.00397367  0.00330327  0.00445796  0.00339773  0.00385605  0.00459032  0.00243497  0.00359795  0.00404749  0.00206813  
0.00280296  0.00343025  0.00329927  0.00353116  0.00565986  0.00323822  0.00328034  0.00289008  0.00412584  0.00370461  0.00412775  0.00354425  
0.00256748  0.00311319  0.000600237  0.003217  0.00347928  0.0033843  0.00348573  0.0046905  0.00394094  0.0027147  0.0025304  0.0031595  
0.00200598  0.00180554  0.00387928  0.0041931  0.00460864  0.00451052  0.00424669  0.00425968  0.00376221  0.00172391  0.00361525  0.00192578  
0.00211308  0.00445269  0.0029776  0.00369539  0.00383906  0.00435451  0.00384124  0.00381531  0.0042322  0.00386602  0.00426199  0.00358448  
0.00068613  0.00257814  0.00258472  0.00234549  0.00355371  0.00324339  0.0054967  0.00273057  0.00395017  0.00301869  0.00197328  0.00162217  

#One Block Std = 
0.00175  0.00114155  0.00297862  0.00359176  0.00238189  0.00336438  0.00475649  0.00649252  0.00527849  0.00518601  0.00355675  0.00374568  
0.00300636  0.0044304  228911  8786.04  1  0  0  0.00106229  0.00372351  0.00240972  0.00229438  0.00102397  
0.00788777  0.000713016  0  625183  0  0  0.00176964  0.00219962  0.00257158  0.00252735  0.000639923  0.00637616  
0.00279915  0.00393762  0  0  0  0  0  0  0.00421751  0.00452867  0.00398791  0.00087288  
0.00396248  0.00302456  14621.9  1.86882e+06  94153.4  0  0  0  0.00391242  0.00363093  0.00347629  0.00272894  
0.00119894  0  0  0  0  0  0  172289  150346  0.00203051  0.00394812  0.00254265  
0.00151549  0.000461684  0  7.95395e+06  0  0  0  0  0  0.00386236  0.00286243  0.00154914  
0.0018091  0  35892.1  0  0  0  1.11105e+06  0  0  0.0033585  0.00390663  0.00295606  
0.00436517  0  524232  0  0  0  31240.1  0  350657  0.00397803  0.00476605  0.00300717  
0.00219066  0  0  0  0  914032  0  0  0.00374148  0.00331847  0.00256968  0.00305697  
0.00352788  0  141916  1.5772e+06  16854.9  0  11348.6  0  0  0.00420151  0.00142342  0.00216883  
0.0033152  0  0  0  381220  3.35545e+06  0  330782  0  0.00422155  0.0046825  0.00372126  
0.000310559  0.000737123  0  0  0  0  0  639403  0  0.00247434  0.00333792  0.0035386  
0.00717845  0  7431.65  0  3.72296e+06  0  8.15788e+06  827556  0  0.00395947  0.0042114  0.00379699  
0.00172067  0  404242  128609  0  0  0  0  0  0.000205321  0.0044286  0.00341337  
0.00315626  0.0025457  0  8.52989e+07  0  0  10768.6  1.54433e+06  307928  0.00410288  0.00354011  0.00384582  
0.00440891  0.00124189  3686.23  2.71893e+06  0  0  0  0  0  0  0.00367047  0.00215238  
0.00350592  0.00277151  259051  0  125860  0  0  0  0  0  0.00465996  0.0036216  
0.00189599  0.00434045  0  209992  140949  2.4909e+07  0  0  730320  0  0.00419997  0.00230819  
0.00337638  0.00340245  0  495746  0  7.1659e+06  0  0  0  0  0.00409247  0.00539772  
0.00355846  0.00312597  0  0  0  10212.6  9.63488e+06  0  0  0  0.00253553  0.0050885  
0.00196786  0.00185623  0  712855  5473.51  0  0  75193.1  0  0  0.00367533  0.00209481  
0.00211308  0.00446856  0  0  0  0  0  0  0  0  0.00428859  0.00354453  
0.00731553  0.00184953  0.00312397  0.0026908  0.00429902  0.0031694  0.00585994  0.00290409  0.00403565  0.00366291  0.00316737  0.00416878  

#Number of events available for calibration = 
250  1419  4705  7777  9495  5998  2684  844  465  374  196  68  
410  3919  13167  23203  24155  17464  8857  2594  1902  1827  888  183  
479  3847  18637  33125  33905  26010  11833  7055  4902  3636  1139  256  
1088  8188  27603  38112  40415  33098  20369  10857  5961  3708  1466  181  
1397  9969  28154  39549  41463  36650  25021  15388  8443  3637  1226  208  
1010  9842  28275  41032  37983  33547  28862  19304  11668  5206  1205  265  
2603  6581  18377  32397  35811  35362  27340  20798  12644  5207  1632  540  
1870  12448  33187  42153  44996  40181  30467  21749  12413  5932  1562  366  
2439  13148  34234  45608  42327  40439  31187  23436  12959  4832  1241  252  
3065  15567  38333  45422  44748  40542  33426  24949  13138  4987  1203  139  
2805  15515  39961  49947  48486  40192  35084  27612  15855  5215  1041  217  
2831  14977  41186  51404  46275  42390  38720  29551  17734  5671  1046  227  
1042  9801  34450  28355  37966  38596  37568  29907  17456  6446  1446  193  
1928  12636  35958  54837  51319  41350  39019  29563  18681  6647  1423  230  
1929  9718  33752  48159  46028  43232  36582  29044  18397  4055  1592  318  
1403  9864  29969  46843  46522  43401  37415  29629  19975  7891  2420  576  
1331  8041  26375  45949  50090  44949  37056  31562  26023  12153  2980  654  
1258  6885  22102  42216  48668  47808  40311  30367  23722  14017  3685  785  
1008  4336  17650  35866  44595  46387  40516  31451  29037  14971  4793  926  
869  4200  13936  27295  35576  45939  42635  34315  24801  16508  5608  1008  
825  3404  11051  20559  32764  42057  37857  31673  25581  17876  6898  1039  
465  3089  8204  14772  23619  31785  33564  28541  22526  16851  5123  1102  
0  1703  5985  9648  14916  20889  21411  19829  15523  8989  3026  582  
125  626  1963  3449  4305  6550  6001  6825  4914  2797  1009  219  


