#HCal gain coefficients from SBS-8 obtained 5_30_2023 timestamp set --------[ 2022-01-22 00:00:00 ]
--------[ 2022-01-22 00:00:00 ]
sbs.hcal.adc.gain =
0.00212415  0.000244381  0.00181458  0.00316978  0.00119299  0.00299745  0.00347178  0.00338264  0.00615276  0.00582645  0.00264116  0.007683  
0.00349408  0.00342654  0.00371324  0.00435073  0.00531096  0.00536622  0.00238229  0.00123542  0.00453746  0.00150114  0.00200521  8.28976e-05  
0.00523484  0.00045837  0.00123164  0.00453927  0.00371912  0.00447693  0.00136359  0.00149738  0.0021475  0.00184289  0.000283916  0.00293904  
0.00262538  0.00434585  0.00294558  0.00319817  0.00283491  0.00320775  0.00541208  0.00562905  0.00446606  0.00428426  0.0038401  4.10835e-05  
0.00409344  0.00330494  0.00426141  0.00462822  0.00404918  0.00262207  0.00444835  0.00463857  0.00440316  0.00371024  0.00285443  0.00166943  
0.000934181  0.00472435  0.00436457  0.00437901  0.00411631  0.00525947  0.00467186  0.00503246  0.00405842  0.0015849  0.003651  0.00013229  
0.000278863  0.000315299  0.000275563  0.000774565  0.00228108  0.00267056  0.00525564  0.00377743  0.00393453  0.00405404  0.00264088  0.000152865  
0.00123042  0.00463402  0.00404439  0.00498269  0.00419881  0.00345795  0.0050658  0.0049648  0.00491122  0.00279734  0.00427959  0.000209142  
0.000844519  0.00531498  0.00312979  0.00426308  0.00598212  0.00426749  0.00359635  0.00539806  0.00419701  0.004128  0.00561506  0.000489483  
0.000603662  0.00332176  0.00414997  0.00535637  0.00499488  0.00439859  0.00521386  0.00426819  0.00400635  0.00263664  0.00255707  0.00232749  
0.000463845  0.0049619  0.00393693  0.00503105  0.00457231  0.00499136  0.00526367  0.00485814  0.0043196  0.00447367  0.00128159  0.00107808  
0.000465589  0.00426601  0.00347745  0.00373847  0.00502519  0.00486124  0.00362754  0.00456427  0.003762  0.00427806  0.00463119  0.0016857  
0.000199528  0.000482508  0.000886341  0.00071977  0.000804822  0.0017884  0.00519327  0.00485322  0.00469254  0.00230041  0.00210308  0.00135254  
0.0021115  0.00254052  0.00365084  0.00232737  0.00222685  0.00419521  0.00341267  0.00540024  0.00317675  0.0038606  0.0031864  0.00150773  
0.000898829  0.00494076  0.00270174  0.00394109  0.00485404  0.00452293  0.00447684  0.00455533  0.00402224  0.000102488  0.00330152  0.0021457  
0.00214344  0.00283332  0.00479206  0.00375015  0.00405306  0.00272708  0.00466897  0.00537518  0.00406114  0.00439854  0.00234853  0.000710144  
0.00233224  0.0011962  0.00508401  0.00428691  0.00234841  0.00419242  0.00430315  0.00158787  0.0020691  0.00274057  0.00366514  7.89072e-05  
0.00120594  0.00344228  0.00446878  0.00288143  0.0045334  0.00334697  0.00452578  0.00599263  0.00434999  0.00325084  0.00463294  0.00103095  
0.000619688  0.00469674  0.00482412  0.0039364  0.00530637  0.00353154  0.00424992  0.00517998  0.00255355  0.00412296  0.0043284  0.000711702  
0.000451353  0.0044211  0.00403776  0.00432517  0.00678236  0.0033124  0.00331339  0.00294577  0.00448887  0.00427392  0.00482536  0.00199164  
0.000997492  0.00359722  0.000608517  0.00373979  0.00352418  0.00385227  0.00353435  0.00552308  0.00460123  0.00286741  0.00264065  0.000934784  
0.000711332  0.00192742  0.00468374  0.00501255  0.00521232  0.00472075  0.00490535  0.0048869  0.00434682  0.00159936  0.00376859  0.000456627  
0.00175  0.00398285  0.00316983  0.00441885  0.00452366  0.0054084  0.00391631  0.00399036  0.0047613  0.00447826  0.00403412  0.00107268  
0.000137514  0.00139694  0.0011245  0.000782078  0.0033224  0.00126484  0.00572681  0.00159419  0.00309287  0.00328292  0.00101943  0.00146813  

#One Block Std = 
0.00146679  0.000831062  0.00203705  0.00190095  0.00165667  0.00188853  0.00256957  0.00294953  0.00241174  0.00251433  0.00124824  0.00374568  
0.00168933  1.03765e+08  4.66386e+06  666100  12562.6  381460  984616  0.00045832  0.00164789  1.08149e+08  7.83776e+06  9.87806e-05  
0.00175  1.65844e+07  1  3.77841e+06  814712  1.27507e+06  0  3.60724e+07  1.87275e+07  9.94675e+07  4.97167e+08  0.00353923  
0.00148881  1.14242e+07  3.92055e+07  4.7645e+07  5.21842e+06  2.69548e+06  2.30649e+06  1.00125e+07  2.50522e+07  3.1617e+07  1.23877e+07  0.000263138  
0.00202523  4.56314e+07  3.73766e+06  2.18413e+07  6.39435e+06  3.40986e+06  2.82089e+07  9.66561e+06  1.37046e+08  2.27989e+08  2.06008e+08  0.00252639  
0.00239333  1.49319e+08  2.39802e+07  4.25612e+07  7.81405e+06  8.31049e+06  1.35909e+07  2.25228e+07  7.16338e+07  2.53084e+09  7.3863e+07  0.000340647  
0.000621085  2.35266e+08  2.71106e+09  1.91656e+08  321517  875126  1.72351e+07  5.25542e+07  4.31225e+08  6.19647e+08  8.8998e+08  0.000777811  
0.0015556  1.24882e+08  7.90185e+07  3.86335e+07  1.7923e+07  1.42683e+07  9.05847e+07  2.08166e+08  2.4299e+08  2.45918e+09  1.32564e+08  0.00127036  
0.0031079  3.45832e+07  1.1093e+08  9.59732e+06  4.0299e+06  6.82226e+07  4.55588e+06  6.37983e+07  1.16301e+09  2.29329e+09  1.38172e+08  0.00177996  
0.00139336  4.66795e+08  3.34719e+07  2.17617e+07  3.02044e+06  6.69854e+06  4.67361e+07  2.62881e+08  7.42022e+08  1.33351e+10  4.16782e+09  0.00305697  
0.00300555  1.10449e+08  5.40776e+07  2.2091e+07  5.14208e+07  7.65473e+07  3.91574e+07  2.72186e+08  1.07217e+09  3.30963e+09  7.81805e+09  0.00216883  
0.00244216  1.70386e+08  2.88308e+08  1.00371e+08  2.49608e+06  7.27702e+07  1.16379e+08  6.13462e+08  1.80469e+09  4.47397e+09  8.67506e+08  0.00372126  
0.000210423  6.31096e+09  9.86718e+09  3.97712e+08  3.49207e+06  936206  5.08285e+07  3.68214e+08  1.742e+09  6.17042e+09  1.25633e+10  0.0035386  
0.00394965  2.16043e+08  3.03761e+08  9.66516e+08  6.12544e+07  3.72424e+07  1.89989e+08  2.38322e+08  2.64775e+09  7.71766e+09  4.9056e+09  0.00379699  
0.0010408  2.74161e+08  4.84657e+08  2.40281e+07  1.06035e+07  7.05398e+07  9.94504e+07  2.15121e+08  3.32096e+09  7.04749e+12  6.42583e+09  0.00341337  
0.00198129  1.63245e+09  2.32224e+08  9.92858e+07  9.41213e+07  8.73941e+07  1.58131e+08  3.3862e+08  2.44572e+09  3.34269e+09  1.83784e+10  0.00120236  
0.00264383  2.38408e+09  3.30441e+07  5.2499e+07  3.96781e+07  9.54437e+07  1.06774e+07  1.43e+09  2.29739e+10  1.81292e+10  1.61417e+09  0.000353197  
0.00160672  3.05089e+08  1.36651e+08  3.99983e+07  2.05371e+08  3.84462e+07  8.95211e+07  7.14625e+07  1.47494e+09  7.97613e+09  1.93511e+09  0.00183471  
0.00122787  2.47859e+08  2.12511e+08  3.2031e+07  1.43048e+07  3.18575e+06  2.51427e+07  8.86158e+07  8.15754e+09  2.07987e+09  6.59729e+08  0.00113299  
0.0017604  1.04133e+08  6.7065e+07  5.13106e+06  461270  1.58402e+06  4.79872e+07  2.92385e+08  1.90254e+08  1.02309e+09  5.03934e+08  0.00278363  
0.00183094  2.57503e+07  6.86876e+09  2.79725e+06  41779.5  133601  5.51168e+06  6.79017e+06  1.52451e+08  3.16092e+09  2.30133e+09  0.00296363  
0.00108343  4.0278e+07  2.74532e+08  2.53306e+06  573611  0  2.74836e+06  2.19882e+07  3.10076e+08  2.72442e+10  3.83791e+08  0.00121246  
0.00175  2.26407e+08  3.64608e+07  55680.6  284162  41511.9  30428.7  3.75931e+06  9.45548e+07  3.56222e+08  5.14911e+08  0.0016675  
0.000800967  0.00139694  0.00179813  0.0014549  0.0023414  0.00198892  0.00305921  0.00165795  0.00215188  0.00200347  0.00153801  0.00324092  

#Number of events available for calibration = 
660  2247  2073  1667  1382  1080  714  334  1039  2760  1589  231  
1467  8840  7807  6703  4980  4558  3016  1214  4129  14083  5861  1270  
1241  5891  8647  9003  6621  6492  3757  6691  15694  26620  13452  2158  
2296  11928  15347  9979  8481  9307  10652  15343  26578  41458  24581  4029  
2897  13938  16678  13177  11311  11358  14402  20168  38760  53245  35545  4353  
2738  19157  18052  14642  10666  11442  14368  26186  44311  63358  34655  6380  
3849  6864  9133  9400  8810  8836  18066  31933  57744  74837  49450  14212  
3931  21076  19300  15577  13909  14536  22182  37249  62615  94403  48660  7365  
4149  21435  18039  16929  15076  17414  16088  36117  79241  110532  55862  8786  
5716  24099  27698  21823  18722  19876  28034  51006  87853  144943  80921  8907  
4375  26810  26586  24023  22275  23428  31199  54897  97087  134375  63287  12932  
4490  27946  32953  24775  20350  23490  31766  56677  93445  143559  89339  13920  
2653  15479  24643  10687  12795  15267  30019  54165  95717  125699  107477  15973  
4453  22981  29659  26398  20211  20268  29381  55868  88961  156484  119549  19608  
6617  27633  29187  24857  20079  22511  31231  56940  100214  83854  120110  23875  
5474  26915  32255  23658  18430  19387  30099  55732  91035  145439  149511  27978  
5403  24731  29034  21176  15599  17834  22414  38318  101540  155549  103878  23590  
5831  23834  25352  17555  15546  15504  24678  44111  86809  140172  97637  16027  
5050  23214  24947  17480  12491  12111  19378  36218  80881  102633  74505  12339  
4480  19843  20878  12844  8466  8726  13451  23956  52603  79226  52083  8565  
3866  16544  19821  10156  6350  7052  8034  19425  46270  78045  54184  7230  
3553  14855  17005  10235  6516  6486  8412  15478  39688  76494  44985  7876  
0  19834  15229  8927  5422  4736  4756  9054  26918  45206  34997  4432  
924  2515  3382  2250  1199  1074  956  2155  5147  8161  6667  1415  
