#HCal gain coefficients from SBS-4 obtained 8_1_2023 timestamp set --------[ 2021-10-21 00:00:00 ]
Total number of events available to calibrate for this set: 220623
--------[ 2021-10-21 00:00:00 ]
sbs.hcal.adc.gain =
0.00175  0.00266867  0.00263163  0.00180382  0.00263728  0.00388418  0.0032729  0.00332779  0.00145959  0.00145491  0.00222524  0.00374568  
0.00175  0.0028114  0.00311657  0.0025307  0.00405894  0.00486116  0.00333054  0.000773832  0.00252127  0.00208857  0.00104803  0.00256277  
0.00175  0.00198737  0.00238623  0.00430913  0.00278855  0.00335963  0.000363287  0.00113913  0.00200815  0.00325032  0.000705227  0.0031688  
0.00175  0.00370595  0.00207407  0.00306451  0.00331689  0.0036663  0.00422866  0.0042828  0.00340593  0.00384874  0.00369708  0.00296845  
0.00175  0.00289564  0.0022504  0.00358552  0.00391708  0.0030644  0.00406952  0.00377004  0.00395049  0.00381956  0.0029013  0.00464598  
0.00539881  0.00349153  0.00448787  0.00304349  0.00375916  0.00390164  0.00387628  0.00376272  0.00368679  0.00220399  0.00314926  0.00254265  
0.00169373  0.00130524  0.000499371  0.00105053  0.00160239  0.0018911  0.00409276  0.00350834  0.00380499  0.0035241  0.00326083  0.00311957  
0.0030827  0.00372947  0.00354749  0.00410409  0.00398681  0.00360393  0.0041814  0.00373573  0.00394307  0.00409366  0.00358471  0.00326762  
0.00512732  0.00316712  0.00261164  0.00344284  0.00407833  0.00357008  0.00269456  0.00382326  0.00341881  0.00354069  0.00345132  0.00300717  
0.00260136  0.00288451  0.00337378  0.00403287  0.00381198  0.00336809  0.00390829  0.00362083  0.00378691  0.00366945  0.00291311  0.00305697  
0.00607633  0.00348856  0.00373941  0.00340028  0.00397409  0.00361273  0.00390206  0.00374381  0.00369649  0.00392761  0.00188028  0.00216883  
0.0072298  0.00351787  0.00279565  0.00378837  0.0039464  0.00379998  0.00351333  0.00376323  0.00345517  0.00408954  0.00513079  0.00372126  
0.00234592  0.00113124  0.002047  0.000349804  0.00129677  0.00170089  0.00402288  0.00376448  0.00401382  0.00244221  0.00285002  0.0035386  
0.00660769  0.00187324  0.00380102  0.00320357  0.0025645  0.00374375  0.0033876  0.0039752  0.00301786  0.00384561  0.00360276  0.00379699  
0.00212358  0.00436034  0.002784  0.00335297  0.00370187  0.00379427  0.003603  0.00376664  0.00380142  0.000342218  0.00296277  0.00341337  
0.00335189  0.00226973  0.00417401  0.00353388  0.0032134  0.00282637  0.00396858  0.00406026  0.00349856  0.00356788  0.00334314  0.00356526  
0.00349821  0.00207757  0.00403573  0.00370012  0.00208306  0.00387458  0.00307082  0.00185717  0.00320834  0.00268076  0.00362239  0.00340549  
0.00274887  0.00280964  0.00395978  0.00277742  0.00366665  0.00321317  0.00393939  0.00414705  0.00374169  0.00317923  0.00409142  0.00366691  
0.0050249  0.00292725  0.00399142  0.00300782  0.00422684  0.0032828  0.00349284  0.00376821  0.00303211  0.00337149  0.00369052  0.0037875  
0.00432152  0.0028822  0.0033263  0.00347412  0.00411259  0.00334474  0.00351754  0.00280423  0.00364167  0.00401237  0.00432813  0.00372496  
0.0045194  0.00289505  0.00570356  0.0032781  0.00327939  0.00367401  0.00287404  0.00425624  0.00397668  0.00325994  0.00323758  0.00445164  
0.00265122  0.00206662  0.00425977  0.00410225  0.00414255  0.00434093  0.00423807  0.0039372  0.0037356  0.00286016  0.00336968  0.00348861  
0.00175  0.00403728  0.00294341  0.00330931  0.00363808  0.00412496  0.00338298  0.00353562  0.00400934  0.00339857  0.00421954  0.0049172  
0.00731553  0.00733844  0.00269888  0.00320651  0.00473551  0.00355762  0.00560185  0.00256847  0.00319719  0.0035297  0.003072  0.00416878  

#One Block Std = 
0.00175  0.00266867  0.00263163  0.00180382  0.00263728  0.00185798  0.0024062  0.00332779  0.00145959  0.00145491  0.00222524  0.00374568  
0.00175  0.0028114  0.00311657  0.0025307  0.00220669  0.00193068  0.0100881  0.00033258  0.000987108  0.00208857  0.00104803  0.00256277  
0.00175  0.00198737  0.00238623  0.00245061  0.00215401  0.00192553  0.000814091  0.00111288  0.00151991  0.00215693  0.000868816  0.0031688  
0.00175  0.00370595  0.00207407  0.00228005  0.00622645  0.00527068  0.00489597  0.00628719  0.00164712  0.00208062  0.00191594  0.00296845  
0.00175  0.00289564  0.00231741  0.00213534  0.00417869  0.00608536  0.0057977  0.00572352  0.00415372  0.00202092  0.00184944  0.00272894  
0.00539881  0.00349153  0.00254019  0.00170834  0.00380075  0.00497621  0.00382586  0.00467434  0.00478526  0.00153972  0.00173477  0.00254265  
0.00169373  0.00130524  0.000966914  0.00134621  0.00430838  0.00309717  0.0044115  0.00381244  0.00570986  0.00200068  0.00173649  0.00311957  
0.0030827  0.00372947  0.00255013  0.00335436  0.00465617  0.00363979  0.00443245  0.00672623  0.00670029  0.00208202  0.00197725  0.00326762  
0.00512732  0.00316712  0.002374  0.00224892  0.00552023  0.00388807  0.00321553  0.00305411  0.00378014  0.00190801  0.00176975  0.00300717  
0.00260136  0.00288451  0.00222348  0.00463786  0.00496111  0.00402827  0.00451466  0.0050726  0.00389832  0.00194299  0.00155949  0.00305697  
0.00607633  0.00348856  0.00235369  0.00480536  0.00420991  0.00349605  0.00456455  0.00552596  0.00477569  0.00197599  0.00126722  0.00216883  
0.0072298  0.00307353  0.00188761  0.00310421  0.00375427  0.00304742  0.00328671  0.00431894  0.00306346  0.0020961  0.00240923  0.00372126  
0.00234592  0.00167112  0.00173693  0.00167957  0.00146105  0.000526371  0.00548219  0.00461863  0.00428447  0.00176972  0.00228241  0.0035386  
0.00660769  0.00254332  0.00232964  0.00393728  0.00172418  0.0049075  0.00561958  0.00413097  0.00398975  0.0022929  0.00270455  0.00379699  
0.00212358  0.0031528  0.00169967  0.0030562  0.00372996  0.00287837  0.00396827  0.00407124  0.0034313  0.000282054  0.00250264  0.00341337  
0.00335189  0.00267784  0.0023822  0.00488916  0.00253734  0.00334002  0.00395798  0.00303857  0.00332433  0.0022379  0.00274045  0.00356526  
0.00349821  0.00208082  0.00243457  0.00384178  0.00189019  0.00305758  0.00306347  0.00242967  0.00322754  0.00201467  0.00268893  0.00340549  
0.00274887  0.00280964  0.00227678  0.00338426  0.0040367  0.00351304  0.00465848  0.00389264  0.00344617  0.00209136  0.00277177  0.00366691  
0.0050249  0.00292725  0.00225719  0.00425531  0.0043699  0.0030673  0.0041328  0.00431118  0.0028628  0.00229904  0.00274889  0.0037875  
0.00432152  0.0028822  0.00217111  0.00432608  0.00445352  0.00333408  0.00386194  0.00311809  0.00242812  0.00240198  0.00296171  0.00372496  
0.0045194  0.00289505  0.00467872  0.0033604  0.00195299  0.00307301  0.0022304  0.00445234  0.00438266  0.00373059  0.00226239  0.00410904  
0.00265122  0.00206662  0.00225118  0.00200294  0.00485856  0.00438641  0.00534732  0.00399258  0.00389672  0.0025129  0.00230078  0.00338812  
0.00175  0.00403728  0.00184311  0.00188862  0.00232804  0.00518408  0.00355624  0.00490933  0.00362436  0.0043229  0.00262937  0.00308539  
0.00731553  0.00733844  0.00269888  0.00236267  0.00204097  0.00246712  0.00241754  0.00240661  0.00195007  0.00151657  0.00263376  0.00416878  

#Number of events available for calibration = 
0  0  1  4  57  177  170  61  16  11  7  0  
0  0  0  42  245  622  727  187  117  88  40  12  
0  0  28  224  997  1579  1156  837  546  303  179  34  
0  2  75  578  2207  3823  3845  2603  1475  913  423  72  
0  3  119  970  3012  4531  4760  3810  2880  1810  728  109  
0  12  194  1330  3146  4582  4950  4073  3204  2180  734  92  
1  27  314  1689  3179  4568  4576  3804  2809  1581  473  61  
1  29  424  2122  4480  5434  5261  4051  2656  1261  379  40  
0  42  499  1870  3826  4730  4013  4124  3204  1680  466  68  
5  92  866  3115  4958  5182  4538  3612  2623  1480  421  54  
3  97  1046  4096  6123  6232  5348  4501  3156  1458  338  39  
5  108  1175  3917  5285  5211  4965  4769  3350  1432  280  39  
17  163  1078  1657  4395  4366  4808  4638  3303  1330  323  35  
5  123  1001  3470  5170  4932  4651  4355  2796  1263  235  27  
5  129  1030  3967  5834  6056  5099  4439  3170  776  275  32  
6  143  1037  4095  5811  5590  5330  4798  3571  1668  335  41  
5  113  951  3713  5437  5745  5265  4311  3913  2123  422  79  
2  74  727  3084  5448  5685  5626  5172  4108  2288  562  84  
4  51  560  2609  4658  5510  5344  4709  3932  2098  619  92  
0  30  470  1811  3524  4590  4047  3492  2690  1734  548  70  
2  24  288  1329  3069  3282  2800  3109  3213  2549  932  138  
0  16  199  979  1999  3022  3844  4070  3999  3132  1156  205  
0  8  118  615  1450  2500  2889  3058  3227  2551  994  154  
0  2  23  148  314  560  588  750  738  555  288  47  




#HCal gain coefficients from SBS-4 obtained 8_1_2023 timestamp set -------[ 2021-10-24 04:30:00 ]
Total number of events available to calibrate for this set: 92089
-------[ 2021-10-24 04:30:00 ]
sbs.hcal.adc.gain =
0.00175  0.00266867  0.00263163  0.00180382  0.00135237  0.00281749  0.00686478  0.00332779  0.00145959  0.00145491  0.00222524  0.00374568  
0.00175  0.0028114  0.00168388  0.004486  0.00423923  0.00466566  0.00289206  0.00103394  0.00418434  0.00264688  0.00104803  0.00256277  
0.00175  0.000549083  0.000775478  0.00431357  0.003621  0.00387166  0.00159487  0.00212872  0.00231504  0.00400221  0.000245303  0.0031688  
0.00175  0.00165191  0.00138037  0.00292012  0.00358996  0.00345379  0.00464765  0.00500582  0.00438081  0.00439841  0.00191594  0.00296845  
0.00175  0.00131023  0.0015652  0.00443258  0.00406574  0.00296931  0.00368492  0.00360797  0.00391376  0.00509329  0.00184944  0.00272894  
0.00539881  0.00224432  0.00157432  0.00310681  0.00357451  0.00431518  0.00420491  0.00394331  0.00390518  0.00195996  0.00173477  0.00254265  
0.00169373  0.000275533  0.000298944  0.00127857  0.00256356  0.00200772  0.00376137  0.00354339  0.00420879  0.00421573  0.00272968  0.00311957  
0.0030827  0.00186074  0.0033756  0.0042952  0.00404357  0.00358879  0.00423281  0.00372108  0.00346207  0.00337379  0.0038808  0.00326762  
0.00512732  0.00154451  0.00327636  0.0030641  0.00434479  0.00347444  0.00358709  0.00364704  0.00360344  0.00367933  0.00325354  0.00300717  
0.00260136  0.00148176  0.00320102  0.00438555  0.00389522  0.00347093  0.0040882  0.00389592  0.00380859  0.00367604  0.00301665  0.00305697  
0.00607633  0.00171058  0.00230635  0.0036684  0.00415975  0.0037584  0.0037925  0.00382084  0.00393469  0.00437694  0.00245097  0.00216883  
0.0072298  0.00174206  0.00337122  0.00368194  0.00396352  0.00407403  0.00383433  0.00376228  0.00343222  0.00469182  0.00420081  0.00372126  
0.000449533  0.000488912  0.00183936  0.0014374  0.000974701  0.00256435  0.0040121  0.00378115  0.00398652  0.00255529  0.00348898  0.0035386  
0.00660769  0.00120219  0.0036164  0.00270609  0.00270387  0.00359818  0.003701  0.00395033  0.00352865  0.00380468  0.00455236  0.00379699  
0.00212358  0.0017905  0.00305202  0.0034407  0.00390631  0.00372373  0.00366787  0.0035844  0.00392047  0.000309148  0.00364538  0.00341337  
0.00335189  0.00127896  0.00484811  0.00383631  0.00337979  0.00303779  0.00416273  0.0043006  0.00358191  0.00380829  0.00324832  0.00356526  
0.00349821  0.000794794  0.003531  0.00381037  0.00196092  0.00371398  0.0035492  0.00214644  0.00308709  0.00270291  0.00333623  0.00340549  
0.00274887  0.00140077  0.00410872  0.00295914  0.00386427  0.00310922  0.00404002  0.00422705  0.00351608  0.00338294  0.0047086  0.00366691  
0.0050249  0.00292725  0.00465828  0.0029699  0.00428039  0.00342993  0.00338927  0.00379006  0.00329045  0.00347143  0.00333753  0.0037875  
0.00432152  0.00164664  0.00407865  0.0038079  0.00535248  0.00331513  0.0038303  0.00294531  0.00364756  0.00389112  0.00467343  0.00372496  
0.0045194  0.00171242  0.000476805  0.00339719  0.00353851  0.00376001  0.00274673  0.00432317  0.00398875  0.00348416  0.00316544  0.00410904  
0.00265122  0.00116889  0.00489653  0.00419481  0.00420768  0.00422079  0.00460085  0.00396309  0.00401405  0.00324447  0.00361348  0.00338812  
0.00175  0.00403728  0.00277857  0.00370098  0.00373807  0.00418816  0.00328122  0.00363625  0.00412398  0.00338935  0.00496063  0.00308539  
0.00731553  0.00733844  0.00269888  0.00284533  0.00309502  0.00377813  0.00554818  0.00409225  0.002882  0.00413569  0.00263376  0.00416878  

#One Block Std = 
0.00175  0.00266867  0.00263163  0.00180382  0.00263728  0.00185798  0.0024062  0.00332779  0.00145959  0.00145491  0.00222524  0.00374568  
0.00175  0.0028114  0.00168388  0.00165362  0.00176223  0.00191629  0.00127553  0.00033258  0.000987108  0.00208857  0.00104803  0.00256277  
0.00175  0.000549083  0.000775478  0.00143323  0.00133923  0.00150582  0.000878316  0.00116677  0.00122135  0.00180183  0.000868816  0.0031688  
0.00175  0.00165191  0.00138037  0.00117046  0.00117154  0.00130065  0.00923165  0.00168174  0.00171157  0.00208062  0.00191594  0.00296845  
0.00175  0.00131023  0.0015652  0.00146996  0.00437691  0.00570374  0.00648294  0.0015631  0.00183514  0.00202092  0.00184944  0.00272894  
0.00539881  0.00224432  0.00157432  0.00144749  0.00150163  0.00796166  0.00585158  0.00165062  0.00156161  0.00147743  0.00173477  0.00254265  
0.00169373  0.000275533  0.000298944  0.000599265  0.00105645  0.00086871  0.00160354  0.00151191  0.00183094  0.00200068  0.00173649  0.00311957  
0.0030827  0.00186074  0.00144928  0.00551608  0.00630689  0.00586876  0.00421708  0.00180068  0.00199998  0.00208202  0.00197725  0.00326762  
0.00512732  0.00154451  0.000979505  0.00125333  0.00538906  0.00412678  0.00441437  0.00500329  0.00435464  0.00190801  0.00176975  0.00300717  
0.00260136  0.00148176  0.00146341  0.00399072  0.00474442  0.00276859  0.00444371  0.00450492  0.00169573  0.00209187  0.00155949  0.00305697  
0.00607633  0.00171058  0.00137975  0.00414893  0.00375701  0.00393752  0.00452472  0.00390725  0.00559389  0.00197599  0.00126722  0.00216883  
0.0072298  0.00174206  0.00140851  0.00501031  0.00497779  0.00457565  0.00332733  0.00407301  0.00154032  0.00213906  0.00240923  0.00372126  
0.000449533  0.000488912  0.000590922  0.000582451  0.00135916  0.00206307  0.00334741  0.00481417  0.00315085  0.00142471  0.00228241  0.0035386  
0.00660769  0.00120219  0.00137378  0.0032777  0.00419001  0.00432188  0.00523525  0.00178457  0.00133372  0.00214296  0.00270455  0.00379699  
0.00212358  0.0017905  0.00117037  0.00307988  0.0048959  0.00514542  0.00434655  0.00305728  0.0047313  0.000244951  0.00250264  0.00341337  
0.00335189  0.00127896  0.00148071  0.00558461  0.00343404  0.00363242  0.00446249  0.00468453  0.00599107  0.00191438  0.00274045  0.00356526  
0.00349821  0.000794794  0.00150729  0.00399211  0.00253208  0.0039122  0.00350085  0.00262011  0.00325098  0.00155438  0.00195526  0.00340549  
0.00274887  0.00140077  0.00135238  0.00427523  0.00307385  0.00251971  0.00457147  0.00423729  0.00382259  0.0015361  0.00244788  0.00366691  
0.0050249  0.00292725  0.00159332  0.00406048  0.00561185  0.00329601  0.00395347  0.00265332  0.0031579  0.00149605  0.0020386  0.0037875  
0.00432152  0.00164664  0.00152238  0.0041499  0.00419977  0.00395459  0.0042002  0.0030603  0.00280182  0.00155701  0.00168128  0.00372496  
0.0045194  0.00171242  0.000476805  0.00327249  0.00463134  0.00432462  0.00164095  0.00447364  0.00463015  0.00131706  0.00138985  0.00410904  
0.00265122  0.00116889  0.00190811  0.00166903  0.00548936  0.00384829  0.00461377  0.00361232  0.00583776  0.00105741  0.00183152  0.00338812  
0.00175  0.00403728  0.00184311  0.00188862  0.00437841  0.00563159  0.00368102  0.00142973  0.00163888  0.00171401  0.00262937  0.00308539  
0.00731553  0.00733844  0.00269888  0.00236267  0.00204097  0.00246712  0.00241754  0.00240661  0.00195007  0.00151657  0.00263376  0.00416878  

#Number of events available for calibration = 
0  0  4  40  138  193  109  29  34  42  16  3  
0  0  16  168  499  739  452  119  155  211  43  11  
0  0  29  257  701  997  457  465  489  346  105  7  
0  3  63  399  879  1176  1078  828  630  346  89  11  
0  4  69  524  1133  1397  1315  923  550  262  92  13  
0  4  55  376  671  1181  1269  1142  695  338  95  12  
0  4  86  557  816  905  1079  946  768  361  147  15  
1  25  199  835  1490  1913  2020  1476  853  404  154  28  
0  19  154  858  1803  2371  1794  1858  1526  785  233  39  
1  19  252  1175  2245  2809  2764  2284  1577  955  313  37  
1  17  217  1224  2408  3076  2801  2374  1727  841  181  37  
3  27  290  1342  2520  2948  2347  2186  1408  693  144  22  
0  15  158  522  1532  1850  2316  2182  1532  660  167  13  
0  28  202  930  1626  1842  1691  1668  1059  569  123  21  
2  33  372  1527  2634  2618  2369  2045  1456  376  144  11  
2  49  373  1271  2302  2259  2172  2012  1379  687  163  23  
4  29  355  1185  1962  2168  1941  1601  1233  622  133  24  
1  34  320  1088  1866  1834  1887  1752  1299  678  157  24  
3  34  293  1146  1745  1840  2255  2077  1532  810  231  31  
1  22  292  949  1666  1844  1870  1665  1374  789  207  28  
0  14  87  824  1404  1589  1515  1584  1393  741  193  28  
1  10  136  719  1365  1634  1651  1502  1274  665  233  42  
0  8  114  581  1027  1192  1064  988  993  712  234  32  
0  1  50  138  248  277  244  233  263  152  51  11  


