#HCal gain coefficients from SBS-11 obtained 6_16_2023 timestamp set --------[ 2021-11-25 00:00:00 ]
Total number of events available to calibrate for this set: 3129
--------[ 2021-11-25 00:00:00 ]
sbs.hcal.adc.gain =
0.00175  0.00266867  0.00263163  0.00180382  0.000921732  0.00195353  0.00490403  0.00332779  0.00145959  0.00145491  0.00222524  0.00374568  
0.00175  0.0028114  0.00168388  0.00332434  0.00314473  0.0034731  0.00225216  0.000740405  0.00303036  0.00208178  0.00104803  0.00256277  
0.00175  0.000549083  0.000775478  0.00317104  0.00270364  0.0029086  0.00117877  0.00154544  0.00168044  0.00296136  0.000868816  0.0031688  
0.00175  0.00165191  0.00138037  0.00224404  0.00263961  0.00256273  0.00347867  0.0037064  0.00328696  0.00327693  0.00191594  0.00296845  
0.00175  0.00131023  0.0015652  0.00330966  0.00304467  0.00222358  0.00275146  0.00265754  0.00292414  0.00373401  0.00184944  0.00272894  
0.00539881  0.00224432  0.00157432  0.00229623  0.00263566  0.00321864  0.00312843  0.00292278  0.00291499  0.00148887  0.00173477  0.00254265  
0.00169373  0.000275533  0.000298944  0.00101763  0.0019172  0.00151139  0.00278769  0.00262965  0.00310689  0.00314438  0.00192148  0.00311957  
0.0030827  0.00186074  0.00247412  0.00320663  0.00299645  0.00267486  0.00715065  0.00569963  0.00255239  0.0027352  0.0029347  0.00326762  
0.00512732  0.00154451  0.00242579  0.00226514  0.00324905  0.00508687  0.00506445  0.00496845  0.00674905  0.00273689  0.0022681  0.00300717  
0.00260136  0.00148176  0.00234218  0.00328736  0.00290001  0.00477792  0.00455375  0.00453195  0.00435694  0.00273946  0.00222436  0.00305697  
0.00607633  0.00171058  0.00174422  0.00273141  0.0030873  0.00520874  0.00436307  0.00300744  0.00416735  0.00327175  0.00177084  0.00216883  
0.0072298  0.00174206  0.00247885  0.0027353  0.00758344  0.00423496  0.00445903  0.00411152  0.00654422  0.00344876  0.0030681  0.00372126  
0.000449533  0.000488912  0.00134137  0.00104507  0.000691915  0.00217182  0.00486681  0.00329968  0.00598533  0.00192609  0.00244543  0.0035386  
0.00660769  0.00120219  0.00269212  0.00199829  0.00511756  0.00464011  0.00439312  0.00440095  0.00491856  0.00285728  0.00344221  0.00379699  
0.00212358  0.0017905  0.00242137  0.00258269  0.00725846  0.00360316  0.00367483  0.00343736  0.00468772  0.000230528  0.00265986  0.00341337  
0.00335189  0.00127896  0.00350573  0.0028556  0.00251687  0.00486868  0.00477175  0.00549983  0.00435692  0.00762819  0.0023819  0.00356526  
0.00349821  0.000794794  0.00283036  0.00287229  0.00145326  0.00785276  0.00408577  0.00178599  0.00249148  0.00252353  0.00254009  0.00340549  
0.00274887  0.00140077  0.0030178  0.00218934  0.00287  0.00725279  0.00404209  0.00515057  0.00417671  0.00251638  0.00341481  0.00366691  
0.0050249  0.00292725  0.00352249  0.00220013  0.00322986  0.00260404  0.00546837  0.00554388  0.00317105  0.0062926  0.00247532  0.0037875  
0.00432152  0.00164664  0.00296994  0.00293993  0.00397229  0.00245873  0.00285217  0.00219823  0.00281691  0.00292412  0.00342642  0.00372496  
0.0045194  0.00171242  0.000476805  0.00252565  0.00265576  0.00278768  0.00224931  0.00320511  0.00298463  0.00256446  0.00234993  0.00410904  
0.00265122  0.00116889  0.00358786  0.0031272  0.00313889  0.00314174  0.00342513  0.00295781  0.00296986  0.00243068  0.002633  0.00338812  
0.00175  0.00403728  0.00217687  0.0027295  0.00278951  0.00316875  0.00244585  0.00276183  0.00308229  0.00252474  0.00371721  0.00308539  
0.00731553  0.00733844  0.00269888  0.00244858  0.00230674  0.00274973  0.00424888  0.00295358  0.00223868  0.00294597  0.00263376  0.00416878  

#One Block Std = 
0.00175  0.00266867  0.00263163  0.00180382  0.000921732  0.00195353  0.00490403  0.00332779  0.00145959  0.00145491  0.00222524  0.00374568  
0.00175  0.0028114  0.00168388  0.00332434  0.00314473  0.0034731  0.00225216  0.000740405  0.00303036  0.00208178  0.00104803  0.00256277  
0.00175  0.000549083  0.000775478  0.00317104  0.00270364  0.0029086  0.00117877  0.00154544  0.00168044  0.00296136  0.000868816  0.0031688  
0.00175  0.00165191  0.00138037  0.00224404  0.00263961  0.00256273  0.00347867  0.0037064  0.00328696  0.00327693  0.00191594  0.00296845  
0.00175  0.00131023  0.0015652  0.00330966  0.00304467  0.00222358  0.00275146  0.00265754  0.00292414  0.00373401  0.00184944  0.00272894  
0.00539881  0.00224432  0.00157432  0.00229623  0.00263566  0.00321864  0.00312843  0.00292278  0.00291499  0.00148887  0.00173477  0.00254265  
0.00169373  0.000275533  0.000298944  0.00101763  0.0019172  0.00151139  0.00278769  0.00262965  0.00310689  0.00314438  0.00192148  0.00311957  
0.0030827  0.00186074  0.00247412  0.00320663  0.00299645  0.00267486  0.00315139  0.00275911  0.00255239  0.0027352  0.0029347  0.00326762  
0.00512732  0.00154451  0.00242579  0.00226514  0.00324905  0.00258597  0.0026919  0.00269907  0.00268981  0.00273689  0.0022681  0.00300717  
0.00260136  0.00148176  0.00234218  0.00328736  0.00290001  0.00258305  0.00305131  0.00288905  0.00282291  0.00273946  0.00222436  0.00305697  
0.00607633  0.00171058  0.00174422  0.00273141  0.0030873  0.00281661  0.00283337  0.00284305  0.00293544  0.00327175  0.00177084  0.00216883  
0.0072298  0.00174206  0.00247885  0.0027353  0.00297332  0.0030362  0.00289995  0.00287561  0.00256074  0.00344876  0.0030681  0.00372126  
0.000449533  0.000488912  0.00134137  0.00104507  0.000722682  0.00190471  0.00297231  0.00282544  0.00297699  0.00192609  0.00244543  0.0035386  
0.00660769  0.00120219  0.00269212  0.00199829  0.00203567  0.00275569  0.00274169  0.00297223  0.00261559  0.00285728  0.00344221  0.00379699  
0.00212358  0.0017905  0.00242137  0.00258269  0.00290595  0.00276861  0.0027632  0.00264513  0.00291497  0.000230528  0.00265986  0.00341337  
0.00335189  0.00127896  0.00350573  0.0028556  0.00251687  0.00227161  0.00308041  0.0032748  0.00265912  0.00284344  0.0023819  0.00356526  
0.00349821  0.000794794  0.00283036  0.00287229  0.00145326  0.00278917  0.00269538  0.00159475  0.00234071  0.00198557  0.00254009  0.00340549  
0.00274887  0.00140077  0.0030178  0.00218934  0.00287  0.00230722  0.00297623  0.00319903  0.0026244  0.00257019  0.00341481  0.00366691  
0.0050249  0.00292725  0.00352249  0.00220013  0.00322986  0.00260404  0.00249702  0.00281817  0.00244689  0.00258959  0.00247532  0.0037875  
0.00432152  0.00164664  0.00296994  0.00293993  0.00397229  0.00245873  0.00285217  0.00219823  0.00281691  0.00292412  0.00342642  0.00372496  
0.0045194  0.00171242  0.000476805  0.00252565  0.00265576  0.00278768  0.00224931  0.00320511  0.00298463  0.00256446  0.00234993  0.00410904  
0.00265122  0.00116889  0.00358786  0.0031272  0.00313889  0.00314174  0.00342513  0.00295781  0.00296986  0.00243068  0.002633  0.00338812  
0.00175  0.00403728  0.00217687  0.0027295  0.00278951  0.00316875  0.00244585  0.00276183  0.00308229  0.00252474  0.00371721  0.00308539  
0.00731553  0.00733844  0.00269888  0.00244858  0.00230674  0.00274973  0.00424888  0.00295358  0.00223868  0.00294597  0.00263376  0.00416878  

#Number of events available for calibration = 
0  0  0  0  0  0  0  0  0  0  0  0  
0  0  0  0  0  0  0  0  0  0  0  0  
0  0  0  0  0  0  0  0  0  0  0  0  
0  0  0  0  0  0  0  0  0  0  0  0  
0  0  0  0  0  0  0  0  1  2  0  0  
0  0  0  0  0  2  12  10  9  4  1  0  
0  0  0  1  3  20  68  63  49  29  8  1  
0  0  0  0  18  81  154  133  93  43  12  2  
0  0  0  0  29  153  201  191  116  43  7  2  
0  0  0  10  73  178  267  218  109  24  5  0  
0  0  0  15  96  266  354  254  109  25  1  0  
0  0  2  20  146  354  402  342  141  28  4  1  
0  0  0  16  135  406  562  470  215  44  8  0  
0  0  0  22  125  433  599  520  252  84  8  0  
0  0  0  17  113  356  553  465  264  41  15  1  
0  0  0  9  73  265  488  529  274  110  15  2  
0  0  0  4  32  166  366  399  295  133  39  5  
0  0  0  1  13  113  292  402  293  133  40  6  
0  0  0  2  5  44  156  212  167  109  31  7  
0  0  0  0  1  10  52  68  74  45  8  2  
0  0  0  0  0  3  10  14  22  11  3  1  
0  0  0  0  0  3  4  7  7  6  2  1  
0  0  0  0  1  0  1  2  4  3  0  0  
0  0  0  0  0  0  0  0  2  1  0  0  


