#HCal gain coefficients from SBS-9 obtained 5_31_2023 timestamp set --------[ 2022-02-02 00:00:00 ]
--------[ 2022-02-02 00:00:00 ]
sbs.hcal.adc.gain =
0.00146679  0.000831062  0.00203705  0.00190095  0.00165667  0.00188853  0.00256957  0.00294953  0.00241174  0.00251433  0.00124824  0.00374568  
0.00168933  0.00232799  0.00177173  0.0019004  0.00222009  0.00224245  0.0011782  0.00045832  0.00164789  0.00125174  0.00113209  9.87806e-05  
0.00175  0.000358355  0.000661787  0.00176044  0.00156866  0.00186573  0.000803681  0.00100105  0.00118397  0.00232435  0.000305738  0.00353923  
0.00148881  0.00341305  0.00304383  0.00136127  0.00131844  0.00147851  0.00203585  0.00221248  0.00419826  0.00336426  0.00376035  8.95611e-06  
0.00367494  0.00242717  0.00356257  0.00298521  0.00223743  0.0012873  0.00192618  0.00444222  0.00362247  0.00334024  0.00255304  0.00192948  
0.000957984  0.00382134  0.00363147  0.00360869  0.00319269  0.00494323  0.00399495  0.00454565  0.00342554  0.00134649  0.00344024  8.68393e-05  
0.000319877  0.000242597  0.000216883  0.000717982  0.00180008  0.00236817  0.00398649  0.00308398  0.00341135  0.00345178  0.00228416  0.000493945  
0.00144413  0.00365428  0.0032856  0.0037347  0.00338195  0.0030658  0.00441083  0.00452739  0.00420391  0.00249594  0.00372647  1.52808e-06  
0.00220226  0.00400267  0.00255595  0.00344281  0.00462881  0.00364234  0.00291703  0.00472319  0.00357524  0.00361041  0.0047822  0.000846123  
0.000658941  0.0026815  0.00332987  0.0043385  0.00404147  0.00384104  0.00486806  0.00384687  0.00351989  0.00241482  0.00220486  0.00348363  
0.00139473  0.00407748  0.00318052  0.00404228  0.00349911  0.00429403  0.00432403  0.00420463  0.00370084  0.00380637  0.0011284  0.00163103  
0.00122095  0.00341883  0.00269222  0.00296124  0.00394331  0.00407566  0.00321157  0.00414353  0.00310666  0.00357908  0.0040028  0.00292865  
0.000179662  0.000403495  0.000728653  0.000620233  0.000948126  0.00150615  0.00447751  0.00417199  0.00396676  0.00198482  0.00183362  0.0023652  
0.00345999  0.00195252  0.00278583  0.00167628  0.00172747  0.00389963  0.00304119  0.00447583  0.00249108  0.00320308  0.00269943  0.00289038  
0.000982618  0.00411499  0.0019686  0.00323831  0.00374317  0.00354986  0.00373294  0.0039348  0.00333564  8.86743e-05  0.00278809  0.00337463  
0.00144767  0.00224209  0.00378258  0.00264946  0.00335863  0.00209247  0.0039509  0.00448983  0.00334946  0.00382071  0.00196894  0.00108994  
0.00215307  0.00098977  0.00393258  0.00349345  0.00202799  0.00456002  0.00419134  0.0016493  0.00169449  0.00237128  0.00310356  0.000276453  
0.0013974  0.00281011  0.00316518  0.00258471  0.00180594  0.00146771  0.00207316  0.00508177  0.00360771  0.00273423  0.00394414  0.00180775  
0.00178125  0.00595422  0.00417116  0.00387756  0.00198368  0.00153398  0.00188473  0.00439789  0.00210992  0.00354396  0.00372073  0.00094503  
0.0013764  0.00342483  0.00337998  0.00386738  0.00238141  0.0014215  0.00159417  0.00294879  0.00365926  0.00362444  0.004003  0.00249283  
0.00166066  0.00273161  0.000291203  0.00365645  0.00146833  0.0015579  0.0014757  0.00374757  0.00392692  0.00238068  0.00217092  0.0025878  
0.000855011  0.00134333  0.00353684  0.0020007  0.00219503  0.00221985  0.00210329  0.00480612  0.00374551  0.00136689  0.00324042  0.000777597  
0.00175  0.00326184  0.00271618  0.0019047  0.00188023  0.00204168  0.00169123  0.0017457  0.00347354  0.00370168  0.00341561  0.00213654  
0.000445726  0.00139694  0.00239987  0.0014549  0.0023414  0.00198892  0.00305921  0.00165795  0.00382684  0.00289332  0.000846856  0.00298449  

#One Block Std = 
0.00146679  0.000831062  0.00203705  0.00190095  0.00165667  0.00188853  0.00256957  0.00294953  0.00241174  0.00251433  0.00124824  0.00374568  
0.00168933  0.00232799  0.00177173  0.0019004  0.00222009  0.00224245  0.0011782  0.00045832  0.00164789  0.00125174  0.00113209  9.87806e-05  
0.00175  0.000358355  0.000661787  0.00176044  0.00156866  0.00186573  0.000803681  0.00100105  0.00118397  0.00135675  0.000378135  0.00353923  
0.00148881  0.00191133  0.00144495  0.00136127  0.00131844  0.00147851  0.00203585  0.00221248  0.00210404  0.00239501  0.0020739  0.000263138  
0.00202523  0.00142865  0.00178022  0.00180413  0.00175456  0.0012873  0.00192618  0.00194775  0.00210063  0.00190325  1  0.00252639  
0.00239333  0  0.0017505  0.00173316  0.00175447  0.00208935  0.00166582  0.00215872  0.00189143  0  0.00197186  0.000340647  
0.000621085  0.000205324  0.000194254  0.000492299  0.00107841  0.00109915  0.00211017  0.00176524  0  0  0  0.000777811  
0.0015556  577640  0  0.00193626  0.00169648  0.00150341  0.0021674  0.00224906  400428  362294  0  0.00127036  
0.0031079  0  0.00112689  0.00159578  0.00211144  0.00178647  0.00145588  0.00205444  0  0  143742  0.00177996  
0.00139336  0  121153  0  0.0019219  0.00183599  0.00223549  0  0  0  6.50566e+06  0.00305697  
0.00300555  0  56597.2  0  0.00196961  0.0021964  0.00224821  0  766265  41124.6  0  0.00216883  
0.00244216  21465.6  0  228372  0.00199953  0.0020939  0.00173012  0  33776.7  0  0  0.00372126  
0.000210423  0  0  0.000456588  0.000601029  0.000976462  0.00210572  0  29391.5  0  3.08519e+06  0.0035386  
0.00394965  0  0  0  0.00107256  0.00182392  0.00158424  697548  0  6.71608e+06  834737  0.00379699  
0.0010408  36822.1  0  0  0.00193947  0.00190504  0.00198141  0.00210047  0  0  1.02721e+06  0.00341337  
0.00198129  0  0  0.00150723  0.00165446  0.00130678  0.00201339  0.00233514  0  389030  287087  0.00120236  
0.00264383  0  0.0018129  0.00157516  0.00112748  0.00177428  0.00174115  0.000947641  0  0  0  0.000353197  
0.00160672  0  0.00164102  0.00116231  0.00180594  0.00146771  0.00207316  0.00249749  0  0  0  0.00183471  
0.00122787  0.00237683  0.00187377  0.00154795  0.00198368  0.00153398  0.00188473  0.0022337  0  763217  0  0.00113299  
0.0017604  0.00169319  0.00164664  0.00159757  0.00238141  0.0014215  0.00159417  0.00135206  0  19781.6  0  0.00278363  
0.00183094  0.00160401  0.000338594  0.00146814  0.00146833  0.0015579  0.0014757  0.00217433  0.002005  0  0  0.00296363  
0.00108343  0.00095762  0.00196904  0.0020007  0.00219503  0.00221985  0.00210329  0.00206234  0.00198652  0  0  0.00121246  
0.00175  0.00250125  0.00155951  0.0019047  0.00188023  0.00204168  0.00169123  0.0017457  0.00207646  0  0  0.0016675  
0.000800967  0.00139694  0.00179813  0.0014549  0.0023414  0.00198892  0.00305921  0.00165795  0.00215188  0.00200347  0.00153801  0.00324092  

#Number of events available for calibration = 
0  0  0  0  0  0  0  0  0  0  0  0  
0  1  0  0  0  0  0  0  1  6  6  3  
6  20  7  2  0  0  0  0  25  149  115  42  
61  187  119  39  9  1  6  22  140  583  660  151  
149  532  494  306  115  37  82  185  590  1692  1785  299  
240  1234  980  762  323  135  253  604  1504  3627  2933  814  
565  746  865  729  396  248  606  1270  3035  6248  6220  2320  
707  3075  2476  1614  838  471  875  1875  4226  9683  7398  1400  
1011  3625  2619  1902  1002  669  734  2059  6572  13704  9671  2097  
1417  4653  4461  2724  1347  859  1419  3286  8209  19903  15685  2283  
1323  5494  4584  2963  1608  1076  1744  3567  9715  20102  12840  3829  
1389  5596  5375  2728  1336  1081  1827  3578  8974  21810  19277  4302  
644  3052  3739  1228  900  716  1625  3238  8934  19310  23773  4848  
1185  4104  4137  2608  1222  780  1340  2809  7567  23358  25865  5904  
1382  4340  3573  2228  1146  685  1032  2253  6973  10755  25358  7749  
945  3280  2986  1660  803  438  630  1632  5940  19175  30155  8563  
780  2287  1761  734  354  146  189  814  6240  19241  18603  6859  
673  1827  1056  235  49  26  74  695  4888  15744  16393  4151  
584  1024  782  114  8  3  19  446  4028  10196  11192  2816  
518  1499  760  107  4  0  3  292  2461  7362  6902  1693  
472  1121  781  106  2  0  2  224  2061  6786  6786  1249  
329  880  516  95  4  0  2  138  1502  5438  4587  1179  
0  926  376  66  5  0  1  64  697  2413  2697  489  
108  139  113  19  2  0  0  12  122  381  489  156  


