#HCal gain coefficients from SBS-7 obtained 8_2_2023 timestamp set --------[ 2021-11-13 00:00:00 ]
Total number of events available to calibrate for this set: 3055
--------[ 2021-11-13 00:00:00 ]
sbs.hcal.adc.gain =
0.00175  0.00266867  0.00263163  0.00180382  0.00263728  0.00185798  0.0024062  0.00332779  0.00145959  0.00145491  0.00222524  0.00374568  
0.00175  0.0028114  0.00168388  0.00165362  0.00176223  0.00191629  0.00127553  0.00033258  0.000987108  0.00208857  0.00104803  0.00256277  
0.00175  0.000549083  0.000775478  0.00143323  0.00133923  0.00150582  0.000878316  0.00116677  0.00122135  0.00180183  0.000868816  0.0031688  
0.00175  0.00165191  0.00138037  0.00117046  0.00117154  0.00130065  0.00149967  0.00168174  0.00171157  0.00208062  0.00191594  0.00296845  
0.00175  0.00131023  0.0015652  0.00146996  0.00149789  0.00122581  0.0015918  0.0015631  0.00183514  0.00202092  0.00184944  0.00272894  
0.00539881  0.00224432  0.00157432  0.00144749  0.00150163  0.00741648  0.00117414  0.00165062  0.00156161  0.00147743  0.00173477  0.00254265  
0.00169373  0.000275533  0.000298944  0.000599265  0.00345773  0.00321349  0.00618439  0.00151191  0.00183094  0.00200068  0.00173649  0.00311957  
0.0030827  0.00186074  0.00144928  0.00160785  0.00513411  0.00404926  0.00383687  0.00709146  0.00199998  0.00208202  0.00197725  0.00326762  
0.00512732  0.00154451  0.000979505  0.00125333  0.00527776  0.00409835  0.00423189  0.00493364  0.00595254  0.00190801  0.00176975  0.00300717  
0.00260136  0.00148176  0.00146341  0.00166698  0.00568981  0.00452525  0.00421725  0.0045599  0.00169573  0.00209187  0.00155949  0.00305697  
0.00607633  0.00171058  0.00137975  0.00626622  0.00429485  0.00454029  0.00452781  0.00630841  0.00180745  0.00197599  0.00126722  0.00216883  
0.0072298  0.00174206  0.00140851  0.00401669  0.00474103  0.00464616  0.00416828  0.00439598  0.00154032  0.00213906  0.00240923  0.00372126  
0.000449533  0.000488912  0.000590922  0.00252044  0.00137021  0.00297924  0.00495131  0.00563048  0.00159181  0.00142471  0.00228241  0.0035386  
0.00660769  0.00120219  0.00137378  0.00252707  0.00311595  0.00539189  0.00319173  0.00483681  0.00133372  0.00214296  0.00270455  0.00379699  
0.00212358  0.0017905  0.00117037  0.00698461  0.00413701  0.00436972  0.00428219  0.00430293  0.00554954  0.000244951  0.00250264  0.00341337  
0.00335189  0.00127896  0.00148071  0.00133853  0.00427032  0.00304757  0.00433694  0.00443142  0.00479247  0.00191438  0.00274045  0.00356526  
0.00349821  0.000794794  0.00150729  0.00127622  0.00264237  0.00499777  0.00335531  0.00347824  0.0040785  0.00155438  0.00195526  0.00340549  
0.00274887  0.00140077  0.00135238  0.00107242  0.0015003  0.00435857  0.00435717  0.0048932  0.00612541  0.0015361  0.00244788  0.00366691  
0.0050249  0.00292725  0.00159332  0.00131823  0.00154002  0.00347119  0.00534444  0.00548604  0.00383847  0.00149605  0.0020386  0.0037875  
0.00432152  0.00164664  0.00152238  0.00133137  0.0018508  0.00123938  0.00137083  0.00119434  0.0016172  0.00155701  0.00168128  0.00372496  
0.0045194  0.00171242  0.000476805  0.001309  0.00130803  0.00128104  0.00124791  0.00160076  0.00154403  0.00131706  0.00138985  0.00410904  
0.00265122  0.00116889  0.00190811  0.00166903  0.00179654  0.00185825  0.00169268  0.00158463  0.00158704  0.00105741  0.00183152  0.00338812  
0.00175  0.00403728  0.00184311  0.00188862  0.00164165  0.00163744  0.00149042  0.00142973  0.00163888  0.00171401  0.00262937  0.00308539  
0.00731553  0.00733844  0.00269888  0.00236267  0.00204097  0.00246712  0.00241754  0.00240661  0.00195007  0.00151657  0.00263376  0.00416878  

#One Block Std = 
0.00175  0.00266867  0.00263163  0.00180382  0.00263728  0.00185798  0.0024062  0.00332779  0.00145959  0.00145491  0.00222524  0.00374568  
0.00175  0.0028114  0.00168388  0.00165362  0.00176223  0.00191629  0.00127553  0.00033258  0.000987108  0.00208857  0.00104803  0.00256277  
0.00175  0.000549083  0.000775478  0.00143323  0.00133923  0.00150582  0.000878316  0.00116677  0.00122135  0.00180183  0.000868816  0.0031688  
0.00175  0.00165191  0.00138037  0.00117046  0.00117154  0.00130065  0.00149967  0.00168174  0.00171157  0.00208062  0.00191594  0.00296845  
0.00175  0.00131023  0.0015652  0.00146996  0.00149789  0.00122581  0.0015918  0.0015631  0.00183514  0.00202092  0.00184944  0.00272894  
0.00539881  0.00224432  0.00157432  0.00144749  0.00150163  0.00162213  0.00117414  0.00165062  0.00156161  0.00147743  0.00173477  0.00254265  
0.00169373  0.000275533  0.000298944  0.000599265  0.00105645  0.00086871  0.00160354  0.00151191  0.00183094  0.00200068  0.00173649  0.00311957  
0.0030827  0.00186074  0.00144928  0.00160785  0.00141713  0.00129993  0.00175116  0.00180068  0.00199998  0.00208202  0.00197725  0.00326762  
0.00512732  0.00154451  0.000979505  0.00125333  0.00154216  0.00139283  0.00116208  0.00143264  0.00162997  0.00190801  0.00176975  0.00300717  
0.00260136  0.00148176  0.00146341  0.00166698  0.0014947  0.00141715  0.00175344  0.00170741  0.00169573  0.00209187  0.00155949  0.00305697  
0.00607633  0.00171058  0.00137975  0.00161664  0.00163906  0.00177731  0.00175405  0.00177746  0.00180745  0.00197599  0.00126722  0.00216883  
0.0072298  0.00174206  0.00140851  0.00154404  0.00161964  0.00169163  0.00147921  0.00176682  0.00154032  0.00213906  0.00240923  0.00372126  
0.000449533  0.000488912  0.000590922  0.000582451  0.000745794  0.00101917  0.00161642  0.00168821  0.00159181  0.00142471  0.00228241  0.0035386  
0.00660769  0.00120219  0.00137378  0.00110814  0.00108169  0.00150119  0.00135809  0.00178457  0.00133372  0.00214296  0.00270455  0.00379699  
0.00212358  0.0017905  0.00117037  0.00140173  0.00156192  0.00156128  0.00162737  0.00171791  0.00172918  0.000244951  0.00250264  0.00341337  
0.00335189  0.00127896  0.00148071  0.00133853  0.00136398  0.00118429  0.00160078  0.00182872  0.00147448  0.00191438  0.00274045  0.00356526  
0.00349821  0.000794794  0.00150729  0.00127622  0.00111391  0.00139497  0.00137369  0.000975249  0.00109081  0.00155438  0.00195526  0.00340549  
0.00274887  0.00140077  0.00135238  0.00107242  0.0015003  0.00127913  0.00167818  0.00187533  0.0015864  0.0015361  0.00244788  0.00366691  
0.0050249  0.00292725  0.00159332  0.00131823  0.00154002  0.00129025  0.00152842  0.00172602  0.00125051  0.00149605  0.0020386  0.0037875  
0.00432152  0.00164664  0.00152238  0.00133137  0.0018508  0.00123938  0.00137083  0.00119434  0.0016172  0.00155701  0.00168128  0.00372496  
0.0045194  0.00171242  0.000476805  0.001309  0.00130803  0.00128104  0.00124791  0.00160076  0.00154403  0.00131706  0.00138985  0.00410904  
0.00265122  0.00116889  0.00190811  0.00166903  0.00179654  0.00185825  0.00169268  0.00158463  0.00158704  0.00105741  0.00183152  0.00338812  
0.00175  0.00403728  0.00184311  0.00188862  0.00164165  0.00163744  0.00149042  0.00142973  0.00163888  0.00171401  0.00262937  0.00308539  
0.00731553  0.00733844  0.00269888  0.00236267  0.00204097  0.00246712  0.00241754  0.00240661  0.00195007  0.00151657  0.00263376  0.00416878  

#Number of events available for calibration = 
0  0  0  0  0  0  0  0  0  0  0  0  
0  0  0  0  0  0  0  0  0  0  0  0  
0  0  0  1  0  2  0  0  0  0  0  0  
0  0  0  1  12  9  5  3  0  0  0  0  
0  0  1  8  32  43  30  7  8  2  1  0  
0  0  1  21  66  108  67  41  25  7  2  0  
0  0  4  40  130  175  147  92  48  18  7  0  
0  3  10  67  187  268  218  150  84  21  3  0  
0  2  9  83  206  323  227  186  100  23  4  0  
0  0  27  92  207  281  307  220  92  36  0  0  
0  2  23  127  250  337  305  219  80  13  1  0  
0  2  37  156  299  378  311  233  88  17  1  0  
0  0  23  103  257  338  371  245  83  10  3  0  
0  0  15  121  286  375  342  277  86  15  1  0  
0  1  12  108  271  357  379  293  139  7  3  0  
0  0  12  77  231  315  356  286  142  42  4  0  
0  0  4  43  142  234  248  210  115  49  10  0  
0  0  0  14  82  158  236  238  165  75  14  5  
0  0  0  5  41  107  199  189  133  55  15  1  
0  0  0  0  11  42  78  78  57  22  6  0  
0  0  0  0  1  7  30  38  18  7  1  0  
0  0  0  0  0  2  12  14  8  1  0  0  
0  0  0  0  0  0  1  1  2  0  0  0  
0  0  0  0  0  0  0  0  0  0  0  0  


