#HCal gain coefficients from SBS-11 obtained 6_14_2023 timestamp set --------[ 2021-11-25 00:00:00 ]
Total number of events available to calibrate for this set: 14202
--------[ 2021-11-25 00:00:00 ]
sbs.hcal.adc.gain =
0.00175  0.00266867  0.00263163  0.00180382  0.000921732  0.00195353  0.00490403  0.00332779  0.00145959  0.00145491  0.00222524  0.00374568  
0.00175  0.0028114  0.00168388  0.00332434  0.00314473  0.0034731  0.00225216  0.000740405  0.00303036  0.00208178  0.00104803  0.00256277  
0.00175  0.000549083  0.000775478  0.00317104  0.00270364  0.0029086  0.00117877  0.00154544  0.00168044  0.00296136  0.000868816  0.0031688  
0.00175  0.00165191  0.00138037  0.00224404  0.00263961  0.00256273  0.00347867  0.0037064  0.00328696  0.00327693  0.00191594  0.00296845  
0.00175  0.00131023  0.0015652  0.00330966  0.00304467  0.00222358  0.00275146  0.00265754  0.00292414  0.00373401  0.00184944  0.00272894  
0.00539881  0.00224432  0.00157432  0.00229623  0.00263566  0.00321864  0.00312843  0.00292278  0.00291499  0.00148887  0.00173477  0.00254265  
0.00169373  0.000275533  0.000298944  0.00101763  0.0019172  0.00647283  0.00584489  0.00520205  0.0068052  0.00500818  0.00192148  0.00311957  
0.0030827  0.00186074  0.00247412  0.00320663  0.00299645  0.00428707  0.00471256  0.00379709  0.00431157  0.00259378  0.0029347  0.00326762  
0.00512732  0.00154451  0.00242579  0.00226514  0.00797286  0.00394681  0.0051353  0.0050651  0.0039344  0.00398316  0.0022681  0.00300717  
0.00260136  0.00148176  0.00234218  0.00328736  0.00742745  0.00451788  0.00502417  0.00447437  0.00511444  0.00427721  0.00222436  0.00305697  
0.00607633  0.00171058  0.00174422  0.00273141  0.00608737  0.00471405  0.00465865  0.00443582  0.00469348  0.00677678  0.00177084  0.00216883  
0.0072298  0.00174206  0.00247885  0.0027353  0.00657042  0.00464567  0.00380858  0.00431072  0.00429172  0.00690092  0.0030681  0.00372126  
0.000449533  0.000488912  0.00134137  0.00104507  0.000951859  0.00254568  0.00535299  0.00404707  0.00498176  0.00313179  0.00244543  0.0035386  
0.00660769  0.00120219  0.00269212  0.00199829  0.00204328  0.00448231  0.0042564  0.0047352  0.00425583  0.00534384  0.00344221  0.00379699  
0.00212358  0.0017905  0.00242137  0.00258269  0.00650449  0.00423336  0.00377462  0.00384674  0.00453191  0.000238581  0.0035676  0.00341337  
0.00335189  0.00127896  0.00350573  0.0028556  0.00539637  0.00373834  0.00504016  0.00578841  0.00440214  0.00461609  0.00349946  0.00356526  
0.00349821  0.000794794  0.00283036  0.00287229  0.00224156  0.00494689  0.00383506  0.00179829  0.00291516  0.00274318  0.00447477  0.00340549  
0.00274887  0.00140077  0.0030178  0.00218934  0.00795007  0.00467743  0.00473253  0.00552834  0.00442818  0.00255521  0.00435418  0.00366691  
0.0050249  0.00292725  0.00352249  0.00220013  0.00652868  0.00411715  0.00268117  0.0054791  0.00228016  0.00529347  0.00340604  0.0037875  
0.00432152  0.00164664  0.00296994  0.00293993  0.0101065  0.00458871  0.00527809  0.00282087  0.00490787  0.00776849  0.00564223  0.00372496  
0.0045194  0.00171242  0.000476805  0.00252565  0.00265576  0.005698  0.00413222  0.00642399  0.00607496  0.0047983  0.00234993  0.00410904  
0.00265122  0.00116889  0.00358786  0.0031272  0.00313889  0.00863072  0.0060974  0.00529482  0.00484879  0.00235073  0.002633  0.00338812  
0.00175  0.00403728  0.00217687  0.0027295  0.00278951  0.00316875  0.00436966  0.00483962  0.00678194  0.00561426  0.00371721  0.00308539  
0.00731553  0.00733844  0.00269888  0.00244858  0.00230674  0.00274973  0.00424888  0.00610537  0.00223868  0.00294597  0.00263376  0.00416878  

#One Block Std = 
0.00175  0.00266867  0.00263163  0.00180382  0.000921732  0.00195353  0.00490403  0.00332779  0.00145959  0.00145491  0.00222524  0.00374568  
0.00175  0.0028114  0.00168388  0.00332434  0.00314473  0.0034731  0.00225216  0.000740405  0.00303036  0.00208178  0.00104803  0.00256277  
0.00175  0.000549083  0.000775478  0.00317104  0.00270364  0.0029086  0.00117877  0.00154544  0.00168044  0.00296136  0.000868816  0.0031688  
0.00175  0.00165191  0.00138037  0.00224404  0.00263961  0.00256273  0.00347867  0.0037064  0.00328696  0.00327693  0.00191594  0.00296845  
0.00175  0.00131023  0.0015652  0.00330966  0.00304467  0.00222358  0.00275146  0.00265754  0.00292414  0.00373401  0.00184944  0.00272894  
0.00539881  0.00224432  0.00157432  0.00229623  0.00263566  0.00321864  0.00312843  0.00292278  0.00291499  0.00148887  0.00173477  0.00254265  
0.00169373  0.000275533  0.000298944  0.00101763  0.0019172  0.00151139  0.00278769  0.00262965  0.00310689  0.00314438  0.00192148  0.00311957  
0.0030827  0.00186074  0.00247412  0.00320663  0.00299645  0.00267486  0.00315139  0.00275911  0.00255239  0.0027352  0.0029347  0.00326762  
0.00512732  0.00154451  0.00242579  0.00226514  0.00324905  0.00258597  0.0026919  0.00269907  0.00268981  0.00273689  0.0022681  0.00300717  
0.00260136  0.00148176  0.00234218  0.00328736  0.00290001  0.00258305  0.00305131  0.00288905  0.00282291  0.00273946  0.00222436  0.00305697  
0.00607633  0.00171058  0.00174422  0.00273141  0.0030873  0.00281661  0.00283337  0.00284305  0.00293544  0.00327175  0.00177084  0.00216883  
0.0072298  0.00174206  0.00247885  0.0027353  0.00297332  0.0030362  0.00289995  0.00287561  0.00256074  0.00344876  0.0030681  0.00372126  
0.000449533  0.000488912  0.00134137  0.00104507  0.000722682  0.00190471  0.00297231  0.00282544  0.00297699  0.00192609  0.00244543  0.0035386  
0.00660769  0.00120219  0.00269212  0.00199829  0.00203567  0.00275569  0.00274169  0.00297223  0.00261559  0.00285728  0.00344221  0.00379699  
0.00212358  0.0017905  0.00242137  0.00258269  0.00290595  0.00276861  0.0027632  0.00264513  0.00291497  0.000230528  0.00265986  0.00341337  
0.00335189  0.00127896  0.00350573  0.0028556  0.00251687  0.00227161  0.00308041  0.0032748  0.00265912  0.00284344  0.0023819  0.00356526  
0.00349821  0.000794794  0.00283036  0.00287229  0.00145326  0.00278917  0.00269538  0.00159475  0.00234071  0.00198557  0.00254009  0.00340549  
0.00274887  0.00140077  0.0030178  0.00218934  0.00287  0.00230722  0.00297623  0.00319903  0.0026244  0.00257019  0.00341481  0.00366691  
0.0050249  0.00292725  0.00352249  0.00220013  0.00322986  0.00260404  0.00249702  0.00281817  0.00244689  0.00258959  0.00247532  0.0037875  
0.00432152  0.00164664  0.00296994  0.00293993  0.00397229  0.00245873  0.00285217  0.00219823  0.00281691  0.00292412  0.00342642  0.00372496  
0.0045194  0.00171242  0.000476805  0.00252565  0.00265576  0.00278768  0.00224931  0.00320511  0.00298463  0.00256446  0.00234993  0.00410904  
0.00265122  0.00116889  0.00358786  0.0031272  0.00313889  0.00314174  0.00342513  0.00295781  0.00296986  0.00243068  0.002633  0.00338812  
0.00175  0.00403728  0.00217687  0.0027295  0.00278951  0.00316875  0.00244585  0.00276183  0.00308229  0.00252474  0.00371721  0.00308539  
0.00731553  0.00733844  0.00269888  0.00244858  0.00230674  0.00274973  0.00424888  0.00295358  0.00223868  0.00294597  0.00263376  0.00416878  

#Number of events available for calibration = 
0  0  0  0  0  0  0  0  0  0  0  0  
0  0  0  0  0  0  0  0  0  0  0  0  
0  0  0  0  0  1  1  4  1  1  0  0  
0  0  0  0  0  2  8  15  10  11  5  1  
0  0  0  1  3  10  27  29  40  28  11  2  
0  0  0  2  2  28  70  98  83  51  24  3  
0  0  1  6  25  110  217  238  211  106  43  10  
0  0  1  10  95  271  450  453  324  164  57  5  
0  0  1  19  166  440  608  654  453  209  52  9  
0  0  2  36  240  565  926  843  468  190  54  3  
0  0  1  68  329  809  1186  1007  561  207  33  5  
0  0  9  92  458  1082  1341  1214  602  236  65  9  
0  0  4  70  411  1115  1695  1549  837  288  74  13  
0  1  3  84  433  1253  1803  1752  960  394  89  11  
0  0  4  88  462  1210  1779  1690  1073  202  122  23  
0  0  6  70  390  1015  1694  1907  1144  530  160  30  
0  0  3  48  268  771  1469  1562  1174  656  236  44  
0  0  4  38  197  647  1337  1710  1265  688  228  42  
0  0  4  35  179  482  1040  1224  928  557  200  33  
0  0  1  22  127  324  644  722  667  366  123  15  
0  0  0  12  77  234  430  514  480  272  90  13  
0  0  0  9  60  174  334  409  386  221  80  17  
0  0  0  6  43  96  171  231  244  174  73  16  
0  0  0  3  11  33  72  106  77  42  28  11  


