#HCal gain coefficients from SBS-7 obtained 11_20_2023 timestamp set --------[ 2021-11-08 17:00:00 ]
Total number of events available to calibrate for this set: 4262
--------[ 2021-11-08 17:00:00 ]
sbs.hcal.adc.gain =
0.00175  0.00114155  0.00297862  0.00359176  0.00238189  0.00336438  0.00475649  0.00649252  0.00527849  0.00518601  0.00355675  0.00374568  
0.00300636  0.0044304  0.00390344  0.00396145  0.00470814  0.00469769  0.00256063  0.00106229  0.00372351  0.00240972  0.00229438  0.00102397  
0.00788777  0.000713016  0.0015953  0.00397066  0.00354068  0.00422767  0.00176964  0.00219962  0.00257158  0.00252735  0.000639923  0.00637616  
0.00279915  0.00393762  0.00287054  0.00312908  0.00288806  0.00308053  0.00443713  0.00470737  0.00421751  0.00452867  0.00398791  0.00087288  
0.00396248  0.00302456  0.00383591  0.00394405  0.00355301  0.00259123  0.00386101  0.00394811  0.00391242  0.00363093  0.00347629  0.00272894  
0.00119894  0.00471207  0.00390398  0.00379465  0.00395199  0.00332327  0.00351224  0.00432516  0.00366836  0.00203051  0.00394812  0.00254265  
0.00151549  0.000461684  0.000421194  0.00112416  0.00203636  0.00208919  0.0028429  0.00302762  0.00383337  0.00386236  0.00286243  0.00154914  
0.0018091  0.00409816  0.00368787  0.00376256  0.00247158  0.00271333  0.00234743  0.0027268  0.00398789  0.0033585  0.00390663  0.00295606  
0.00436517  0.00421821  0.00277412  0.00288816  0.00307056  0.00223061  0.00269517  0.00266987  0.00460772  0.00397803  0.00476605  0.00300717  
0.00219066  0.00299397  0.00349801  0.00378311  0.00313996  0.00264456  0.00247304  0.00227414  0.00374148  0.00331847  0.00256968  0.00305697  
0.00352788  0.00407892  0.00341902  0.00308658  0.00250264  0.00269469  0.00259315  0.00327371  0.00394511  0.00420151  0.00142342  0.00216883  
0.0033152  0.00374452  0.00307234  0.00319492  0.00244983  0.00269268  0.00241642  0.00238677  0.00249693  0.00422155  0.0046825  0.00372126  
0.000310559  0.000737123  0.00108986  0.00128018  0.000628939  0.00178743  0.00286503  0.00300587  0.00282757  0.00247434  0.00333792  0.0035386  
0.00717845  0.00247069  0.003306  0.00204084  0.00187296  0.00299658  0.00210494  0.00257154  0.00226638  0.00395947  0.0042114  0.00379699  
0.00172067  0.00420009  0.0025612  0.00346392  0.00223206  0.00238227  0.00216627  0.00259383  0.00279014  0.000205321  0.0044286  0.00341337  
0.00315626  0.0025457  0.00384164  0.00464578  0.0023429  0.00176397  0.00268258  0.00292008  0.00223122  0.000976029  0.00354011  0.00384582  
0.00440891  0.00124189  0.00403544  0.00326163  0.00126302  0.00271713  0.00226637  0.00108137  0.00249215  0.00175253  0.00367047  0.00215238  
0.00350592  0.00277151  0.00362198  0.00273435  0.00332222  0.00256035  0.00244765  0.00286663  0.00281423  0.00317914  0.00465996  0.0036216  
0.00189599  0.00434045  0.003986  0.00330239  0.005626  0.00198202  0.00242351  0.00268631  0.00266648  0.00356281  0.00419997  0.00230819  
0.00337638  0.00340245  0.00335532  0.0035501  0.00560597  0.00316453  0.00244171  0.00279199  0.00415818  0.00379762  0.00409247  0.00539772  
0.00355846  0.00312597  0.000649809  0.00321941  0.00344759  0.00338599  0.0034098  0.00472686  0.003962  0.00272139  0.00253553  0.0050885  
0.00196786  0.00185623  0.00388062  0.00416467  0.00463984  0.00453672  0.00431508  0.00431473  0.00385285  0.00176832  0.00367533  0.00209481  
0.00211308  0.00446856  0.00294446  0.0036711  0.00382174  0.00428548  0.00372947  0.00379741  0.00415172  0.00384383  0.00428859  0.00354453  
0.00731553  0.00184953  0.00312397  0.0026908  0.00429902  0.0031694  0.00585994  0.00290409  0.00403565  0.00366291  0.00316737  0.00416878  

#One Block Std = 
0.00175  0.00114155  0.00297862  0.00359176  0.00238189  0.00336438  0.00475649  0.00649252  0.00527849  0.00518601  0.00355675  0.00374568  
0.00300636  0.0044304  0.00390344  0.00396145  0.00470814  0.00469769  0.00256063  0.00106229  0.00372351  0.00240972  0.00229438  0.00102397  
0.00788777  0.000713016  0.0015953  0.00397066  0.00354068  0.00422767  0.00176964  0.00219962  0.00257158  0.00252735  0.000639923  0.00637616  
0.00279915  0.00393762  0.00287054  0.00312908  0.00288806  0.00308053  0.00443713  0.00470737  0.00421751  0.00452867  0.00398791  0.00087288  
0.00396248  0.00302456  0.00383591  0.00394405  0.00355301  0.00259123  0.00386101  0.00394811  0.00391242  0.00363093  0.00347629  0.00272894  
0.00119894  0.00471207  0.00390398  0.00379465  0.00395199  0.00460464  0.00369093  0.00432516  0.00366836  0.00203051  0.00394812  0.00254265  
0.00151549  0.000461684  0.000421194  0.00112416  0.00249527  0.00256289  0.00445739  0.0034621  0.00383337  0.00386236  0.00286243  0.00154914  
0.0018091  0.00409816  0.00368787  0.00429496  0.00363915  0.00325766  0.00439551  0.00440598  0.0045097  0.0033585  0.00390663  0.00295606  
0.00436517  0.00421821  0.00277412  0.0036555  0.00467906  0.00376048  0.0033794  0.00447821  0.00378246  0.00397803  0.00476605  0.00300717  
0.00219066  0.00299397  0.00349801  0.00435306  0.00407755  0.00380549  0.0045481  0.00391051  0.00374148  0.00331847  0.00256968  0.00305697  
0.00352788  0.00407892  0.00341902  0.00417296  0.00397449  0.00443657  0.00452797  0.00436082  0.00394511  0.00420151  0.00142342  0.00216883  
0.0033152  0.00374452  0.00307234  0.00368675  0.00437126  0.00437213  0.00348805  0.00416478  0.00351576  0.00422155  0.0046825  0.00372126  
0.000310559  0.000737123  0.00108986  0.00101464  0.0014314  0.00227181  0.00459678  0.00428306  0.00405827  0.00247434  0.00333792  0.0035386  
0.00717845  0.00247069  0.003306  0.00235719  0.002338  0.0040595  0.00333041  0.00470743  0.00303383  0.00395947  0.0042114  0.00379699  
0.00172067  0.00420009  0.0025612  0.00351662  0.00429232  0.00401381  0.00404223  0.00416422  0.0037949  0.000205321  0.0044286  0.00341337  
0.00315626  0.0025457  0.00384164  0.00333694  0.00374994  0.00284966  0.00419166  0.00467655  0.00363162  0.00410288  0.00354011  0.00384582  
0.00440891  0.00124189  0.00403544  0.00356068  0.00264459  0.0039619  0.00389857  0.00207693  0.00214095  0.00279739  0.00367047  0.00215238  
0.00350592  0.00277151  0.00362198  0.00273435  0.00399153  0.00329782  0.0042035  0.00508358  0.00386246  0.00317914  0.00465996  0.0036216  
0.00189599  0.00434045  0.003986  0.00330239  0.00444781  0.00342817  0.00392214  0.00459312  0.00253289  0.00356281  0.00419997  0.00230819  
0.00337638  0.00340245  0.00335532  0.0035501  0.00560597  0.00318845  0.0033752  0.00290783  0.00415818  0.00379762  0.00409247  0.00539772  
0.00355846  0.00312597  0.000649809  0.00321941  0.00344759  0.00338599  0.0034098  0.00472686  0.003962  0.00272139  0.00253553  0.0050885  
0.00196786  0.00185623  0.00388062  0.00416467  0.00463984  0.00453672  0.00431508  0.00431473  0.00385285  0.00176832  0.00367533  0.00209481  
0.00211308  0.00446856  0.00294446  0.0036711  0.00382174  0.00428548  0.00372947  0.00379741  0.00415172  0.00384383  0.00428859  0.00354453  
0.00731553  0.00184953  0.00312397  0.0026908  0.00429902  0.0031694  0.00585994  0.00290409  0.00403565  0.00366291  0.00316737  0.00416878  

#Number of events available for calibration = 
0  0  0  0  0  0  0  0  0  0  0  0  
0  0  0  0  0  0  0  0  0  0  0  0  
0  0  0  0  0  2  2  1  0  0  0  0  
0  0  1  1  8  6  12  3  3  1  0  0  
0  0  1  3  27  47  36  28  13  6  2  0  
0  1  8  38  81  123  132  89  49  19  2  0  
0  2  13  56  154  289  262  180  84  34  10  1  
1  6  26  121  293  399  351  234  109  27  9  4  
2  14  44  166  356  516  428  291  122  38  18  6  
4  21  72  159  404  536  459  285  94  36  21  4  
3  17  74  244  430  524  445  224  89  36  5  3  
5  15  90  274  484  622  486  283  119  37  14  1  
1  11  71  185  468  624  591  348  136  39  21  5  
3  15  69  319  588  702  604  453  180  67  18  6  
5  8  64  235  517  728  685  490  251  16  19  6  
2  14  55  216  504  717  683  514  261  101  31  7  
1  3  33  142  378  517  574  472  242  102  27  5  
0  3  14  83  231  390  477  372  208  78  24  9  
0  1  8  48  125  274  385  275  170  46  16  5  
0  0  6  20  45  157  192  181  72  17  5  1  
0  0  1  6  25  57  86  80  39  21  5  2  
0  0  0  1  4  11  26  26  14  9  3  1  
0  0  0  0  0  3  4  8  3  6  2  0  
0  0  0  0  0  0  4  2  0  1  1  0  


