#HCal gain coefficients from SBS-9 obtained 8_7_2023 timestamp set --------[ 2022-02-02 00:00:00 ]
Total number of events available to calibrate for this set: 167695
--------[ 2022-02-02 00:00:00 ]
sbs.hcal.adc.gain =
0.00175  0.00266867  0.00263163  0.00180382  0.00263728  0.00185798  0.0024062  0.00332779  0.00145959  0.00145491  0.00222524  0.00374568  
0.00175  0.0028114  0.00168388  0.00165362  0.00176223  0.00191629  0.00127553  0.00033258  0.000987108  0.00208857  0.00104803  0.00256277  
0.00175  0.000549083  0.000775478  0.00143323  0.00133923  0.00150582  0.000878316  0.00116677  0.00122135  0.00180183  0.000868816  0.0031688  
0.00175  0.00165191  0.00138037  0.00232002  0.00152721  0.00275857  0.00149967  0.00168174  0.00171157  0.00208062  0.00191594  0.00296845  
0.00175  0.00131023  0.00308027  0.00360851  0.00311684  0.00171553  0.00391237  0.00362101  0.00183514  0.00202092  0.00184944  0.00272894  
0.00539881  0.00224432  0.00370435  0.00369341  0.00357138  0.00425496  0.00319241  0.00386921  0.00278107  0.00147743  0.00173477  0.00254265  
0.00169373  0.000275533  0.000434644  0.000973187  0.00240292  0.0024866  0.00425941  0.00316127  0.00434397  0.00200068  0.00173649  0.00311957  
0.0030827  0.00348136  0.00298988  0.00393014  0.00354472  0.00299126  0.00410284  0.00415069  0.00426674  0.00333892  0.00197725  0.00326762  
0.00512732  0.00450302  0.00228255  0.00313005  0.00431363  0.00348879  0.00304026  0.0040683  0.00406952  0.00190801  0.00176975  0.00300717  
0.00260136  0.00245442  0.00343127  0.00408272  0.00385079  0.00353877  0.00415007  0.00359679  0.00302499  0.00494446  0.00155949  0.00305697  
0.00607633  0.00333075  0.00288809  0.00394725  0.00375691  0.00409144  0.00420821  0.00413196  0.00390913  0.00197599  0.00126722  0.00216883  
0.0072298  0.00320446  0.00313872  0.00353826  0.00403871  0.004144  0.0032967  0.00408115  0.00283088  0.00213906  0.00240923  0.00372126  
0.000449533  0.000818715  0.00132486  0.000967768  0.00116664  0.00219281  0.0038864  0.0040816  0.00417328  0.00142471  0.00228241  0.0035386  
0.00660769  0.00155634  0.00335991  0.00217268  0.00223388  0.00376653  0.00318776  0.00456311  0.00241041  0.00433543  0.00270455  0.00379699  
0.00212358  0.00309314  0.00257722  0.0031652  0.00390115  0.00380864  0.00385705  0.00372046  0.0038971  0.000244951  0.00250264  0.00341337  
0.00335189  0.00127896  0.00490063  0.00327415  0.00344684  0.00265511  0.00387868  0.00433168  0.00342686  0.00330613  0.00274045  0.00356526  
0.00349821  0.000794794  0.0056882  0.00362642  0.00248672  0.00355186  0.00351514  0.00213698  0.00242034  0.00155438  0.00195526  0.00340549  
0.00274887  0.00140077  0.00135238  0.00343425  0.00415697  0.00381236  0.00478392  0.00722759  0.0015864  0.0015361  0.00244788  0.00366691  
0.0050249  0.00292725  0.00159332  0.00131823  0.00154002  0.00129025  0.00152842  0.00172602  0.00125051  0.00149605  0.0020386  0.0037875  
0.00432152  0.00164664  0.00152238  0.00133137  0.0018508  0.00123938  0.00137083  0.00119434  0.0016172  0.00155701  0.00168128  0.00372496  
0.0045194  0.00171242  0.000476805  0.001309  0.00130803  0.00128104  0.00124791  0.00160076  0.00154403  0.00131706  0.00138985  0.00410904  
0.00265122  0.00116889  0.00190811  0.00166903  0.00179654  0.00185825  0.00169268  0.00158463  0.00158704  0.00105741  0.00183152  0.00338812  
0.00175  0.00403728  0.00184311  0.00188862  0.00164165  0.00163744  0.00149042  0.00142973  0.00163888  0.00171401  0.00262937  0.00308539  
0.00731553  0.00733844  0.00269888  0.00236267  0.00204097  0.00246712  0.00241754  0.00240661  0.00195007  0.00151657  0.00263376  0.00416878  

#One Block Std = 
0.00175  0.00266867  0.00263163  0.00180382  0.00263728  0.00185798  0.0024062  0.00332779  0.00145959  0.00145491  0.00222524  0.00374568  
0.00175  0.0028114  0.00168388  0.00165362  0.00176223  0.00191629  0.00127553  0.00033258  0.000987108  0.00208857  0.00104803  0.00256277  
0.00175  0.000549083  0.000775478  0.00143323  0.00133923  0.00150582  0.000878316  0.00116677  0.00122135  0.00180183  0.000868816  0.0031688  
0.00175  0.00165191  0.00138037  0.00117046  0.00117154  0.00130065  0.00149967  0.00168174  0.00171157  0.00208062  0.00191594  0.00296845  
0.00175  0.00131023  0.0015652  0.00146996  0.00149789  0.00122581  0.0015918  0.0015631  0.00183514  0.00202092  0.00184944  0.00272894  
0.00539881  0.00224432  0.00157432  0.00144749  1  0  0.00117414  0.00165062  0.00156161  0.00147743  0.00173477  0.00254265  
0.00169373  0.000275533  0.000298944  0.000599265  0  0.00086871  0.00160354  0.00151191  0.00183094  0.00200068  0.00173649  0.00311957  
0.0030827  0.00186074  0.00144928  0  0  0  0  0.00180068  0.00199998  0.00208202  0.00197725  0.00326762  
0.00512732  0.00154451  0.000979505  0  0  0  0.00116208  0.00143264  0.00162997  0.00190801  0.00176975  0.00300717  
0.00260136  0.00148176  0.00146341  0  0  0  0  0.00170741  0.00169573  0.00209187  0.00155949  0.00305697  
0.00607633  0.00171058  0.00137975  0  0  120571  0  0.00177746  0.00180745  0.00197599  0.00126722  0.00216883  
0.0072298  0.00174206  0.00140851  0  0  0  0  0.00176682  0.00154032  0.00213906  0.00240923  0.00372126  
0.000449533  0.000488912  0.000590922  0.000582451  0  0  0  0.00168821  0.00159181  0.00142471  0.00228241  0.0035386  
0.00660769  0.00120219  0.00137378  329180  0  0  0  0.00178457  0.00133372  0.00214296  0.00270455  0.00379699  
0.00212358  0.0017905  0.00117037  0  0  0  0  0.00171791  0.00172918  0.000244951  0.00250264  0.00341337  
0.00335189  0.00127896  0.00148071  0.00133853  1.06415e+06  162534  0  0.00182872  0.00147448  0.00191438  0.00274045  0.00356526  
0.00349821  0.000794794  0.00150729  0.00127622  0  0  0.00137369  0.000975249  0.00109081  0.00155438  0.00195526  0.00340549  
0.00274887  0.00140077  0.00135238  0.00107242  0.0015003  0.00127913  0.00167818  0.00187533  0.0015864  0.0015361  0.00244788  0.00366691  
0.0050249  0.00292725  0.00159332  0.00131823  0.00154002  0.00129025  0.00152842  0.00172602  0.00125051  0.00149605  0.0020386  0.0037875  
0.00432152  0.00164664  0.00152238  0.00133137  0.0018508  0.00123938  0.00137083  0.00119434  0.0016172  0.00155701  0.00168128  0.00372496  
0.0045194  0.00171242  0.000476805  0.001309  0.00130803  0.00128104  0.00124791  0.00160076  0.00154403  0.00131706  0.00138985  0.00410904  
0.00265122  0.00116889  0.00190811  0.00166903  0.00179654  0.00185825  0.00169268  0.00158463  0.00158704  0.00105741  0.00183152  0.00338812  
0.00175  0.00403728  0.00184311  0.00188862  0.00164165  0.00163744  0.00149042  0.00142973  0.00163888  0.00171401  0.00262937  0.00308539  
0.00731553  0.00733844  0.00269888  0.00236267  0.00204097  0.00246712  0.00241754  0.00240661  0.00195007  0.00151657  0.00263376  0.00416878  

#Number of events available for calibration = 
0  0  0  0  0  0  0  0  0  0  0  0  
0  0  0  0  0  0  0  0  0  0  0  0  
0  0  0  3  7  1  0  0  0  0  0  0  
0  2  67  236  372  241  52  4  0  0  0  0  
0  16  299  1561  3037  2090  706  137  16  1  0  0  
0  54  648  3878  7274  6012  2456  915  222  18  0  0  
0  25  569  3516  7979  7886  6011  2460  598  50  0  0  
6  143  1379  6442  12252  12162  8691  3582  790  105  0  0  
10  208  1566  7434  12549  13643  6892  3518  882  75  1  0  
13  295  3055  10329  15091  14975  11372  4943  953  111  0  0  
17  455  2840  11288  18091  17712  13018  5439  1035  69  0  0  
12  419  3178  10244  15450  17049  12247  5362  949  86  1  0  
4  132  1693  4206  9678  10983  11306  4983  973  83  2  0  
4  156  1810  8452  13668  13919  10981  5231  1029  119  6  0  
1  107  1269  6332  12669  14587  11381  5733  1450  63  3  0  
1  44  694  3803  8922  10724  10317  5440  1252  152  8  0  
0  10  280  1677  4462  6354  4897  2088  697  95  5  0  
0  1  50  322  1056  1233  1166  428  90  18  0  0  
0  1  7  33  76  76  61  10  0  0  0  0  
0  0  0  1  0  0  0  0  0  0  0  0  
0  0  0  0  0  0  0  0  0  0  0  0  
0  0  0  0  0  0  0  0  0  0  0  0  
0  0  0  0  0  0  0  0  0  0  0  0  
0  0  0  0  0  0  0  0  0  0  0  0  


