#HCal gain coefficients from SBS-4 obtained 6_20_2023 timestamp set --------[ 2021-10-21 00:00:00 ]
Total number of events available to calibrate for this set: 220440
--------[ 2021-10-21 00:00:00 ]
sbs.hcal.adc.gain =
0.00175  0.00266867  0.00263163  0.00180382  0.00263728  0.00296131  0.0032587  0.00332779  0.00145959  0.00145491  0.00222524  0.00374568  
0.00175  0.0028114  0.00311657  0.0025307  0.00304805  0.00369489  0.00249128  0.000590547  0.00190476  0.00208857  0.00104803  0.00256277  
0.00175  0.00198737  0.00238623  0.00326401  0.00212623  0.00255734  0.000277917  0.000866812  0.00154291  0.0025434  0.000529386  0.0031688  
0.00175  0.00370595  0.00207407  0.0023293  0.00252218  0.0028057  0.00322628  0.0032801  0.00257096  0.00293461  0.00289591  0.00296845  
0.00175  0.00289564  0.00174346  0.0027132  0.00299259  0.00234899  0.00310505  0.00290786  0.00302656  0.00289871  0.00218985  0.00375937  
0.00539881  0.00349153  0.00344709  0.00231561  0.00285755  0.00299278  0.00296748  0.00288483  0.00281552  0.00167844  0.00241653  0.00254265  
0.00169373  0.00130524  0.000375964  0.00080479  0.00122602  0.00145194  0.00312753  0.00269014  0.00290588  0.00273788  0.00251106  0.00311957  
0.0030827  0.00372947  0.00269269  0.00312699  0.00303379  0.00274901  0.00318861  0.00286451  0.0030145  0.00314585  0.00271143  0.00326762  
0.00512732  0.00316712  0.00198375  0.00263274  0.00312685  0.00272422  0.00205521  0.00292119  0.00262315  0.00271501  0.00268209  0.00300717  
0.00260136  0.00288451  0.00255833  0.00307188  0.00290901  0.00256087  0.00299403  0.00277144  0.00289521  0.00280872  0.00221039  0.00305697  
0.00607633  0.00348856  0.00287539  0.00258801  0.00304096  0.00275694  0.00299781  0.00286461  0.00282468  0.00298582  0.0014088  0.00216883  
0.0072298  0.00307353  0.00216393  0.00288903  0.00300418  0.00289486  0.00268163  0.00286818  0.00265486  0.00320411  0.00380944  0.00372126  
0.00234592  0.000839667  0.00156874  0.000267556  0.000991976  0.00129374  0.00306939  0.00286326  0.00306664  0.00186526  0.0021258  0.0035386  
0.00660769  0.00138411  0.0028973  0.00243791  0.00195081  0.0028485  0.00258013  0.00303371  0.0023056  0.00295262  0.0026661  0.00379699  
0.00212358  0.00323096  0.00212566  0.00255293  0.00282135  0.00289384  0.00275432  0.00287743  0.00291884  0.000261967  0.00224894  0.00341337  
0.00335189  0.001801  0.00317796  0.00269199  0.00245127  0.00215682  0.00302778  0.00310078  0.00267311  0.00272885  0.00252878  0.00356526  
0.00349821  0.00156802  0.00306628  0.00282201  0.00158843  0.00295569  0.00234248  0.00142012  0.00245696  0.00204835  0.00275471  0.00340549  
0.00274887  0.00280964  0.0030081  0.00213229  0.00279524  0.00244776  0.00300215  0.0031686  0.00285732  0.0024428  0.00311405  0.00366691  
0.0050249  0.00292725  0.0030251  0.002293  0.00321528  0.00250823  0.00266844  0.00288995  0.00232323  0.00257203  0.00281536  0.0037875  
0.00432152  0.0028822  0.00251027  0.00265511  0.00314941  0.00254737  0.00268405  0.00213977  0.00279082  0.00307101  0.00331673  0.00372496  
0.0045194  0.00289505  0.00429946  0.00250034  0.00250624  0.00280204  0.0021997  0.00325082  0.00304071  0.00248975  0.00249433  0.00265844  
0.00265122  0.00206662  0.00316554  0.00315304  0.00316438  0.00330935  0.00322765  0.00300383  0.00286028  0.00218138  0.00262176  0.00239205  
0.00175  0.00403728  0.00225499  0.00252649  0.00277939  0.00315708  0.00257923  0.00271464  0.00306665  0.00260539  0.00322479  0.00366275  
0.00731553  0.00733844  0.00269888  0.00237105  0.00355547  0.00258518  0.00429148  0.00178021  0.0023775  0.002656  0.00235431  0.00416878  

#One Block Std = 
0.00175  0.00266867  0.00263163  0.00180382  0.00263728  0.00185798  0.0024062  0.00332779  0.00145959  0.00145491  0.00222524  0.00374568  
0.00175  0.0028114  0.00311657  0.0025307  0.00220669  0.00193068  0.00765302  0.00033258  0.000987108  0.00208857  0.00104803  0.00256277  
0.00175  0.00198737  0.00238623  0.00245061  0.00215401  0.00192553  0.000814091  0.00111288  0.00151991  0.00215693  0.000868816  0.0031688  
0.00175  0.00370595  0.00207407  0.00228005  0.00472351  0.00399845  0.00371418  0.00476959  0.00164712  0.00208062  0.00191594  0.00296845  
0.00175  0.00289564  0.00231741  0.00213534  0.00312833  0.00461648  0.00439826  0.00425671  0.0031511  0.00202092  0.00184944  0.00272894  
0.00539881  0.00349153  0.00254019  0.00170834  0.00288333  0.00377505  0.00279863  0.00354605  0.00363019  0.00153972  0.00173477  0.00254265  
0.00169373  0.00130524  0.000966914  0.00134621  0.00326843  0.00234958  0.00334665  0.00289219  0.00433161  0.00200068  0.00173649  0.00311957  
0.0030827  0.00372947  0.00255013  0.00254469  0.00353226  0.00276122  0.00336255  0.00510265  0.00508298  0.00208202  0.00197725  0.00326762  
0.00512732  0.00316712  0.002374  0.00224892  0.00418776  0.00294957  0.00243937  0.00231691  0.00286769  0.00190801  0.00176975  0.00300717  
0.00260136  0.00288451  0.00222348  0.00351837  0.0037636  0.00305593  0.00342492  0.00384818  0.00295735  0.00194299  0.00155949  0.00305697  
0.00607633  0.00348856  0.00235369  0.00364544  0.00319373  0.00265217  0.00343614  0.00419211  0.00362294  0.00197599  0.00126722  0.00216883  
0.0072298  0.00307353  0.00188761  0.00235492  0.00284806  0.00231184  0.00249336  0.00327643  0.00232401  0.0020961  0.00240923  0.00372126  
0.00234592  0.00167112  0.00173693  0.00127415  0.00110838  0.000399316  0.0041589  0.00350379  0.00325029  0.00176972  0.00228241  0.0035386  
0.00660769  0.00254332  0.00232964  0.0029869  0.00130498  0.00372293  0.00426313  0.00313384  0.00302671  0.0022929  0.00270455  0.00379699  
0.00212358  0.0031528  0.00169967  0.0023185  0.00282962  0.00218359  0.00301041  0.00308853  0.00260306  0.000282054  0.00250264  0.00341337  
0.00335189  0.00267784  0.0023822  0.00370902  0.00192488  0.00253381  0.00300261  0.00230513  0.00252191  0.0022379  0.00274045  0.00356526  
0.00349821  0.00208082  0.00243457  0.00291445  0.00143394  0.00231954  0.00252618  0.00186259  0.00244848  0.00201467  0.00268893  0.00340549  
0.00274887  0.00280964  0.00227678  0.00256737  0.00306232  0.00266506  0.00353402  0.00295303  0.00254407  0.00209136  0.00277177  0.00366691  
0.0050249  0.00292725  0.00225719  0.00322816  0.0033151  0.00232692  0.00313522  0.00355373  0.00217178  0.00229904  0.00274889  0.0037875  
0.00432152  0.0028822  0.00217111  0.00328185  0.00337853  0.0025293  0.00292974  0.00236544  0.00184202  0.00240198  0.00296171  0.00372496  
0.0045194  0.00289505  0.00467872  0.00254927  0.00148158  0.00233125  0.00169202  0.00337764  0.00332478  0.00272364  0.00226239  0.00410904  
0.00265122  0.00206662  0.00225118  0.00200294  0.00368581  0.00332762  0.00405659  0.00302885  0.00295613  0.00190634  0.00230078  0.00338812  
0.00175  0.00403728  0.00184311  0.00188862  0.0017661  0.00393275  0.00269784  0.00372432  0.00274952  0.00327944  0.00262937  0.00308539  
0.00731553  0.00733844  0.00269888  0.00236267  0.00204097  0.00246712  0.00241754  0.00240661  0.00195007  0.00151657  0.00263376  0.00416878  

#Number of events available for calibration = 
0  0  0  4  49  175  164  57  12  11  6  0  
0  0  0  38  237  614  720  187  116  86  37  9  
0  0  26  209  977  1553  1141  820  532  290  172  30  
0  2  73  561  2178  3778  3779  2557  1441  874  408  61  
0  3  109  938  2953  4455  4673  3734  2823  1755  706  104  
0  11  182  1283  3090  4474  4811  3991  3129  2135  714  79  
0  26  299  1645  3128  4431  4492  3725  2725  1530  441  54  
1  27  406  2071  4417  5357  5155  3945  2575  1208  361  30  
0  39  472  1787  3711  4614  3942  4047  3141  1641  442  55  
3  88  818  3052  4876  5071  4450  3518  2562  1436  403  45  
1  83  1005  3997  6028  6119  5237  4432  3068  1414  315  31  
2  96  1126  3799  5214  5123  4872  4684  3270  1373  258  30  
7  140  1023  1632  4342  4302  4718  4552  3221  1281  276  27  
4  110  955  3402  5096  4843  4545  4251  2738  1171  203  11  
3  116  991  3870  5735  5932  4949  4336  3061  751  240  22  
6  123  984  4009  5747  5508  5213  4696  3474  1587  285  24  
5  102  879  3628  5378  5627  5149  4222  3768  1932  356  47  
2  65  680  3022  5351  5590  5493  5048  3981  2135  504  49  
4  45  529  2528  4596  5429  5221  4605  3807  1991  548  60  
0  25  429  1769  3479  4519  3993  3419  2620  1643  506  52  
1  21  271  1294  2982  3222  2729  3031  3132  2449  858  101  
0  13  182  955  1962  2977  3766  4006  3915  3030  1099  148  
0  7  107  594  1420  2460  2857  3011  3180  2497  953  122  
0  2  21  134  293  521  558  665  699  533  272  38  




#HCal gain coefficients from SBS-4 obtained 6_20_2023 timestamp set -------[ 2021-10-24 04:30:00 ]
Total number of events available to calibrate for this set: 92006
-------[ 2021-10-24 04:30:00 ]
sbs.hcal.adc.gain =
0.00175  0.00266867  0.00263163  0.00180382  0.000396164  0.00210177  0.0106461  0.00332779  0.00145959  0.00145491  0.00222524  0.00374568  
0.00175  0.0028114  0.00168388  0.00668633  0.00560101  0.00631107  0.00376495  0.00171917  0.0095077  0.00195498  0.00104803  0.00256277  
0.00175  0.000549083  0.000775478  0.00706649  0.00541446  0.00557025  0.00159041  0.00209414  0.00235277  0.00489842  0.000180859  0.0031688  
0.00175  0.00165191  0.00138037  0.00414536  0.00602389  0.00506648  0.00800308  0.0081902  0.0062741  0.00515303  0.00191594  0.00296845  
0.00175  0.00131023  0.0015652  0.00743043  0.00613737  0.00400329  0.00477095  0.00458279  0.00461519  0.00700545  0.00184944  0.00272894  
0.00539881  0.00224432  0.00157432  0.00363388  0.00465146  0.00638312  0.00837305  0.00520299  0.00545451  0.00146103  0.00173477  0.00254265  
0.00169373  0.000275533  0.000298944  0.00167402  0.0034549  0.00259635  0.00487687  0.00458184  0.00531731  0.00492366  0.00220461  0.00311957  
0.0030827  0.00186074  0.00427055  0.00640121  0.00635919  0.00549219  0.00568028  0.00425126  0.00326016  0.00330296  0.00428553  0.00326762  
0.00512732  0.00154451  0.00602682  0.00410842  0.00684222  0.00479637  0.0061848  0.0051262  0.00443426  0.00391987  0.00313072  0.00300717  
0.00260136  0.00148176  0.00379244  0.00644253  0.00563951  0.00471879  0.00530301  0.00490151  0.00472791  0.00358453  0.00320765  0.00305697  
0.00607633  0.00171058  0.002186  0.00459915  0.00584518  0.00444835  0.00458888  0.00456541  0.00476953  0.00542745  0.00251099  0.00216883  
0.0072298  0.00174206  0.00440093  0.00485487  0.00540309  0.00544022  0.00562319  0.004578  0.00426187  0.00559693  0.00396527  0.00372126  
0.000449533  0.000488912  0.00311563  0.00191431  0.000702622  0.00356011  0.00550277  0.00473043  0.00556537  0.00262502  0.00273931  0.0035386  
0.00660769  0.00120219  0.00526137  0.00362179  0.00378127  0.00492152  0.00555701  0.00492613  0.00514987  0.00375223  0.00438227  0.00379699  
0.00212358  0.0017905  0.00468186  0.0047169  0.00540933  0.00492904  0.00465722  0.0041057  0.00495145  0.000219979  0.00281502  0.00341337  
0.00335189  0.00127896  0.00848372  0.00610017  0.0046389  0.0043361  0.0059592  0.00576515  0.00481583  0.00423721  0.00206827  0.00356526  
0.00349821  0.000794794  0.00491779  0.00640286  0.00190489  0.00552032  0.00518199  0.00261981  0.00497782  0.00254715  0.00335259  0.00340549  
0.00274887  0.00140077  0.00681474  0.00449575  0.00552628  0.00416586  0.00532721  0.00541374  0.00432014  0.00427993  0.00477441  0.00366691  
0.0050249  0.00292725  0.00766601  0.00368758  0.0066798  0.00524768  0.00411972  0.0046069  0.00477911  0.00446893  0.00300601  0.0037875  
0.00432152  0.00164664  0.00588143  0.00625606  0.00856356  0.00487945  0.00592315  0.00404925  0.00474134  0.00546068  0.00703519  0.00372496  
0.0045194  0.00171242  0.000476805  0.0048856  0.0054088  0.00609289  0.00377602  0.006428  0.00574798  0.00502372  0.00400473  0.00410904  
0.00265122  0.00116889  0.00677554  0.00585973  0.00549858  0.00532042  0.00692136  0.00552129  0.00556857  0.00559138  0.00380878  0.00338812  
0.00175  0.00403728  0.00242917  0.00396292  0.00473688  0.00605902  0.00400939  0.00531386  0.00575132  0.00369871  0.00521495  0.00308539  
0.00731553  0.00733844  0.00269888  0.00245088  0.00254885  0.00302829  0.0076032  0.0037154  0.00265666  0.00593628  0.00263376  0.00416878  

#One Block Std = 
0.00175  0.00266867  0.00263163  0.00180382  0.000921732  0.00195353  0.00490403  0.00332779  0.00145959  0.00145491  0.00222524  0.00374568  
0.00175  0.0028114  0.00168388  0.00332434  0.00314473  0.0034731  0.00225216  0.000740405  0.00303036  0.00208178  0.00104803  0.00256277  
0.00175  0.000549083  0.000775478  0.00317104  0.00270364  0.0029086  0.00117877  0.00154544  0.00168044  0.00296136  0.000868816  0.0031688  
0.00175  0.00165191  0.00138037  0.00224404  0.00263961  0.00256273  0.0158759  0.0037064  0.00328696  0.00327693  0.00191594  0.00296845  
0.00175  0.00131023  0.0015652  0.00330966  0.00659581  0.00767061  0.00830782  0.00265754  0.00292414  0.00373401  0.00184944  0.00272894  
0.00539881  0.00224432  0.00157432  0.00229623  0.00263566  0.011712  0.011559  0.00292278  0.00291499  0.00148887  0.00173477  0.00254265  
0.00169373  0.000275533  0.000298944  0.00101763  0.0019172  0.00151139  0.00278769  0.00262965  0.00310689  0.00314438  0.00192148  0.00311957  
0.0030827  0.00186074  0.00247412  0.00815595  0.00988674  0.00895298  0.00562637  0.00275911  0.00255239  0.0027352  0.0029347  0.00326762  
0.00512732  0.00154451  0.00242579  0.00226514  0.00841746  0.00568038  0.0075811  0.00698833  0.00532763  0.00273689  0.0022681  0.00300717  
0.00260136  0.00148176  0.00234218  0.00583457  0.00682448  0.00374124  0.00573299  0.00565125  0.00282291  0.00273946  0.00222436  0.00305697  
0.00607633  0.00171058  0.00174422  0.00519697  0.00519566  0.00462623  0.00537908  0.00463336  0.00673537  0.00327175  0.00177084  0.00216883  
0.0072298  0.00174206  0.00247885  0.00658039  0.00677486  0.00608861  0.00483612  0.00491466  0.00256074  0.00344876  0.0030681  0.00372126  
0.000449533  0.000488912  0.00134137  0.00104507  0.000976428  0.00285849  0.00456341  0.0059734  0.00436873  0.00192609  0.00244543  0.0035386  
0.00660769  0.00120219  0.00269212  0.00438201  0.00584602  0.00588177  0.00783551  0.00297223  0.00261559  0.00285728  0.00344221  0.00379699  
0.00212358  0.0017905  0.00242137  0.00420709  0.00675309  0.0067646  0.00547156  0.00348998  0.0059131  0.000230528  0.00265986  0.00341337  
0.00335189  0.00127896  0.00350573  0.00883289  0.00469784  0.0051655  0.00636641  0.00621934  0.0080102  0.00284344  0.0023819  0.00356526  
0.00349821  0.000794794  0.00283036  0.00666109  0.00244912  0.00579925  0.00509266  0.00317642  0.00517194  0.00198557  0.00254009  0.00340549  
0.00274887  0.00140077  0.0030178  0.00647066  0.0043594  0.0033695  0.00601069  0.00535882  0.00468831  0.00257019  0.00341481  0.00366691  
0.0050249  0.00292725  0.00352249  0.00502429  0.00872578  0.00493177  0.00478848  0.00321182  0.00458106  0.00258959  0.00247532  0.0037875  
0.00432152  0.00164664  0.00296994  0.00679386  0.00668262  0.00581632  0.00647892  0.0041759  0.00361818  0.00292412  0.00342642  0.00372496  
0.0045194  0.00171242  0.000476805  0.00468115  0.00697138  0.00697699  0.00219282  0.00664077  0.00663544  0.00256446  0.00234993  0.00410904  
0.00265122  0.00116889  0.00358786  0.0031272  0.00711052  0.00482363  0.00692147  0.00499884  0.00809906  0.00243068  0.002633  0.00338812  
0.00175  0.00403728  0.00217687  0.0027295  0.00551574  0.00807968  0.00447848  0.00276183  0.00308229  0.00252474  0.00371721  0.00308539  
0.00731553  0.00733844  0.00269888  0.00244858  0.00230674  0.00274973  0.00424888  0.00295358  0.00223868  0.00294597  0.00263376  0.00416878  

#Number of events available for calibration = 
0  0  4  40  132  190  108  26  33  39  15  3  
0  0  16  168  496  736  447  119  153  210  43  6  
0  0  28  256  696  989  454  465  484  345  102  6  
0  3  63  397  874  1168  1064  818  622  342  88  9  
0  3  67  518  1121  1384  1298  914  534  258  91  11  
0  4  54  370  655  1168  1262  1126  681  332  92  11  
0  4  86  555  812  889  1061  928  752  354  142  13  
0  23  197  825  1477  1892  1998  1447  828  395  143  25  
0  18  150  846  1784  2337  1776  1841  1506  760  227  32  
1  18  242  1157  2212  2761  2703  2231  1546  934  296  32  
0  17  212  1197  2371  3017  2738  2314  1680  823  175  32  
3  27  282  1314  2487  2881  2306  2128  1381  666  139  12  
0  15  155  517  1516  1834  2284  2155  1514  640  137  11  
0  26  196  919  1603  1806  1655  1615  1034  541  105  14  
1  31  365  1496  2592  2584  2318  2007  1420  367  128  8  
1  44  366  1253  2266  2230  2133  1967  1341  662  144  15  
2  27  342  1164  1942  2136  1914  1585  1214  578  123  15  
1  31  310  1071  1831  1793  1833  1721  1261  649  142  14  
1  31  286  1122  1723  1811  2212  2042  1509  788  211  23  
0  19  277  930  1648  1820  1833  1642  1352  774  197  22  
0  12  83  809  1380  1558  1497  1556  1367  722  187  21  
1  9  130  706  1329  1595  1616  1476  1244  653  220  31  
0  7  106  570  1007  1180  1040  968  973  694  230  28  
0  1  38  122  225  259  229  208  252  146  48  11  


