#HCal gain coefficients from SBS-4 obtained 6_20_2023 timestamp set --------[ 2021-10-21 00:00:00 ]
Total number of events available to calibrate for this set: 220440
--------[ 2021-10-21 00:00:00 ]
sbs.hcal.adc.gain =
0.00175  0.00266867  0.00263163  0.00180382  0.00263728  0.00493392  0.00555302  0.00332779  0.00145959  0.00145491  0.00222524  0.00374568  
0.00175  0.0028114  0.00311657  0.0025307  0.00505981  0.00609532  0.00412861  0.000975149  0.00316024  0.00208857  0.00104803  0.00256277  
0.00175  0.00198737  0.00238623  0.00542509  0.00352093  0.00423342  0.000459284  0.00143502  0.00255107  0.00411856  0.000876732  0.0031688  
0.00175  0.00370595  0.00207407  0.00386071  0.00418099  0.00463403  0.00533427  0.0054054  0.00427833  0.00483708  0.00479961  0.00296845  
0.00175  0.00289564  0.00289219  0.00450078  0.00495376  0.00386966  0.00513563  0.00478294  0.00500577  0.00480556  0.00363056  0.00625463  
0.00539881  0.00349153  0.00571414  0.00383149  0.00473798  0.00492921  0.00490307  0.00475945  0.00465343  0.00278078  0.00399411  0.00254265  
0.00169373  0.00130524  0.000623701  0.00133275  0.00202955  0.00239779  0.00516742  0.00444248  0.00481451  0.0044734  0.00409899  0.00311957  
0.0030827  0.00372947  0.00446471  0.00517817  0.00502643  0.00455332  0.00528562  0.00472203  0.00498296  0.00517496  0.0044984  0.00326762  
0.00512732  0.00316712  0.00329424  0.00433739  0.00517362  0.00451564  0.00340357  0.0048363  0.00433748  0.00448995  0.00441677  0.00300717  
0.00260136  0.00288451  0.00423888  0.00509303  0.00481724  0.00424319  0.00495266  0.00457825  0.00479897  0.00464246  0.00367122  0.00305697  
0.00607633  0.00348856  0.00476676  0.00428672  0.00503546  0.00456989  0.00493641  0.00474065  0.00466954  0.00493975  0.00236902  0.00216883  
0.0072298  0.00307353  0.00358594  0.00478817  0.00497748  0.00479236  0.00443695  0.00475698  0.00436528  0.00528079  0.00635828  0.00372126  
0.00234592  0.00140009  0.00260008  0.00044364  0.00164119  0.00214155  0.00507599  0.00474267  0.00508345  0.00308886  0.0035464  0.0035386  
0.00660769  0.00229965  0.00479944  0.00404159  0.00323169  0.00472219  0.00427548  0.0050214  0.00381847  0.0048855  0.00441776  0.00379699  
0.00212358  0.00534204  0.00352099  0.00423061  0.0046718  0.00479585  0.00454608  0.00476251  0.00481224  0.000434827  0.00368038  0.00341337  
0.00335189  0.00299897  0.00527506  0.00445902  0.00406034  0.00356117  0.00501619  0.00513665  0.00442526  0.00452519  0.00417275  0.00356526  
0.00349821  0.00259843  0.00508455  0.00467779  0.00263058  0.0048975  0.00387608  0.00234892  0.0040677  0.00339307  0.00454097  0.00340549  
0.00274887  0.00280964  0.00498924  0.00351167  0.00462253  0.00405566  0.00496984  0.00524808  0.00473534  0.00403196  0.00517365  0.00366691  
0.0050249  0.00292725  0.00502211  0.00379972  0.00533179  0.00414428  0.00441148  0.00476745  0.00385041  0.00426596  0.00465957  0.0037875  
0.00432152  0.0028822  0.00417032  0.0043947  0.00518461  0.00422162  0.0044393  0.00353803  0.00460582  0.00508497  0.00549399  0.00372496  
0.0045194  0.00289505  0.00713846  0.00413937  0.00415289  0.00463767  0.00364117  0.00538634  0.00503288  0.00412189  0.00414147  0.00460221  
0.00265122  0.00206662  0.0052797  0.00520725  0.00524062  0.00548141  0.00534999  0.00497335  0.00473198  0.00362212  0.00430794  0.00372524  
0.00175  0.00403728  0.00377418  0.00418658  0.00460635  0.00522986  0.00427493  0.00448794  0.00507522  0.00430721  0.00534647  0.00587838  
0.00731553  0.00733844  0.00269888  0.0039631  0.00586891  0.00429239  0.00711374  0.00297118  0.00395898  0.00442643  0.0039072  0.00416878  

#One Block Std = 
0.00175  0.00266867  0.00263163  0.00180382  0.00263728  0.00185798  0.0024062  0.00332779  0.00145959  0.00145491  0.00222524  0.00374568  
0.00175  0.0028114  0.00311657  0.0025307  0.00220669  0.00193068  0.0126821  0.00033258  0.000987108  0.00208857  0.00104803  0.00256277  
0.00175  0.00198737  0.00238623  0.00245061  0.00215401  0.00192553  0.000814091  0.00111288  0.00151991  0.00215693  0.000868816  0.0031688  
0.00175  0.00370595  0.00207407  0.00228005  0.00782754  0.006626  0.00615493  0.00790389  0.00164712  0.00208062  0.00191594  0.00296845  
0.00175  0.00289564  0.00231741  0.00213534  0.00525321  0.00765017  0.00728854  0.00719528  0.00522182  0.00202092  0.00184944  0.00272894  
0.00539881  0.00349153  0.00254019  0.00170834  0.00477808  0.0062558  0.00480965  0.00587632  0.00601575  0.00153972  0.00173477  0.00254265  
0.00169373  0.00130524  0.000966914  0.00134621  0.00541626  0.00389359  0.00554588  0.00479278  0.0071781  0.00200068  0.00173649  0.00311957  
0.0030827  0.00372947  0.00255013  0.00421691  0.00585347  0.00457574  0.00557222  0.00845583  0.00842322  0.00208202  0.00197725  0.00326762  
0.00512732  0.00316712  0.002374  0.00224892  0.00693971  0.00488786  0.00404238  0.00383946  0.00475217  0.00190801  0.00176975  0.00300717  
0.00260136  0.00288451  0.00222348  0.00583045  0.00623682  0.00506412  0.00567558  0.00637698  0.00490075  0.00194299  0.00155949  0.00305697  
0.00607633  0.00348856  0.00235369  0.00604102  0.00529246  0.00439503  0.00573829  0.00694693  0.00600372  0.00197599  0.00126722  0.00216883  
0.0072298  0.00307353  0.00188761  0.00390244  0.00471965  0.00383105  0.00413186  0.00542952  0.00385121  0.0020961  0.00240923  0.00372126  
0.00234592  0.00167112  0.00173693  0.00211145  0.00183675  0.000661723  0.0068919  0.00580627  0.00538619  0.00176972  0.00228241  0.0035386  
0.00660769  0.00254332  0.00232964  0.00494972  0.00216253  0.00616943  0.00706461  0.00519321  0.00501569  0.0022929  0.00270455  0.00379699  
0.00212358  0.0031528  0.00169967  0.00384208  0.00468909  0.00361853  0.00498868  0.00511813  0.00431364  0.000282054  0.00250264  0.00341337  
0.00335189  0.00267784  0.0023822  0.00614637  0.00318979  0.00419889  0.00497575  0.00381992  0.00417916  0.0022379  0.00274045  0.00356526  
0.00349821  0.00208082  0.00243457  0.00482966  0.00237624  0.00384381  0.00385121  0.00305444  0.00405748  0.00201467  0.00268893  0.00340549  
0.00274887  0.00280964  0.00227678  0.0042545  0.00507471  0.00441639  0.00585637  0.0048936  0.00433233  0.00209136  0.00277177  0.00366691  
0.0050249  0.00292725  0.00225719  0.00534953  0.00549359  0.00385603  0.00519551  0.00541977  0.00359895  0.00229904  0.00274889  0.0037875  
0.00432152  0.0028822  0.00217111  0.0054385  0.00559871  0.00419142  0.004855  0.00391988  0.00305249  0.00240198  0.00296171  0.00372496  
0.0045194  0.00289505  0.00467872  0.0042245  0.00245519  0.00386321  0.00280393  0.00559722  0.00550964  0.00468988  0.00226239  0.00410904  
0.00265122  0.00206662  0.00225118  0.00200294  0.00610791  0.00551435  0.00672235  0.00501924  0.00489874  0.00315908  0.00230078  0.00338812  
0.00175  0.00403728  0.00184311  0.00188862  0.00292668  0.00651713  0.00447071  0.00617173  0.00455634  0.0054345  0.00262937  0.00308539  
0.00731553  0.00733844  0.00269888  0.00236267  0.00204097  0.00246712  0.00241754  0.00240661  0.00195007  0.00151657  0.00263376  0.00416878  

#Number of events available for calibration = 
0  0  0  4  50  175  168  58  13  11  6  0  
0  0  0  38  238  617  723  187  116  86  39  9  
0  0  27  212  978  1554  1143  823  537  293  175  30  
0  2  73  564  2184  3786  3789  2564  1455  891  412  62  
0  3  110  942  2960  4470  4694  3750  2832  1768  707  105  
0  11  182  1286  3101  4497  4837  4005  3151  2144  720  81  
0  26  302  1651  3137  4458  4504  3741  2749  1550  451  56  
1  27  407  2072  4420  5363  5168  3972  2589  1224  368  31  
0  39  474  1798  3716  4622  3955  4069  3153  1651  451  57  
5  88  820  3061  4886  5089  4467  3529  2572  1446  409  46  
2  84  1010  4002  6038  6134  5254  4444  3083  1425  320  31  
3  99  1128  3809  5220  5135  4889  4697  3287  1386  260  31  
9  143  1032  1638  4347  4311  4733  4564  3233  1290  279  27  
4  111  961  3415  5103  4850  4556  4265  2747  1178  205  11  
3  118  993  3879  5746  5949  4964  4353  3075  754  243  22  
6  125  990  4020  5756  5521  5227  4702  3481  1596  290  26  
5  103  882  3636  5386  5637  5157  4234  3782  1951  361  48  
2  66  683  3027  5363  5602  5507  5062  3996  2143  508  52  
4  46  533  2536  4607  5442  5235  4619  3826  2000  556  61  
0  25  432  1777  3489  4527  4000  3432  2627  1650  510  52  
1  21  272  1296  2992  3231  2736  3039  3139  2457  866  103  
0  13  184  958  1966  2980  3773  4011  3921  3039  1105  155  
0  7  108  596  1424  2462  2863  3018  3184  2501  961  127  
0  2  21  136  293  523  560  674  704  535  273  40  




#HCal gain coefficients from SBS-4 obtained 6_20_2023 timestamp set -------[ 2021-10-24 04:30:00 ]
Total number of events available to calibrate for this set: 92006
-------[ 2021-10-24 04:30:00 ]
sbs.hcal.adc.gain =
0.00175  0.00266867  0.00263163  0.00180382  0.000566525  0.00350356  0.0176113  0.00332779  0.00145959  0.00145491  0.00222524  0.00374568  
0.00175  0.0028114  0.00168388  0.0110772  0.00931661  0.0104434  0.00626006  0.00283609  0.0157997  0.00323813  0.00104803  0.00256277  
0.00175  0.000549083  0.000775478  0.0117102  0.00898829  0.00920038  0.00262886  0.00347012  0.0038983  0.00811911  0.000299922  0.0031688  
0.00175  0.00165191  0.00138037  0.00686815  0.00998263  0.00840347  0.0132609  0.0135711  0.010412  0.00852346  0.00191594  0.00296845  
0.00175  0.00131023  0.0015652  0.0123012  0.0101564  0.00663396  0.0078563  0.007591  0.00767212  0.011593  0.00184944  0.00272894  
0.00539881  0.00224432  0.00157432  0.00605383  0.00772922  0.0105658  0.0138791  0.00860133  0.00901203  0.00242094  0.00173477  0.00254265  
0.00169373  0.000275533  0.000298944  0.00266747  0.00574087  0.00429831  0.00805655  0.0075935  0.0088115  0.00816744  0.00369012  0.00311957  
0.0030827  0.00186074  0.00711302  0.0105196  0.0105547  0.0090957  0.00941422  0.00704485  0.00541509  0.00545298  0.00710932  0.00326762  
0.00512732  0.00154451  0.00993796  0.00681355  0.0113321  0.00794226  0.0102506  0.00849215  0.00734534  0.00648822  0.00512806  0.00300717  
0.00260136  0.00148176  0.00628859  0.0106714  0.00933148  0.00781196  0.00877598  0.00812342  0.00782783  0.00592587  0.00529085  0.00305697  
0.00607633  0.00171058  0.00361554  0.00761701  0.00966045  0.00736113  0.00757759  0.00756106  0.00789038  0.00895545  0.00418127  0.00216883  
0.0072298  0.00174206  0.00731321  0.00802501  0.00895483  0.00901914  0.00926765  0.00759935  0.00705695  0.00929989  0.00659147  0.00372126  
0.000449533  0.000488912  0.00516631  0.00316875  0.00116392  0.00589917  0.00911298  0.00782767  0.00918922  0.00430083  0.00452763  0.0035386  
0.00660769  0.00120219  0.00870235  0.00600045  0.00626905  0.00815268  0.00919846  0.00812332  0.00853957  0.00622934  0.00718245  0.00379699  
0.00212358  0.0017905  0.00775302  0.0078179  0.00895515  0.0081616  0.00771388  0.00679577  0.0081827  0.000365487  0.00466913  0.00341337  
0.00335189  0.00127896  0.0140625  0.010105  0.00768288  0.00719027  0.00988201  0.00953482  0.00797568  0.00699478  0.00342707  0.00356526  
0.00349821  0.000794794  0.00814141  0.0106063  0.00315496  0.00914695  0.00856809  0.00434279  0.00820849  0.00422325  0.00556271  0.00340549  
0.00274887  0.00140077  0.0113003  0.00744895  0.00915661  0.00691319  0.00885009  0.00889842  0.00716798  0.00707124  0.00797629  0.00366691  
0.0050249  0.00292725  0.0126505  0.00611432  0.0110687  0.00856045  0.00683362  0.00763324  0.00791593  0.00740376  0.00498448  0.0037875  
0.00432152  0.00164664  0.00976414  0.0103566  0.0141849  0.0080991  0.00982325  0.00671472  0.00785709  0.00905074  0.0116075  0.00372496  
0.0045194  0.00171242  0.000476805  0.00809957  0.008926  0.0101027  0.00613618  0.0106625  0.00951395  0.0083387  0.00661401  0.00410904  
0.00265122  0.00116889  0.0112269  0.00970952  0.0090833  0.008817  0.011482  0.00914889  0.0092299  0.00925906  0.00633732  0.00338812  
0.00175  0.00403728  0.00404894  0.0065634  0.00784842  0.0100443  0.00664426  0.00868639  0.00954263  0.00612624  0.00863909  0.00308539  
0.00731553  0.00733844  0.00269888  0.00406805  0.00421636  0.00496804  0.0125932  0.00627018  0.00440344  0.00981253  0.00263376  0.00416878  

#One Block Std = 
0.00175  0.00266867  0.00263163  0.00180382  0.000921732  0.00195353  0.00490403  0.00332779  0.00145959  0.00145491  0.00222524  0.00374568  
0.00175  0.0028114  0.00168388  0.00332434  0.00314473  0.0034731  0.00225216  0.000740405  0.00303036  0.00208178  0.00104803  0.00256277  
0.00175  0.000549083  0.000775478  0.00317104  0.00270364  0.0029086  0.00117877  0.00154544  0.00168044  0.00296136  0.000868816  0.0031688  
0.00175  0.00165191  0.00138037  0.00224404  0.00263961  0.00256273  0.0263086  0.0037064  0.00328696  0.00327693  0.00191594  0.00296845  
0.00175  0.00131023  0.0015652  0.00330966  0.0109302  0.0127113  0.0137672  0.00265754  0.00292414  0.00373401  0.00184944  0.00272894  
0.00539881  0.00224432  0.00157432  0.00229623  0.00263566  0.0194085  0.0191549  0.00292278  0.00291499  0.00148887  0.00173477  0.00254265  
0.00169373  0.000275533  0.000298944  0.00101763  0.0019172  0.00151139  0.00278769  0.00262965  0.00310689  0.00314438  0.00192148  0.00311957  
0.0030827  0.00186074  0.00247412  0.0135156  0.0163837  0.0148364  0.0093237  0.00275911  0.00255239  0.0027352  0.0029347  0.00326762  
0.00512732  0.00154451  0.00242579  0.00226514  0.0139489  0.00941319  0.012563  0.0115807  0.00882865  0.00273689  0.0022681  0.00300717  
0.00260136  0.00148176  0.00234218  0.00966872  0.0113091  0.00619977  0.00950038  0.00936493  0.00282291  0.00273946  0.00222436  0.00305697  
0.00607633  0.00171058  0.00174422  0.00861211  0.00869415  0.00766632  0.00897952  0.00767814  0.0111615  0.00327175  0.00177084  0.00216883  
0.0072298  0.00174206  0.00247885  0.0109047  0.0112269  0.0100897  0.00801413  0.00814429  0.00256074  0.00344876  0.0030681  0.00372126  
0.000449533  0.000488912  0.00134137  0.00104507  0.00161808  0.00473692  0.00756222  0.00989877  0.0072396  0.00192609  0.00244543  0.0035386  
0.00660769  0.00120219  0.00269212  0.00726162  0.00968768  0.00974693  0.0129846  0.00297223  0.00261559  0.00285728  0.00344221  0.00379699  
0.00212358  0.0017905  0.00242137  0.00697175  0.0111908  0.0112099  0.00906715  0.00578339  0.00979885  0.000230528  0.00265986  0.00341337  
0.00335189  0.00127896  0.00350573  0.0146374  0.007785  0.00855998  0.0105501  0.0103063  0.0132741  0.00284344  0.0023819  0.00356526  
0.00349821  0.000794794  0.00283036  0.0110384  0.00405855  0.00961018  0.00843927  0.00526377  0.00857064  0.00198557  0.00254009  0.00340549  
0.00274887  0.00140077  0.0030178  0.0107228  0.00722415  0.00558375  0.00996057  0.00888033  0.00776919  0.00257019  0.00341481  0.00366691  
0.0050249  0.00292725  0.00352249  0.00832597  0.0144599  0.00817264  0.0079352  0.00532245  0.00759147  0.00258959  0.00247532  0.0037875  
0.00432152  0.00164664  0.00296994  0.0112584  0.0110741  0.00963848  0.0107365  0.00692006  0.00599584  0.00292412  0.00342642  0.00372496  
0.0045194  0.00171242  0.000476805  0.00775734  0.0115526  0.0115619  0.00363381  0.0110047  0.0109959  0.00256446  0.00234993  0.00410904  
0.00265122  0.00116889  0.00358786  0.0031272  0.0117831  0.00799344  0.0114699  0.0082838  0.0134213  0.00243068  0.002633  0.00338812  
0.00175  0.00403728  0.00217687  0.0027295  0.00914037  0.0133892  0.00742148  0.00276183  0.00308229  0.00252474  0.00371721  0.00308539  
0.00731553  0.00733844  0.00269888  0.00244858  0.00230674  0.00274973  0.00424888  0.00295358  0.00223868  0.00294597  0.00263376  0.00416878  

#Number of events available for calibration = 
0  0  4  40  134  190  108  27  33  39  15  3  
0  0  16  168  497  737  449  119  154  210  43  7  
0  0  28  256  697  990  454  465  485  345  102  6  
0  3  63  397  875  1169  1065  821  625  342  88  10  
0  3  67  519  1122  1385  1302  916  538  258  91  11  
0  4  54  370  658  1168  1263  1128  682  332  93  11  
0  4  86  556  813  890  1062  932  754  355  144  13  
0  23  197  826  1479  1894  1999  1448  832  397  145  26  
0  18  151  847  1785  2343  1779  1843  1509  765  227  32  
1  18  243  1162  2216  2769  2710  2242  1550  936  299  32  
0  17  212  1199  2377  3024  2753  2331  1697  829  176  33  
3  27  284  1318  2490  2888  2318  2139  1388  671  140  12  
0  15  155  517  1519  1835  2291  2160  1515  643  143  11  
0  26  197  920  1608  1810  1658  1618  1036  546  106  14  
1  31  365  1498  2598  2588  2324  2017  1425  370  128  8  
1  44  366  1254  2270  2233  2137  1973  1352  664  145  15  
2  27  346  1167  1943  2139  1917  1585  1216  579  123  16  
1  31  311  1071  1833  1797  1842  1724  1264  655  143  14  
1  31  287  1124  1725  1815  2216  2045  1513  790  212  24  
0  19  279  933  1651  1822  1833  1647  1353  777  198  22  
0  12  84  810  1385  1559  1500  1559  1367  726  189  22  
1  9  130  707  1333  1599  1620  1478  1245  656  222  33  
0  7  108  571  1010  1181  1046  970  977  696  230  28  
0  1  38  123  226  259  230  211  252  146  48  11  


