#HCal gain coefficients from SBS-4 obtained 6_22_2023 timestamp set --------[ 2021-10-21 00:00:00 ]
Total number of events available to calibrate for this set: 220440
--------[ 2021-10-21 00:00:00 ]
sbs.hcal.adc.gain =
0.00175  0.00266867  0.00263163  0.00180382  0.00263728  0.00488438  0.00411237  0.00332779  0.00145959  0.00145491  0.00222524  0.00374568  
0.00175  0.0028114  0.00311657  0.0025307  0.00507199  0.00611293  0.00418756  0.000972933  0.00316973  0.00208857  0.00104803  0.00256277  
0.00175  0.00198737  0.00238623  0.00541764  0.00350768  0.00422114  0.000455468  0.00143199  0.00252364  0.00409274  0.000875704  0.0031688  
0.00175  0.00370595  0.00207407  0.0038529  0.00417009  0.0046094  0.00531661  0.00538325  0.0042763  0.00483113  0.00478598  0.00296845  
0.00175  0.00289564  0.0028308  0.00450428  0.00492497  0.00385267  0.00511534  0.0047452  0.00497028  0.00479893  0.00362899  0.00579498  
0.00539881  0.00349153  0.00564205  0.00382638  0.00472571  0.00490485  0.00487331  0.00472835  0.0046334  0.00276979  0.00396055  0.00254265  
0.00169373  0.00130524  0.000627466  0.00132064  0.00201422  0.00237518  0.00514531  0.00441061  0.00478372  0.00443101  0.00410147  0.00311957  
0.0030827  0.00372947  0.00447711  0.0051593  0.00501147  0.00452939  0.00525622  0.00469318  0.00495895  0.00514091  0.0044859  0.00326762  
0.00512732  0.00316712  0.00328271  0.00432848  0.00512533  0.00448927  0.00338695  0.00480499  0.00429979  0.00447192  0.00436391  0.00300717  
0.00260136  0.00288451  0.00423684  0.00506932  0.00479057  0.00423383  0.0049122  0.0045522  0.00476028  0.00460606  0.00366181  0.00305697  
0.00607633  0.00348856  0.00469846  0.00427449  0.00499497  0.00454481  0.00490478  0.00470594  0.00464698  0.00493133  0.00237688  0.00216883  
0.0072298  0.00442628  0.00351264  0.00476188  0.00496582  0.00477632  0.00441652  0.0047306  0.00433823  0.00522106  0.00640901  0.00372126  
0.00234592  0.00142383  0.00257003  0.000439707  0.00162964  0.00213583  0.00505774  0.00473181  0.00504541  0.00306574  0.00357339  0.0035386  
0.00660769  0.00235563  0.00477957  0.00402748  0.00322313  0.00470511  0.00425763  0.00499871  0.00379411  0.00483516  0.00453117  0.00379699  
0.00212358  0.00548452  0.00349532  0.00421424  0.00465317  0.00476979  0.00452847  0.00473539  0.00477825  0.000430025  0.00371567  0.00341337  
0.00335189  0.0028539  0.00524801  0.00444223  0.00403942  0.00355277  0.00498999  0.00510483  0.00439736  0.00448656  0.00417098  0.00356526  
0.00349821  0.00261156  0.00507326  0.00465169  0.0026186  0.00487145  0.00385865  0.0023347  0.00403189  0.00337343  0.00454425  0.00340549  
0.00274887  0.00280964  0.00498175  0.00349137  0.00460795  0.00403936  0.00495319  0.00521288  0.00470641  0.00399458  0.00514199  0.00366691  
0.0050249  0.00292725  0.00500809  0.00378158  0.00531361  0.0041259  0.00439064  0.004737  0.00381139  0.00423821  0.00463364  0.0037875  
0.00432152  0.0028822  0.00418341  0.00436571  0.00516786  0.00420828  0.00442257  0.00352534  0.00457714  0.00504185  0.00543415  0.00372496  
0.0045194  0.00289505  0.00716008  0.0041198  0.00412292  0.00461785  0.00361607  0.00535032  0.00499963  0.00409388  0.00410082  0.00553717  
0.00265122  0.00206662  0.00535724  0.00515529  0.00520794  0.00545355  0.00532686  0.00494967  0.00469551  0.00359661  0.00423482  0.00438252  
0.00175  0.00403728  0.00370063  0.00416047  0.00457364  0.00518563  0.00425329  0.00444511  0.00504059  0.0042722  0.00530636  0.00618153  
0.00731553  0.00733844  0.00269888  0.00403089  0.00595699  0.00444453  0.00704426  0.00322927  0.00401142  0.00442805  0.00383942  0.00416878  

#One Block Std = 
0.00175  0.00266867  0.00263163  0.00180382  0.00263728  0.00185798  0.0024062  0.00332779  0.00145959  0.00145491  0.00222524  0.00374568  
0.00175  0.0028114  0.00311657  0.0025307  0.00220669  0.00193068  0.0126821  0.00033258  0.000987108  0.00208857  0.00104803  0.00256277  
0.00175  0.00198737  0.00238623  0.00245061  0.00215401  0.00192553  0.000814091  0.00111288  0.00151991  0.00215693  0.000868816  0.0031688  
0.00175  0.00370595  0.00207407  0.00228005  0.00782754  0.006626  0.00615493  0.00790389  0.00164712  0.00208062  0.00191594  0.00296845  
0.00175  0.00289564  0.00231741  0.00213534  0.00525321  0.00765017  0.00728854  0.00719528  0.00522182  0.00202092  0.00184944  0.00272894  
0.00539881  0.00349153  0.00254019  0.00170834  0.00477808  0.0062558  0.00480965  0.00587632  0.00601575  0.00153972  0.00173477  0.00254265  
0.00169373  0.00130524  0.000966914  0.00134621  0.00541626  0.00389359  0.00554588  0.00479278  0.0071781  0.00200068  0.00173649  0.00311957  
0.0030827  0.00372947  0.00255013  0.00421691  0.00585347  0.00457574  0.00557222  0.00845583  0.00842322  0.00208202  0.00197725  0.00326762  
0.00512732  0.00316712  0.002374  0.00224892  0.00693971  0.00488786  0.00404238  0.00383946  0.00475217  0.00190801  0.00176975  0.00300717  
0.00260136  0.00288451  0.00222348  0.00583045  0.00623682  0.00506412  0.00567558  0.00637698  0.00490075  0.00194299  0.00155949  0.00305697  
0.00607633  0.00348856  0.00235369  0.00604102  0.00529246  0.00439503  0.00573829  0.00694693  0.00600372  0.00197599  0.00126722  0.00216883  
0.0072298  0.00307353  0.00188761  0.00390244  0.00471965  0.00383105  0.00413186  0.00542952  0.00385121  0.0020961  0.00240923  0.00372126  
0.00234592  0.00167112  0.00173693  0.00211145  0.00183675  0.000661723  0.0068919  0.00580627  0.00538619  0.00176972  0.00228241  0.0035386  
0.00660769  0.00254332  0.00232964  0.00494972  0.00216253  0.00616943  0.00706461  0.00519321  0.00501569  0.0022929  0.00270455  0.00379699  
0.00212358  0.0031528  0.00169967  0.00384208  0.00468909  0.00361853  0.00498868  0.00511813  0.00431364  0.000282054  0.00250264  0.00341337  
0.00335189  0.00267784  0.0023822  0.00614637  0.00318979  0.00419889  0.00497575  0.00381992  0.00417916  0.0022379  0.00274045  0.00356526  
0.00349821  0.00208082  0.00243457  0.00482966  0.00237624  0.00384381  0.00385121  0.00305444  0.00405748  0.00201467  0.00268893  0.00340549  
0.00274887  0.00280964  0.00227678  0.0042545  0.00507471  0.00441639  0.00585637  0.0048936  0.00433233  0.00209136  0.00277177  0.00366691  
0.0050249  0.00292725  0.00225719  0.00534953  0.00549359  0.00385603  0.00519551  0.00541977  0.00359895  0.00229904  0.00274889  0.0037875  
0.00432152  0.0028822  0.00217111  0.0054385  0.00559871  0.00419142  0.004855  0.00391988  0.00305249  0.00240198  0.00296171  0.00372496  
0.0045194  0.00289505  0.00467872  0.0042245  0.00245519  0.00386321  0.00280393  0.00559722  0.00550964  0.00468988  0.00226239  0.00410904  
0.00265122  0.00206662  0.00225118  0.00200294  0.00610791  0.00551435  0.00672235  0.00501924  0.00489874  0.00315908  0.00230078  0.00338812  
0.00175  0.00403728  0.00184311  0.00188862  0.00292668  0.00651713  0.00447071  0.00617173  0.00455634  0.0054345  0.00262937  0.00308539  
0.00731553  0.00733844  0.00269888  0.00236267  0.00204097  0.00246712  0.00241754  0.00240661  0.00195007  0.00151657  0.00263376  0.00416878  

#Number of events available for calibration = 
0  0  1  4  57  177  170  61  16  11  7  0  
0  0  0  42  244  622  727  187  117  88  40  12  
0  0  28  224  997  1576  1155  835  545  298  178  32  
0  2  75  578  2206  3822  3843  2599  1472  904  418  71  
0  3  119  969  3011  4528  4758  3803  2875  1803  726  109  
0  12  194  1330  3145  4579  4949  4067  3202  2177  733  92  
1  27  314  1689  3175  4559  4573  3800  2809  1581  473  61  
1  29  423  2121  4473  5424  5257  4043  2650  1255  377  39  
0  42  499  1870  3822  4727  4010  4118  3197  1676  462  67  
5  92  864  3114  4954  5181  4535  3608  2620  1478  420  54  
3  97  1045  4094  6120  6230  5344  4499  3152  1454  336  39  
5  108  1173  3914  5280  5209  4962  4764  3349  1429  280  39  
17  163  1076  1655  4390  4358  4806  4634  3302  1329  322  35  
5  123  1001  3469  5163  4923  4645  4352  2794  1263  235  27  
5  129  1028  3964  5828  6050  5094  4435  3168  774  274  31  
6  143  1037  4093  5809  5585  5326  4794  3568  1665  334  41  
5  113  951  3713  5434  5740  5259  4306  3909  2118  421  78  
2  74  724  3082  5444  5684  5618  5166  4105  2284  560  84  
4  50  559  2607  4654  5506  5341  4704  3929  2096  617  91  
0  30  469  1808  3521  4587  4046  3488  2688  1733  546  70  
2  24  287  1327  3066  3279  2797  3106  3209  2547  931  138  
0  16  199  978  1998  3018  3843  4066  3994  3129  1156  205  
0  8  118  615  1449  2498  2889  3055  3226  2547  994  154  
0  2  23  148  314  559  588  750  737  554  287  47  




#HCal gain coefficients from SBS-4 obtained 6_22_2023 timestamp set -------[ 2021-10-24 04:30:00 ]
Total number of events available to calibrate for this set: 92006
-------[ 2021-10-24 04:30:00 ]
sbs.hcal.adc.gain =
0.00175  0.00266867  0.00263163  0.00180382  0.000356911  0.00652727  0.0617287  0.00332779  0.00145959  0.00145491  0.00222524  0.00374568  
0.00175  0.0028114  0.00168388  0.0369195  0.0275349  0.0312388  0.017438  0.0108323  0.0822832  0.00504173  0.00104803  0.00256277  
0.00175  0.000549083  0.000775478  0.0432987  0.029857  0.0290623  0.00586466  0.0077782  0.00907808  0.0221562  0.000104036  0.0031688  
0.00175  0.00165191  0.00138037  0.0210552  0.0375853  0.0274154  0.0504904  0.0496284  0.0327413  0.0221371  0.00191594  0.00296845  
0.00175  0.00131023  0.0015652  0.0455499  0.033857  0.0197436  0.0223445  0.0215269  0.0201024  0.035896  0.00184944  0.00272894  
0.00539881  0.00224432  0.00157432  0.0159645  0.0226066  0.0345324  0.0610677  0.0252441  0.0276821  0.00394249  0.00173477  0.00254265  
0.00169373  0.000275533  0.000298944  0.00699199  0.017115  0.0122021  0.0232088  0.0218477  0.0249329  0.0211946  0.0071206  0.00311957  
0.0030827  0.00186074  0.0203541  0.0345253  0.0370007  0.0308446  0.0279535  0.0179114  0.0114897  0.0108153  0.0171947  0.00326762  
0.00512732  0.00154451  0.0408398  0.0204651  0.0392247  0.0243422  0.0388639  0.026584  0.0199546  0.0153496  0.0115002  0.00300717  
0.00260136  0.00148176  0.0168978  0.0344904  0.0298743  0.0235022  0.0251406  0.022768  0.021601  0.012793  0.0125661  0.00305697  
0.00607633  0.00171058  0.00742311  0.0212551  0.0300977  0.0191249  0.0201198  0.0199757  0.0211089  0.0243708  0.00993839  0.00216883  
0.0072298  0.00174206  0.0215092  0.0234981  0.0269167  0.0266847  0.0295127  0.0199063  0.0193169  0.0250601  0.0141201  0.00372126  
0.000449533  0.000488912  0.0197613  0.0096016  0.0018681  0.0182248  0.0277856  0.021534  0.028275  0.00947712  0.00850333  0.0035386  
0.00660769  0.00120219  0.0281559  0.0179806  0.0192672  0.0240066  0.030793  0.0220952  0.027735  0.0135892  0.0148533  0.00379699  
0.00212358  0.0017905  0.0248368  0.0235763  0.0275198  0.0239109  0.0213616  0.0174138  0.0227952  0.000566722  0.00835546  0.00341337  
0.00335189  0.00127896  0.0566136  0.0356074  0.0233754  0.0226564  0.0315614  0.0275504  0.0238047  0.0170958  0.0049909  0.00356526  
0.00349821  0.000794794  0.0234277  0.0389301  0.00682344  0.0299198  0.0271914  0.0117437  0.0285302  0.00901946  0.011663  0.00340549  
0.00274887  0.00140077  0.0421768  0.0252509  0.0289748  0.0206554  0.0261753  0.0246455  0.0195028  0.0191376  0.0188518  0.00366691  
0.0050249  0.00292725  0.0454594  0.0169206  0.0377961  0.0279546  0.0186186  0.0205803  0.0255921  0.0210881  0.0100285  0.0037875  
0.00432152  0.00164664  0.0320375  0.0363588  0.0504272  0.0265931  0.0337219  0.0203432  0.0217644  0.0277923  0.0396436  0.00372496  
0.0045194  0.00171242  0.000476805  0.0257878  0.0298439  0.0364111  0.0165942  0.0353706  0.0302079  0.0270951  0.0185068  0.00410904  
0.00265122  0.00116889  0.0354008  0.0299727  0.0261645  0.0246011  0.0383226  0.0281258  0.0286382  0.0349125  0.0153828  0.00338812  
0.00175  0.00403728  0.00750046  0.0157977  0.0219525  0.0315629  0.0179657  0.0271095  0.0295141  0.0148685  0.0200272  0.00308539  
0.00731553  0.00733844  0.00269888  0.00602208  0.00785586  0.00934882  0.0355689  0.0129628  0.00802898  0.0327944  0.00263376  0.00416878  

#One Block Std = 
0.00175  0.00266867  0.00263163  0.00180382  0.000566525  0.00350356  0.0176113  0.00332779  0.00145959  0.00145491  0.00222524  0.00374568  
0.00175  0.0028114  0.00168388  0.0110772  0.00931661  0.0104434  0.00626006  0.00283609  0.0157997  0.00323813  0.00104803  0.00256277  
0.00175  0.000549083  0.000775478  0.0117102  0.00898829  0.00920038  0.00262886  0.00347012  0.0038983  0.00811911  0.000299922  0.0031688  
0.00175  0.00165191  0.00138037  0.00686815  0.00998263  0.00840347  0.10029  0.0135711  0.010412  0.00852346  0.00191594  0.00296845  
0.00175  0.00131023  0.0015652  0.0123012  0.0364609  0.0379236  0.0393099  0.007591  0.00767212  0.011593  0.00184944  0.00272894  
0.00539881  0.00224432  0.00157432  0.00605383  0.00772922  0.063712  0.0849797  0.00860133  0.00901203  0.00242094  0.00173477  0.00254265  
0.00169373  0.000275533  0.000298944  0.00266747  0.00574087  0.00429831  0.00805655  0.0075935  0.0088115  0.00816744  0.00369012  0.00311957  
0.0030827  0.00186074  0.00711302  0.0443389  0.0577101  0.0504502  0.0278529  0.00704485  0.00541509  0.00545298  0.00710932  0.00326762  
0.00512732  0.00154451  0.00993796  0.00681355  0.0486513  0.0289106  0.047839  0.0364365  0.0241093  0.00648822  0.00512806  0.00300717  
0.00260136  0.00148176  0.00628859  0.0313865  0.0363899  0.0187501  0.0273244  0.0263323  0.00782783  0.00592587  0.00529085  0.00305697  
0.00607633  0.00171058  0.00361554  0.0240164  0.0272048  0.0200357  0.0240149  0.0204199  0.0300017  0.00895545  0.00418127  0.00216883  
0.0072298  0.00174206  0.00731321  0.0319928  0.0338124  0.0299718  0.0256115  0.0215228  0.00705695  0.00929989  0.00659147  0.00372126  
0.000449533  0.000488912  0.00516631  0.00316875  0.00260601  0.014671  0.0231855  0.0274238  0.0223468  0.00430083  0.00452763  0.0035386  
0.00660769  0.00120219  0.00870235  0.0218051  0.0298342  0.0288362  0.0435636  0.00812332  0.00853957  0.00622934  0.00718245  0.00379699  
0.00212358  0.0017905  0.00775302  0.0211038  0.0344864  0.0330458  0.0253123  0.0148585  0.0275066  0.000365487  0.00466913  0.00341337  
0.00335189  0.00127896  0.0140625  0.0517967  0.0237641  0.0270947  0.0338448  0.0300076  0.0398138  0.00699478  0.00342707  0.00356526  
0.00349821  0.000794794  0.00814141  0.0407606  0.00881092  0.0315161  0.0268268  0.0143342  0.0300558  0.00422325  0.00556271  0.00340549  
0.00274887  0.00140077  0.0113003  0.036483  0.0230483  0.0167307  0.0296187  0.0247015  0.0212199  0.00707124  0.00797629  0.00366691  
0.0050249  0.00292725  0.0126505  0.0231385  0.0495538  0.0268665  0.0217163  0.0144163  0.0245591  0.00740376  0.00498448  0.0037875  
0.00432152  0.00164664  0.00976414  0.0396604  0.0395451  0.0317493  0.0369779  0.021138  0.016724  0.00905074  0.0116075  0.00372496  
0.0045194  0.00171242  0.000476805  0.0248772  0.0388281  0.0419008  0.00991313  0.0366096  0.035051  0.0083387  0.00661401  0.00410904  
0.00265122  0.00116889  0.0112269  0.00970952  0.034098  0.0224328  0.0384502  0.0256229  0.0417115  0.00925906  0.00633732  0.00338812  
0.00175  0.00403728  0.00404894  0.0065634  0.0257169  0.042441  0.0201608  0.00868639  0.00954263  0.00612624  0.00863909  0.00308539  
0.00731553  0.00733844  0.00269888  0.00406805  0.00421636  0.00496804  0.0125932  0.00627018  0.00440344  0.00981253  0.00263376  0.00416878  

#Number of events available for calibration = 
0  0  4  40  138  193  109  29  34  42  16  3  
0  0  16  168  499  739  452  119  155  211  43  11  
0  0  29  257  701  997  457  465  489  346  105  7  
0  3  63  399  879  1176  1078  828  630  346  89  11  
0  4  69  523  1131  1396  1314  923  550  262  92  13  
0  4  55  376  671  1181  1267  1141  693  338  95  12  
0  4  86  557  816  904  1078  945  765  359  147  15  
1  25  199  835  1490  1912  2019  1472  849  401  151  27  
0  19  154  858  1803  2371  1793  1855  1523  781  230  39  
1  19  252  1175  2243  2806  2760  2279  1573  953  312  37  
1  17  217  1223  2401  3072  2797  2369  1726  841  181  37  
3  27  290  1339  2513  2943  2344  2184  1407  693  144  22  
0  15  158  520  1530  1846  2313  2181  1532  660  167  13  
0  28  202  929  1623  1840  1689  1668  1057  569  123  21  
2  33  372  1527  2631  2616  2368  2044  1456  376  144  11  
2  48  372  1270  2299  2258  2170  2012  1379  687  163  23  
4  28  354  1183  1961  2168  1940  1601  1232  621  133  24  
1  34  320  1088  1864  1831  1887  1752  1297  678  157  24  
3  34  293  1144  1745  1839  2255  2075  1531  808  231  31  
1  22  290  947  1665  1842  1869  1664  1373  789  207  28  
0  14  87  821  1401  1584  1513  1581  1392  740  193  28  
1  10  136  718  1363  1634  1648  1499  1272  665  232  42  
0  8  114  580  1026  1191  1063  983  992  710  234  32  
0  1  50  138  248  277  244  232  261  151  51  11  


