#HCal gain coefficients from SBS-8 obtained 7_27_2023 timestamp set --------[ 2022-01-22 00:00:00 ]
Total number of events available to calibrate for this set: 1195291
--------[ 2022-01-22 00:00:00 ]
sbs.hcal.adc.gain =
0.00175  0.000832389  0.00216707  0.00260728  0.00173454  0.00244883  0.00345769  0.00472513  0.0038453  0.00377492  0.00257243  0.00374568  
0.00218748  0.00322144  0.00283812  0.00288043  0.00342317  0.00341614  0.00186158  0.000772436  0.00270779  0.00175435  0.00166712  0.000751813  
0.00574117  0.000518587  0.00116048  0.00288748  0.0025758  0.00307307  0.0012883  0.00159869  0.00186935  0.0018344  0.000464692  0.0046467  
0.00204131  0.00286018  0.00208691  0.00227611  0.00209987  0.00224149  0.00323001  0.0034194  0.00306428  0.00329767  0.00290022  0.000611591  
0.00288301  0.00219874  0.0027919  0.0028672  0.00258378  0.00188361  0.00280694  0.00287103  0.00284348  0.0026372  0.00251724  0.00272894  
0.000855843  0.00342686  0.00284123  0.00276139  0.00287496  0.00334906  0.00268549  0.00314471  0.00266816  0.00147605  0.00286842  0.00254265  
0.00110621  0.000335165  0.000305835  0.000817463  0.00181371  0.00186291  0.00324195  0.00251617  0.00278697  0.00280785  0.00208296  0.00112951  
0.00132011  0.00298046  0.00268146  0.00312335  0.00264619  0.00236956  0.00319573  0.0032039  0.00327944  0.00243419  0.00284445  0.00214832  
0.00316354  0.00306603  0.00201698  0.00265865  0.00340197  0.00273395  0.00245987  0.00325699  0.00275127  0.00289247  0.00347172  0.00300717  
0.00160568  0.00217731  0.00254304  0.00316491  0.0029646  0.00276867  0.00330708  0.00284511  0.00272106  0.00240271  0.00187161  0.00305697  
0.00253957  0.00296397  0.00248659  0.00303536  0.00289424  0.0032252  0.00329404  0.00317024  0.0028664  0.0030554  0.00103439  0.00216883  
0.00243198  0.00272306  0.0022337  0.00267884  0.00317834  0.00317964  0.00253772  0.00302869  0.00255435  0.00307628  0.00339715  0.00372126  
0.000226171  0.000535791  0.000792084  0.000737837  0.00104044  0.00165249  0.00334211  0.00311474  0.00295106  0.00180099  0.00240825  0.0035386  
0.00518591  0.00179954  0.00240337  0.00171363  0.00170002  0.00295121  0.00242433  0.00342362  0.00220348  0.00288212  0.00303327  0.00379699  
0.00123882  0.00305861  0.00186278  0.00255768  0.0031208  0.00291925  0.00293896  0.00302844  0.0027608  0.000149095  0.00320704  0.00341337  
0.00227908  0.00185074  0.00279229  0.00242554  0.00272821  0.00207229  0.00304734  0.00340114  0.00264226  0.00298349  0.0025483  0.00281359  
0.0031913  0.000903181  0.0029337  0.0025904  0.00192311  0.0028809  0.00283531  0.0015106  0.00155638  0.00203299  0.0026436  0.00160166  
0.00253729  0.00201994  0.0026322  0.00198685  0.00290262  0.00239813  0.00305682  0.00369807  0.00280778  0.0023101  0.00339209  0.00261486  
0.00140808  0.00315215  0.00289878  0.00240097  0.00323481  0.0024931  0.00285118  0.00334007  0.00184003  0.00259088  0.00304941  0.00166835  
0.00239207  0.00247398  0.00243888  0.00258183  0.00407649  0.00231932  0.00245417  0.00211426  0.00302388  0.00276079  0.00297984  0.00391492  
0.00257451  0.00227154  0.000471221  0.00234011  0.00250717  0.00246352  0.00247992  0.00343906  0.00288058  0.00197779  0.00184128  0.00371977  
0.00142221  0.00134962  0.00282098  0.00302798  0.00337323  0.00329946  0.00313695  0.00313786  0.00280131  0.00128527  0.00267217  0.00149429  
0.00149679  0.00324662  0.00214117  0.00266982  0.00277779  0.00311597  0.00271183  0.00276159  0.00301725  0.00279391  0.00311822  0.00254172  
0.00731553  0.00136841  0.00226298  0.0019551  0.00312034  0.00229803  0.00425918  0.00210962  0.00293617  0.00268304  0.00231174  0.00416878  

#One Block Std = 
0.00175  0.00266867  0.00263163  0.00180382  0.00263728  0.00185798  0.0024062  0.00332779  0.00145959  0.00145491  0.00222524  0.00374568  
0.00175  0.0028114  6.2515e+06  1  285541  483239  0  0.00033258  0.000987108  0.00208857  0.00104803  0.00256277  
0.00175  0.000549083  1.03668e+06  5.71868e+07  1.84968e+06  311807  0.000878316  0.00116677  0.00122135  0.00180183  0.000868816  0.0031688  
0.00175  0.00165191  485613  5.81101e+06  3.35338e+07  488736  60169  0  0.00171157  0.00208062  0.00191594  0.00296845  
0.00175  0.00131023  3.61925e+06  3.0888e+06  9.8542e+07  4.35264e+06  0  0  0.00183514  0.00202092  0.00184944  0.00272894  
0.00539881  0  9.6671e+06  4.52387e+07  3.35561e+07  0  0  236883  0.00156161  0.00147743  0.00173477  0.00254265  
0.00169373  0.000275533  6.76494e+07  1.10118e+07  2.44523e+06  4.02508e+06  46789.5  0  0  0.00200068  0.00173649  0.00311957  
0.0030827  930958  3.69563e+07  2.27686e+07  3.23709e+07  5.1287e+07  9.3221e+06  1.61761e+06  0  0.00208202  0.00197725  0.00326762  
0.00512732  326869  1.33424e+07  1.61183e+07  1.98569e+06  8.45652e+06  6.13678e+06  100729  0.00162997  0.00190801  0.00176975  0.00300717  
0.00260136  5.25513e+06  2.52106e+07  1.16529e+06  2.08244e+06  3.09286e+06  2.85569e+06  0  0.00169573  0.00209187  0.00155949  0.00305697  
0.00607633  916731  5.3954e+06  9.09564e+06  8.37879e+06  2.1366e+06  1.63517e+07  946613  756548  0.00197599  0.00126722  0.00216883  
0.0072298  1.9558e+06  2.04138e+08  1.60545e+07  1.03179e+07  4.77339e+07  1.80629e+07  454771  80451.5  0.00213906  0.00240923  0.00372126  
0.000449533  0.000488912  4.44868e+08  6.71351e+08  2.94919e+08  3.31396e+07  1.32052e+06  1.9669e+06  111877  0.00142471  0.00228241  0.0035386  
0.00660769  0  2.66338e+06  6.34914e+08  4.73528e+07  1.73182e+08  1.95286e+07  3.83284e+06  0  0.00214296  0.00270455  0.00379699  
0.00212358  0.0017905  9.70323e+06  8.43749e+06  1.19891e+07  6.36005e+07  1.54085e+07  476792  0  0.000244951  0.00250264  0.00341337  
0.00335189  0.00127896  9.37639e+06  1.44497e+07  9.98704e+06  4.37998e+06  6.24594e+07  4.23838e+06  0  0.00191438  0.00274045  0.00356526  
0.00349821  0.000794794  877952  1.82235e+08  8.67022e+07  4.36181e+07  8.93002e+06  2.33108e+07  0  0.00155438  0.00195526  0.00340549  
0.00274887  0.00140077  0  6.08846e+07  6.48544e+07  2.47101e+07  4.4819e+06  7.89327e+06  1.58893e+07  3.60911e+06  0.00244788  0.00366691  
0.0050249  0.00292725  0  5.11115e+07  1.58947e+07  1.84203e+08  3.8252e+07  986264  2.40231e+08  0  0.0020386  0.0037875  
0.00432152  0.00164664  0  1.02007e+07  2.55793e+06  8.41519e+07  2.5383e+08  6.45593e+06  1.07318e+06  4.95728e+06  0.00168128  0.00372496  
0.0045194  0.00171242  0  0  417828  4.26646e+07  3.15233e+07  1.97135e+06  5.54847e+06  4.21192e+07  0.00138985  0.00410904  
0.00265122  0.00116889  0  0  1.04968e+07  907415  1.7652e+07  2.50173e+06  1.71833e+06  3.48747e+06  0.00183152  0.00338812  
0.00175  0.00403728  0  102776  41088.8  1.73101e+06  1.28601e+06  2.16909e+06  1.32866e+06  819537  0.00262937  0.00308539  
0.00731553  0.00733844  0.00269888  0.00236267  0.00204097  0.00246712  0.00241754  0.00240661  0.00195007  0.00151657  0.00263376  0.00416878  

#Number of events available for calibration = 
73  835  2429  4426  5227  3539  1626  374  224  304  144  25  
168  2335  8137  15466  16063  12379  5345  976  935  1497  515  143  
209  2312  10913  22989  22454  18118  6496  4198  3206  2774  997  162  
438  5045  18324  24564  26554  22690  14214  7922  4451  2880  981  126  
602  5705  19551  28495  30805  26177  18887  11181  6527  2678  675  68  
549  6558  19282  28965  27201  24917  18594  13972  8288  3458  648  72  
1190  3140  11259  19555  21539  18255  18966  14482  9246  3593  850  270  
873  7356  20843  30529  31537  26701  21957  15710  8909  3791  830  122  
972  7364  19176  30634  30993  28188  18172  15348  8952  3048  544  61  
1578  9037  27299  35768  33653  28725  24750  18635  9378  3391  518  30  
1124  10136  28331  40130  38707  32090  27164  21393  11901  3677  507  41  
1276  9824  29928  37538  34467  32059  28310  23206  12831  4079  549  42  
577  5728  22975  17771  23503  23411  26769  22420  12732  3830  704  34  
905  6774  24552  37328  33776  28743  26549  22453  12492  4775  758  56  
1074  6289  21629  33887  33314  31150  27045  21623  13841  3349  904  92  
748  5908  21743  31785  31286  27864  26667  22250  13801  5526  1520  165  
872  5609  19647  31250  31045  29677  24632  19546  16694  7996  1818  262  
937  4880  15884  26715  34047  31611  30103  23567  17398  9583  2545  349  
842  4309  13946  25255  31287  31192  30318  24110  19596  10226  3253  407  
654  3571  11361  19319  25670  29363  28839  22191  18546  11746  3475  508  
565  3023  9884  14475  21121  27541  24420  23248  19593  12613  4275  478  
384  2381  7693  11739  17921  24355  25037  21296  17957  12204  3766  620  
151  1661  5624  8545  11263  14562  14362  13384  12211  7215  2284  268  
73  501  1828  2934  2990  4115  3881  4176  3434  1780  576  71  


