sbs.hcal.xpos =
-2.547625 -2.547625 -2.547625 -2.547625 -2.547625 -2.547625 -2.547625 -2.547625 -2.547625 -2.547625 -2.547625 -2.547625 
-2.388875 -2.388875 -2.388875 -2.388875 -2.388875 -2.388875 -2.388875 -2.388875 -2.388875 -2.388875 -2.388875 -2.388875 
-2.230125 -2.230125 -2.230125 -2.230125 -2.230125 -2.230125 -2.230125 -2.230125 -2.230125 -2.230125 -2.230125 -2.230125 
-2.071375 -2.071375 -2.071375 -2.071375 -2.071375 -2.071375 -2.071375 -2.071375 -2.071375 -2.071375 -2.071375 -2.071375 
-1.912625 -1.912625 -1.912625 -1.912625 -1.912625 -1.912625 -1.912625 -1.912625 -1.912625 -1.912625 -1.912625 -1.912625 
-1.753875 -1.753875 -1.753875 -1.753875 -1.753875 -1.753875 -1.753875 -1.753875 -1.753875 -1.753875 -1.753875 -1.753875 
-1.595125 -1.595125 -1.595125 -1.595125 -1.595125 -1.595125 -1.595125 -1.595125 -1.595125 -1.595125 -1.595125 -1.595125 
-1.436375 -1.436375 -1.436375 -1.436375 -1.436375 -1.436375 -1.436375 -1.436375 -1.436375 -1.436375 -1.436375 -1.436375 
-1.277625 -1.277625 -1.277625 -1.277625 -1.277625 -1.277625 -1.277625 -1.277625 -1.277625 -1.277625 -1.277625 -1.277625 
-1.118875 -1.118875 -1.118875 -1.118875 -1.118875 -1.118875 -1.118875 -1.118875 -1.118875 -1.118875 -1.118875 -1.118875 
-0.960125 -0.960125 -0.960125 -0.960125 -0.960125 -0.960125 -0.960125 -0.960125 -0.960125 -0.960125 -0.960125 -0.960125 
-0.801375 -0.801375 -0.801375 -0.801375 -0.801375 -0.801375 -0.801375 -0.801375 -0.801375 -0.801375 -0.801375 -0.801375 
-0.642625 -0.642625 -0.642625 -0.642625 -0.642625 -0.642625 -0.642625 -0.642625 -0.642625 -0.642625 -0.642625 -0.642625 
-0.483875 -0.483875 -0.483875 -0.483875 -0.483875 -0.483875 -0.483875 -0.483875 -0.483875 -0.483875 -0.483875 -0.483875 
-0.325125 -0.325125 -0.325125 -0.325125 -0.325125 -0.325125 -0.325125 -0.325125 -0.325125 -0.325125 -0.325125 -0.325125 
-0.166375 -0.166375 -0.166375 -0.166375 -0.166375 -0.166375 -0.166375 -0.166375 -0.166375 -0.166375 -0.166375 -0.166375 
-0.007625 -0.007625 -0.007625 -0.007625 -0.007625 -0.007625 -0.007625 -0.007625 -0.007625 -0.007625 -0.007625 -0.007625 
0.151125 0.151125 0.151125 0.151125 0.151125 0.151125 0.151125 0.151125 0.151125 0.151125 0.151125 0.151125 
0.309875 0.309875 0.309875 0.309875 0.309875 0.309875 0.309875 0.309875 0.309875 0.309875 0.309875 0.309875 
0.468625 0.468625 0.468625 0.468625 0.468625 0.468625 0.468625 0.468625 0.468625 0.468625 0.468625 0.468625 
0.627375 0.627375 0.627375 0.627375 0.627375 0.627375 0.627375 0.627375 0.627375 0.627375 0.627375 0.627375 
0.786125 0.786125 0.786125 0.786125 0.786125 0.786125 0.786125 0.786125 0.786125 0.786125 0.786125 0.786125 
0.944875 0.944875 0.944875 0.944875 0.944875 0.944875 0.944875 0.944875 0.944875 0.944875 0.944875 0.944875 
1.103625 1.103625 1.103625 1.103625 1.103625 1.103625 1.103625 1.103625 1.103625 1.103625 1.103625 1.103625 


sbs.hcal.ypos =
-0.84217 -0.68723 -0.53229 -0.37735 -0.22241 -0.06747 0.08747 0.24241 0.39735 0.55229 0.70723 0.86217 -0.84217 -0.68723 -0.53229 -0.37735 -0.22241 -0.06747 0.08747 0.24241 0.39735 0.55229 0.70723 0.86217 -0.84217 -0.68723 -0.53229 -0.37735 -0.22241 -0.06747 0.08747 0.24241 0.39735 0.55229 0.70723 0.86217 -0.84217 -0.68723 -0.53229 -0.37735 -0.22241 -0.06747 0.08747 0.24241 0.39735 0.55229 0.70723 0.86217 -0.84217 -0.68723 -0.53229 -0.37735 -0.22241 -0.06747 0.08747 0.24241 0.39735 0.55229 0.70723 0.86217 -0.84217 -0.68723 -0.53229 -0.37735 -0.22241 -0.06747 0.08747 0.24241 0.39735 0.55229 0.70723 0.86217 -0.84217 -0.68723 -0.53229 -0.37735 -0.22241 -0.06747 0.08747 0.24241 0.39735 0.55229 0.70723 0.86217 -0.84217 -0.68723 -0.53229 -0.37735 -0.22241 -0.06747 0.08747 0.24241 0.39735 0.55229 0.70723 0.86217 -0.84217 -0.68723 -0.53229 -0.37735 -0.22241 -0.06747 0.08747 0.24241 0.39735 0.55229 0.70723 0.86217 -0.84217 -0.68723 -0.53229 -0.37735 -0.22241 -0.06747 0.08747 0.24241 0.39735 0.55229 0.70723 0.86217 -0.84217 -0.68723 -0.53229 -0.37735 -0.22241 -0.06747 0.08747 0.24241 0.39735 0.55229 0.70723 0.86217 -0.84217 -0.68723 -0.53229 -0.37735 -0.22241 -0.06747 0.08747 0.24241 0.39735 0.55229 0.70723 0.86217 -0.84217 -0.68723 -0.53229 -0.37735 -0.22241 -0.06747 0.08747 0.24241 0.39735 0.55229 0.70723 0.86217 -0.84217 -0.68723 -0.53229 -0.37735 -0.22241 -0.06747 0.08747 0.24241 0.39735 0.55229 0.70723 0.86217 -0.84217 -0.68723 -0.53229 -0.37735 -0.22241 -0.06747 0.08747 0.24241 0.39735 0.55229 0.70723 0.86217 -0.84217 -0.68723 -0.53229 -0.37735 -0.22241 -0.06747 0.08747 0.24241 0.39735 0.55229 0.70723 0.86217 -0.84217 -0.68723 -0.53229 -0.37735 -0.22241 -0.06747 0.08747 0.24241 0.39735 0.55229 0.70723 0.86217 -0.84217 -0.68723 -0.53229 -0.37735 -0.22241 -0.06747 0.08747 0.24241 0.39735 0.55229 0.70723 0.86217 -0.84217 -0.68723 -0.53229 -0.37735 -0.22241 -0.06747 0.08747 0.24241 0.39735 0.55229 0.70723 0.86217 -0.84217 -0.68723 -0.53229 -0.37735 -0.22241 -0.06747 0.08747 0.24241 0.39735 0.55229 0.70723 0.86217 -0.84217 -0.68723 -0.53229 -0.37735 -0.22241 -0.06747 0.08747 0.24241 0.39735 0.55229 0.70723 0.86217 -0.84217 -0.68723 -0.53229 -0.37735 -0.22241 -0.06747 0.08747 0.24241 0.39735 0.55229 0.70723 0.86217 -0.84217 -0.68723 -0.53229 -0.37735 -0.22241 -0.06747 0.08747 0.24241 0.39735 0.55229 0.70723 0.86217 -0.84217 -0.68723 -0.53229 -0.37735 -0.22241 -0.06747 0.08747 0.24241 0.39735 0.55229 0.70723 0.86217 