#Neutron TOF (ns)vs HCal ID (12col x 24row) offset corrections from MC located here:
#/lustre19/expphy/volatile/halla/sbs/seeds/simulation/gmn_sbs4_ld2_30p_job*
#Date generated: 3_15_2023
39.8263
39.8489
39.8855
39.9346
39.9945
40.0556
40.1262
40.2158
40.2528
40.3134
40.3313
40.3313
39.8231
39.8469
39.876
39.923
39.9894
40.062
40.1469
40.2319
40.3196
40.356
40.3666
40.3496
39.7986
39.8118
39.8409
39.896
39.9599
40.0479
40.1311
40.2204
40.3068
40.365
40.379
40.3842
39.7432
39.755
39.7853
39.8412
39.9127
39.9949
40.0828
40.1769
40.2577
40.3113
40.3506
40.341
39.6659
39.6737
39.7057
39.7621
39.8331
39.9196
40.0141
40.1007
40.1888
40.2414
40.2561
40.2527
39.5844
39.5938
39.6239
39.6765
39.7494
39.8339
39.9263
40.0212
40.1121
40.1603
40.1761
40.1973
39.5081
39.5114
39.5432
39.5948
39.672
39.753
39.8472
39.9423
40.0301
40.0894
40.1201
40.1204
39.4363
39.4399
39.4671
39.5213
39.591
39.6783
39.7784
39.8736
39.9564
40.0239
40.057
40.0533
39.3714
39.3747
39.4024
39.4534
39.5278
39.6102
39.7087
39.807
39.8922
39.9496
39.9877
39.9943
39.3171
39.3203
39.3463
39.3975
39.4695
39.5557
39.6498
39.7471
39.8323
39.8909
39.9294
39.933
39.2749
39.2774
39.2999
39.3517
39.4226
39.5102
39.605
39.6992
39.7847
39.8458
39.8864
39.8987
39.2357
39.2391
39.2644
39.3177
39.3833
39.4718
39.5655
39.661
39.7468
39.812
39.8479
39.8604
39.2091
39.2127
39.2397
39.2873
39.3587
39.4485
39.5403
39.6307
39.7172
39.7776
39.8221
39.8398
39.1916
39.193
39.2185
39.2673
39.342
39.4279
39.524
39.6168
39.698
39.7645
39.8041
39.8251
39.1841
39.1868
39.2098
39.2601
39.3343
39.4186
39.5184
39.6061
39.6938
39.7525
39.7981
39.8115
39.1829
39.185
39.2116
39.2625
39.3338
39.4212
39.518
39.6113
39.6959
39.7603
39.8025
39.8044
39.1924
39.1938
39.2241
39.2758
39.3457
39.4353
39.5295
39.6215
39.7053
39.7732
39.8071
39.8218
39.214
39.2162
39.2439
39.2933
39.3666
39.4511
39.5488
39.6466
39.7315
39.7914
39.835
39.8446
39.2446
39.2488
39.2745
39.3245
39.3968
39.4821
39.5751
39.6731
39.763
39.8272
39.8621
39.8653
39.2882
39.2894
39.314
39.3666
39.4328
39.5206
39.6166
39.7165
39.7984
39.8643
39.9059
39.909
39.3312
39.3357
39.3626
39.4149
39.4826
39.5695
39.6657
39.7615
39.8465
39.9162
39.9501
39.9648
39.3785
39.3893
39.413
39.4654
39.5347
39.6269
39.7169
39.813
39.8961
39.9634
39.9949
39.9996
39.4229
39.4356
39.4628
39.5149
39.589
39.6778
39.7732
39.8691
39.9578
40.0158
40.0477
40.0349
39.4627
39.4702
39.4976
39.5512
39.6264
39.7104
39.8128
39.8971
39.9826
40.0355
40.0512
39.9886
