#Neutron TOF (ns)vs HCal ID (12col x 24row) offset corrections from MC located here:
#/lustre19/expphy/volatile/halla/sbs/seeds/simulation/gmn_sbs14_ld2_70p_job*
#Date generated: 3_15_2023
47.9465
47.9609
47.9749
47.991
48.0163
48.0444
48.0782
48.1183
48.1393
48.1596
48.1669
48.1496
47.9246
47.9344
47.9495
47.9659
47.9914
48.0197
48.0535
48.0841
48.1125
48.1312
48.137
48.1291
47.8955
47.9022
47.9134
47.9317
47.955
47.9811
48.0125
48.0422
48.0716
48.0907
48.0975
48.0967
47.8628
47.8701
47.8794
47.8933
47.9126
47.9384
47.9641
47.9925
48.0184
48.038
48.0502
48.0512
47.8339
47.8349
47.8418
47.8531
47.867
47.8899
47.9149
47.9392
47.966
47.9836
47.9944
47.9957
47.7926
47.7958
47.8022
47.8084
47.8223
47.8401
47.8617
47.8866
47.9119
47.9355
47.9464
47.946
47.7587
47.7606
47.7608
47.7669
47.7761
47.7932
47.8141
47.8363
47.8604
47.8882
47.8975
47.8999
47.7211
47.7188
47.7211
47.7251
47.7341
47.7496
47.7687
47.7925
47.8159
47.8386
47.8534
47.8585
47.682
47.6822
47.6825
47.6849
47.6942
47.7129
47.73
47.7555
47.7757
47.7989
47.814
47.8181
47.6503
47.6467
47.6472
47.6524
47.6595
47.6783
47.6987
47.7179
47.743
47.7648
47.7794
47.7862
47.6177
47.6171
47.6161
47.6206
47.6303
47.6485
47.668
47.6885
47.7124
47.7355
47.7519
47.7557
47.5924
47.5871
47.5863
47.5923
47.6031
47.6202
47.642
47.6654
47.6915
47.715
47.7288
47.7368
47.5695
47.5632
47.5605
47.5661
47.5799
47.5995
47.6213
47.6464
47.6714
47.6954
47.7111
47.7173
47.5481
47.5438
47.5422
47.5482
47.5617
47.5831
47.6078
47.6344
47.6596
47.6837
47.6998
47.7069
47.5413
47.5361
47.534
47.5409
47.5534
47.5738
47.6003
47.6289
47.6544
47.6781
47.692
47.7024
47.5428
47.5357
47.5349
47.54
47.555
47.5762
47.6009
47.6275
47.657
47.6784
47.6946
47.6996
47.5524
47.5482
47.5466
47.5507
47.5649
47.5846
47.6087
47.6376
47.6628
47.6839
47.6998
47.7078
47.5721
47.5668
47.5651
47.5704
47.5819
47.6013
47.6238
47.6514
47.6773
47.7005
47.7146
47.7188
47.5951
47.5912
47.5917
47.5959
47.6064
47.6241
47.6457
47.6705
47.6971
47.7188
47.7322
47.7392
47.6218
47.6181
47.6195
47.6248
47.6337
47.6495
47.6712
47.6954
47.7199
47.7398
47.756
47.7609
47.6543
47.6519
47.6512
47.6554
47.6646
47.6801
47.6981
47.7225
47.7468
47.772
47.7842
47.7881
47.6826
47.6826
47.6825
47.6852
47.6947
47.7107
47.7301
47.7504
47.7763
47.8003
47.8171
47.8178
47.7078
47.7092
47.7126
47.7134
47.7229
47.7393
47.7565
47.7808
47.811
47.8338
47.8447
47.8483
47.729
47.7284
47.7334
47.735
47.7442
47.7582
47.7756
47.8012
47.8273
47.8455
47.8595
47.8593
