#Proton TOF (ns) vs HCal ID (12col x 24row) offset corrections from MC located here:
#/lustre19/expphy/volatile/halla/sbs/seeds/simulation/gmn_sbs11_ld2_100p_job*
#Date generated: 3_15_2023
49.1093
49.1199
49.1294
49.1435
49.1629
49.1777
49.1895
49.1965
49.1949
49.1949
49.1918
49.1737
49.0962
49.0995
49.1091
49.1201
49.1337
49.1453
49.1538
49.1614
49.1636
49.1645
49.1633
49.1551
49.0743
49.0746
49.0793
49.0851
49.0933
49.1011
49.1089
49.1157
49.1206
49.1239
49.1264
49.1182
49.0425
49.0421
49.0427
49.0441
49.0482
49.0535
49.0601
49.0674
49.0734
49.0774
49.0853
49.0856
49.0071
49.0048
49.001
49.0007
49.0017
49.0059
49.0144
49.0197
49.0272
49.0333
49.0373
49.0388
48.9675
48.9639
48.959
48.9561
48.9561
48.9595
48.9662
48.9747
48.9822
48.9879
48.9978
48.9972
48.9252
48.9219
48.9172
48.9129
48.9141
48.9172
48.9243
48.9319
48.9399
48.9498
48.9543
48.9594
48.8857
48.8801
48.8751
48.8727
48.8733
48.879
48.8853
48.8935
48.9027
48.9113
48.9201
48.9246
48.8468
48.8411
48.8366
48.8351
48.8362
48.8411
48.8491
48.86
48.8701
48.8797
48.8867
48.8894
48.8119
48.8068
48.8021
48.8011
48.8025
48.8076
48.8176
48.8283
48.8409
48.8542
48.8583
48.8622
48.7795
48.7735
48.769
48.7677
48.7696
48.7768
48.787
48.8011
48.8152
48.826
48.8373
48.8389
48.7514
48.7449
48.7392
48.7375
48.7411
48.7491
48.7629
48.7773
48.7923
48.8052
48.8169
48.8211
48.7284
48.7213
48.7151
48.7138
48.7181
48.7269
48.7419
48.7582
48.7763
48.7896
48.8015
48.8045
48.7139
48.7054
48.7
48.6991
48.7029
48.7121
48.7261
48.7449
48.7636
48.7796
48.7919
48.7965
48.7094
48.7001
48.6953
48.6934
48.697
48.7056
48.7196
48.7384
48.7563
48.7728
48.7839
48.7878
48.7134
48.7057
48.6985
48.6968
48.6992
48.7079
48.722
48.7387
48.7572
48.771
48.7821
48.7893
48.7258
48.7171
48.7101
48.7079
48.711
48.7196
48.7336
48.7484
48.7637
48.7769
48.7882
48.7927
48.7427
48.7342
48.728
48.7252
48.7291
48.737
48.7497
48.7612
48.774
48.7836
48.7927
48.7991
48.7569
48.7518
48.7459
48.7447
48.7493
48.7572
48.7661
48.7763
48.7882
48.7988
48.8057
48.8057
48.7688
48.7643
48.7615
48.7627
48.7677
48.7733
48.7806
48.7899
48.8
48.8093
48.817
48.8204
48.7787
48.7741
48.7739
48.7764
48.782
48.7885
48.7991
48.8043
48.8147
48.8283
48.8319
48.8358
48.786
48.7803
48.7814
48.7865
48.7907
48.7985
48.8088
48.8186
48.8248
48.8331
48.8405
48.8475
48.7885
48.7871
48.793
48.7982
48.801
48.8071
48.8147
48.826
48.837
48.8424
48.8463
48.8452
48.7898
48.7959
48.8051
48.8042
48.8051
48.8145
48.818
48.8267
48.8307
48.8324
48.8313
48.8378
