#Proton TOF (ns) vs HCal ID (12col x 24row) offset corrections from MC located here:
#/lustre19/expphy/volatile/halla/sbs/seeds/simulation/gmn_sbs14_ld2_70p_job*
#Date generated: 3_15_2023
48.0792
48.0773
48.0781
48.0868
48.0977
48.1177
48.1367
48.1619
48.1911
48.2143
48.2254
48.2267
48.0403
48.0376
48.0411
48.046
48.0576
48.0756
48.0943
48.1203
48.1481
48.1699
48.1847
48.1839
47.9885
47.987
47.9874
47.9918
47.9995
48.0161
48.0375
48.0628
48.0898
48.1145
48.1271
48.1296
47.9303
47.9312
47.9291
47.933
47.9399
47.9543
47.9758
48.0025
48.0308
48.0536
48.0689
48.07
47.877
47.871
47.8682
47.8757
47.8811
47.8954
47.9166
47.9418
47.9724
47.994
48.0132
48.0141
47.8219
47.8189
47.8118
47.8189
47.8278
47.8477
47.8591
47.8854
47.9125
47.9399
47.9572
47.9604
47.7751
47.772
47.768
47.7742
47.7788
47.7959
47.8152
47.8424
47.8695
47.8896
47.9051
47.9108
47.7281
47.7249
47.7229
47.7288
47.739
47.7519
47.7735
47.7967
47.8241
47.8455
47.862
47.8674
47.6907
47.6882
47.6866
47.6917
47.7017
47.7179
47.7387
47.7607
47.7853
47.8064
47.8257
47.83
47.6606
47.6556
47.6561
47.6609
47.6708
47.6841
47.7022
47.7271
47.7536
47.7769
47.7909
47.7976
47.6294
47.6266
47.629
47.6317
47.6412
47.6605
47.6749
47.7006
47.7271
47.7518
47.7647
47.7715
47.6077
47.6038
47.6051
47.6069
47.6188
47.6379
47.6561
47.6797
47.7067
47.7273
47.745
47.749
47.5859
47.5851
47.582
47.5874
47.6019
47.6192
47.6402
47.6652
47.6939
47.7143
47.7319
47.7359
47.5756
47.5705
47.5703
47.5768
47.5905
47.6097
47.6358
47.6586
47.6854
47.7079
47.7247
47.7294
47.5703
47.5649
47.5643
47.5729
47.5866
47.606
47.6302
47.6544
47.6801
47.7057
47.7214
47.7265
47.5758
47.5713
47.5716
47.5793
47.5918
47.6109
47.6339
47.6586
47.6858
47.7074
47.7222
47.7286
47.5887
47.5848
47.5872
47.5933
47.6059
47.6226
47.645
47.6715
47.6965
47.7169
47.7305
47.745
47.6058
47.6054
47.6057
47.6137
47.6244
47.641
47.6622
47.6851
47.7126
47.7307
47.7444
47.7521
47.6251
47.6246
47.63
47.6345
47.6469
47.6607
47.6843
47.7073
47.7356
47.7532
47.7676
47.7692
47.6506
47.6472
47.6522
47.6554
47.6702
47.6862
47.7057
47.7314
47.7575
47.7768
47.7803
47.7871
47.6701
47.6728
47.6709
47.6795
47.6973
47.714
47.7328
47.7607
47.7807
47.802
47.8143
47.8101
47.6849
47.687
47.6905
47.7012
47.7155
47.7383
47.7619
47.7815
47.8053
47.8263
47.8393
47.8379
47.7028
47.7041
47.7092
47.7263
47.7418
47.7708
47.7871
47.8104
47.8378
47.8523
47.8609
47.8606
47.706
47.7259
47.7279
47.7431
47.7582
47.7782
47.8013
47.8265
47.8468
47.8683
47.8719
47.86
