#Neutron TOF (ns)vs HCal ID (12col x 24row) offset corrections from MC located here:
#/lustre19/expphy/volatile/halla/sbs/seeds/simulation/gmn_sbs9_ld2_70p_job*
#Date generated: 3_15_2023
38.5618
38.593
38.62
38.6393
38.6707
38.7001
38.729
38.742
38.7612
38.7637
38.7505
38.6907
38.5829
38.6008
38.612
38.6405
38.6781
38.7083
38.7417
38.7685
38.7866
37.7834
38.7819
38.7338
38.5646
38.5855
38.6014
38.624
38.6565
38.6923
38.7323
38.7643
38.7904
38.8092
38.7841
38.7484
38.5415
38.5527
38.5679
38.5912
38.6258
38.6636
38.7054
38.7398
38.7641
38.7771
38.7693
38.7307
38.5043
38.5125
38.5271
38.5505
38.581
38.6205
38.6583
38.6947
38.7198
38.7305
38.7227
38.6846
38.4598
38.4668
38.4789
38.5001
38.5307
38.5666
38.6025
38.6367
38.6636
38.6782
38.6747
38.6425
38.4203
38.4194
38.4299
38.4455
38.4723
38.5053
38.5419
38.5766
38.605
38.6193
38.6209
38.6049
38.3695
38.3698
38.3766
38.3918
38.4152
38.4506
38.4849
38.5203
38.5502
38.5672
38.5706
38.5536
38.3296
38.324
38.327
38.3409
38.3631
38.3972
38.4313
38.467
38.5005
38.5204
38.5254
38.5233
38.2862
38.2842
38.2906
38.3018
38.323
38.3533
38.3879
38.4225
38.4544
38.4758
38.4837
38.479
38.2542
38.2488
38.2522
38.2622
38.2817
38.3115
38.3479
38.3856
38.416
38.4401
38.4464
38.4447
38.2208
38.2163
38.2216
38.2325
38.2518
38.2817
38.3159
38.3549
38.3861
38.4116
38.4199
38.4199
38.1991
38.1928
38.194
38.208
38.2299
38.2598
38.2963
38.3323
38.3672
38.389
38.3959
38.4006
38.1826
38.177
38.1765
38.192
38.2159
38.2431
38.2781
38.3165
38.3489
38.3706
38.3818
38.385
38.177
38.1704
38.1707
38.1831
38.203
38.2335
38.2718
38.308
38.343
38.3659
38.3772
38.3798
38.1753
38.1676
38.1701
38.1831
38.2056
38.2341
38.2722
38.3096
38.3448
38.366
38.3799
38.382
38.1843
38.1796
38.1819
38.1942
38.216
38.2467
38.2813
38.3219
38.3546
38.381
38.387
38.3877
38.2153
38.2048
38.2031
38.2142
38.2329
38.2627
38.3014
38.3387
38.3692
38.3927
38.4017
38.406
38.2165
38.235
38.229
38.2393
38.2624
38.2895
38.3326
38.3624
38.3949
38.4173
38.4233
38.4234
38.2513
38.2631
38.2602
38.2778
38.2929
38.3216
38.3622
38.3911
38.4263
38.4496
38.4552
38.4484
38.2907
38.2978
38.3019
38.3075
38.3378
38.3619
38.395
38.4317
38.4659
38.4877
38.4869
38.4821
38.3299
38.3292
38.3335
38.3486
38.3776
38.4047
38.4405
38.475
38.5065
38.5262
38.528
38.514
38.365
38.3668
38.3728
38.3905
38.4171
38.4484
38.48
38.5146
38.5493
38.5637
38.5585
38.5361
38.3932
38.3952
38.4017
38.4197
38.4451
38.4763
38.507
38.5411
38.5708
38.5771
38.5634
38.5352
