#HCal cosmic fit parameters obtained 9_14_2022
#Exponential fit for i PMTs -> y = P0_i*exp(-P1_i*x)+P2_i, P2_i = 
-77.1114
-98.9342
-75.1552
-73.0894
-72.6173
-73.8688
-74.5762
-74.217
-75.2133
-75.2708
-76.3784
-71.5344
-71.5042
-80.2374
-99.2255
-73.5981
-72.4263
-73.6188
-74.3174
-75.5428
-73.3737
-74.2489
-75.8037
-76.2243
-71.2751
-69.0692
-83.0844
-72.6925
-72.3529
-72.4779
-74.9528
-72.9807
-73.2934
-73.2718
-73.011
-71.8969
-69.2479
-72.5769
-71.628
-72.9057
-73.2689
-72.7789
-73.2163
-72.8009
-73.3849
-74.3239
-73.8219
-94.1335
-77.038
-71.6216
-72.7159
-74.3337
-74.1222
-74.2472
-74.0445
-73.7928
-73.6225
-74.4139
-74.9822
-76.8673
-72.7978
-65.2821
-73.2824
-74.2335
-74.9986
-74.907
-73.1395
-74.2787
-74.4351
-73.6884
-75.587
-78.157
-80.3463
-64.8052
-73.6996
-73.5687
-75.3977
-77.8162
-74.4935
-74.3122
-74.8049
-74.6506
-73.8605
-77.2278
-74.7933
-70.5952
-75.4102
-75.4168
-75.119
-74.8567
-74.959
-75.5948
-76.0834
-77.46
-75.9903
-69.7514
-76.2584
-74.1041
-74.8033
-75.7528
-75.5278
-76.4764
-76.8374
-76.2734
-76.4147
-76.4152
-76.9233
-75.9059
-69.9199
-73.2847
-74.2471
-74.509
-75.011
-75.8364
-75.6463
-75.5153
-76.0544
-75.9512
-75.8203
-74.7886
-72.4553
-72.9229
-73.6713
-73.6826
-74.6893
-74.9764
-75.723
-75.8086
-76.5249
-76.1241
-72.9884
-76.0006
-95.2991
-73.383
-73.1177
-74.0974
-73.4983
-73.8967
-75.0673
-74.3392
-74.9066
-74.7014
-73.2211
-66.4775
-68.8486
-70.8603
-72.0242
-74.7625
-73.5477
-74.3235
-73.9711
-73.0107
-73.4235
-73.1019
-72.2492
-70.7896
-95.6362
-71.6094
-72.8151
-73.5449
-73.0959
-74.1246
-73.5541
-73.7747
-74.2166
-74.0304
-72.1881
-70.891
-67.2969
-71.9828
-75.39
-74.1083
-73.6893
-73.9028
-74.6572
-74.5442
-75.3982
-78.4702
-73.0899
-71.3782
-73.5956
-72.2954
-72.5257
-73.8915
-73.9925
-73.6284
-73.6871
-73.9275
-73.9746
-74.5673
-73.8952
-71.0249
-76.6069
-74.3837
-73.6741
-74.1971
-74.2527
-74.3347
-74.9246
-75.1742
-75.1265
-75.1427
-72.4144
-70.3949
-73.0431
-73.313
-75.2228
-73.9104
-74.4114
-74.5438
-75.2614
-74.9603
-75.1669
-74.5992
-75.3858
-70.6022
-69.1813
-72.6769
-77.1941
-73.4564
-73.64
-74.1889
-74.4132
-73.7025
-73.3961
-73.1404
-72.9427
-66.9626
-74.7904
-71.0939
-73.0056
-74.8651
-75.2752
-73.7688
-74.5397
-74.323
-73.385
-72.7775
-72.6038
-71.5227
-68.5502
-68.7196
-113.14
-73.1554
0
-73.8061
-73.05
-72.767
-72.7709
-71.3158
-73.3898
-70.8634
-88.65
-71.5519
-74.3007
-73.5506
-72.7427
-72.8816
-72.2508
-71.8688
-72.0688
-71.9773
-72.7351
-75.3617
0
-96.489
-73.0652
-72.8613
-71.4766
-71.9031
-72.1228
-71.9622
-71.7815
-72.4918
-73.8157
-77.1565
-83.5436
-76.706
-69.8886
-69.9406
-73.786
-69.0941
-73.4083
-73.2077
-74.6599
-75.1685
-72.5081
-75.8774
