#Timewalk parameters from SBS-4 obtained 4_29_2022
#
#
#HCal_TDC_timewalk = 
-73.7091  13.953  -7.14078  -13.0627  -2.93859  -18.4913  -18.2755  -19.3754  -31.2093  -3.16704  6.68939  21.0489  
-73.7091  -11.5445  -9.25794  -5.84861  -22.8807  -24.4209  -29.2967  -38.2373  -27.6192  -11.9942  -35.6941  7.08232  
-73.7091  13.9449  -15.6214  -11.1973  -18.513  -24.0025  -24.8968  -26.4652  -29.8183  -16.3061  -6.98282  12.572  
-73.7091  13.9498  -15.1039  -22.2246  -26.567  -26.8014  -22.6076  -23.0895  -30.1005  -14.8308  -13.8452  19.1954  
-73.7091  0.822267  -13.0181  -23.9531  -26.196  -21.1389  -25.5953  -27.2732  -24.8992  -21.2443  -11.937  -0.933825  
-1.13002  -18.444  -26.6689  -31.181  -32.6506  -22.8402  -26.741  -33.2196  -35.2833  -31.846  -22.088  -8.73821  
13.7513  -5.92564  -22.9091  -22.0455  -29.2772  -55.3905  -23.6184  -25.9841  -27.9612  -38.5854  -7.26626  24.1258  
-11.1338  -10.8058  -26.1974  -25.2278  -25.2646  -25.2226  -23.0157  -29.3085  -33.6528  -34.5316  -16.2665  7.17161  
-12.7069  -17.2632  -23.7632  -26.7338  -28.1924  -32.7115  -10.2149  -28.5919  -30.1226  -32.9114  -28.323  -4.02533  
4.43458  -18.3086  -25.9446  -30.4202  -32.8683  -32.0522  -23.3666  -27.2898  -30.9913  -30.4673  -27.8928  -15.9357  
4.49459  -17.003  -25.2341  -29.5223  -29.6033  -29.6045  -11.4024  -18.7125  -35.4772  -39.0307  -27.4534  -9.07163  
10.7705  -16.4575  -23.3502  -30.4932  -31.3648  -35.3701  -32.4683  -28.0897  -35.4132  -37.5745  -12.9635  10.8918  
10.7198  -6.59975  -13.9593  -29.5286  -22.3006  -33.2848  -36.7694  -31.0954  -30.3773  -27.1139  -11.959  17.2564  
17.5566  -20.2686  -19.3573  -26.5188  -27.8422  -27.7595  -29.3827  -27.584  -26.3698  -23.3566  -12.2499  20.4539  
-0.363871  -17.8323  -24.0394  -28.1785  -24.2159  -28.4379  -26.7506  -28.1721  -26.3223  -23.1906  -11.0698  10.5666  
14.2476  0.793393  -17.2513  -29.631  -29.4426  -25.3635  -29.9742  -28.6299  -29.569  -29.095  -18.1667  11.3438  
15.1893  3.95607  -27.1568  -31.8287  -26.4415  -29.2916  -28.9626  -22.1185  -28.8476  -25.1977  -21.0223  -0.346082  
-10.3226  -9.82102  -29.8372  -31.1184  -26.7287  -29.4419  -30.0376  -25.0256  -29.7413  -25.2932  -22.15  1.32987  
24.7088  -15.06  -18.8126  -29.291  -35.2899  -32.7539  -25.6561  -31.8097  -28.6706  -17.7217  -21.1172  1.31247  
6.96178  -19.9773  -27.6343  -35.3892  -41.069  -29.3101  -30.1267  -23.8447  -33.8742  -33.3092  -25.9706  9.44728  
23.4567  -6.611  9.05212  -27.266  -73.7091  -31.5048  -31.7292  -28.8315  -26.6763  -15.9396  -14.4974  15.7659  
15.3164  -9.8921  -22.511  -26.5773  -28.6235  -30.7504  -30.8793  -28.0159  -24.5868  -13.3297  -11.3622  25.6402  
-73.7091  -14.5158  -10.0332  -16.5548  -28.3408  -28.5248  -25.7813  -27.5917  -22.106  -6.40193  -4.64472  24.0146  
19.6324  14.3542  8.75229  -9.9007  -22.3572  -18.6082  -23.7328  -19.7271  -19.9267  -17.7851  5.43671  12.2041  
#
#
#HCal_ADCt_timewalk = 
31.1987  -35.6351  -19.0665  -4.79306  -87.542  -59.4039  -60.1816  -61.8486  -54.7616  -54.8269  27.9269  -0.597098  
-72.9761  -33.8503  -146.266  -103.178  -86.4914  -82.3592  -70.3504  -17.6717  -12.2919  -74.0028  -170.55  -11.819  
-56.3141  -71.6008  -106.085  -54.8159  -97.0134  -98.8448  -3.88198  -68.2222  -78.1756  -88.5653  -64.3344  -110.853  
-175.26  -125.78  -91.8158  -77.0022  -126.717  -108.461  -105.858  -117.907  -68.0148  -87.3403  -126.998  -59.6053  
-224.977  -77.7778  -109.854  -127.7  -69.2958  -79.5009  -130.35  -124.989  -105.89  -114.015  -49.9438  -75.9225  
-90.2446  -118.476  -88.3546  -96.021  -89.2388  -79.2659  -135.712  -143.147  -93.0864  -98.7118  -31.7169  -50.4502  
-10.6892  -58.3586  -63.9077  -74.879  -49.6185  -108.409  -127.242  -122.158  -72.8672  -108.101  -102.18  -93.4407  
10.6023  -24.8066  -16.7888  -36.5954  -64.827  -53.64  -64.2752  -81.8215  -62.0781  -62.6711  -64.5212  -43.7826  
-62.7064  -101.943  -92.7844  -94.8566  -63.749  -58.2381  -53.0963  -93.92  -91.2385  -106.437  -54.4008  -62.414  
23.3364  -62.4529  -44.0692  -30.4202  -76.6082  -57.8483  -118.223  -102.435  -37.9642  -72.1862  -45.6771  -49.645  
-60.4357  -82.5685  -107.233  -92.1628  -56.2656  -50.6702  -104.858  -122.018  -102.943  -115.589  -35.6398  -57.0781  
-48.2856  -16.4575  -23.3502  -41.0291  -68.4305  -58.3471  -60.6542  -62.7642  -38.6702  -57.0589  -93.1253  -112.971  
-26.9079  -64.5813  -67.0642  -44.5287  -33.9305  -50.633  -90.5958  -109.054  -87.5606  -91.296  -66.2667  -100.16  
-63.864  -88.2365  -59.162  -56.6116  -58.55  -64.3425  -72.2123  -80.8863  -60.9395  -105.802  -97.0238  -94.7183  
-33.9114  -29.1375  -48.4476  -41.8165  -79.2804  -74.1339  -41.593  -78.3714  -33.0083  -35.211  -106.269  -78.8466  
-30.3473  -91.7105  -97.9342  -67.5143  -71.007  -47.2719  -82.3155  -107.396  -64.1958  -89.6013  -67.4756  -95.7245  
-108.297  -61.0073  -119.382  -61.2267  -49.9186  -46.0878  -62.3982  -55.6216  -81.0151  -96.2357  -107.634  -75.6635  
-52.0963  -83.9889  -90.8813  -54.8822  -75.5096  -57.1021  -83.1605  -106.314  -82.3311  -117.47  -95.5883  -105.753  
-110.228  -111.68  -94.4284  -110.157  -74.7308  -61.9402  -84.1224  -102.547  -87.5067  -97.3864  -94.8676  -141.768  
-106.631  -88.8405  -60.4332  -86.1907  -64.2251  -58.4846  -65.0214  -86.4161  -60.7907  -101.963  -100.546  -99.8802  
-80.8567  -80.5344  -49.3667  -70.2444  -56.3141  -52.1926  -74.041  -114.597  -68.5325  -123.43  -70.0099  -87.8465  
-140.332  -100.417  -97.0373  -77.0207  -45.9223  -33.418  -100.729  -95.2472  -78.9007  -80.7808  -33.6101  -143.343  
-56.3141  -94.7216  -94.9813  -106.269  -60.3369  -64.4765  -85.9562  -89.4406  -65.0135  -88.0192  -42.6993  -72.5976  
-18.753  14.3542  -92.3311  -9.9007  -79.0503  -55.7474  -44.3769  -68.8855  -20.8249  -65.3104  -51.9542  -43.3759  
#
#
#HCal_TDC_offset = 
-32.2962 -14.5537 5.46487 -8.73631 -132.588 -121.931 -70.9052 -82.6474 10.8758 -2.65222 -40.431 -52.9193 
-13.9114 10.9523 -15.7244 5.65787 -88.8356 -93.9876 -60.795 -24.3453 34.0304 -4.87368 22.3271 -23.3599 
64.0445 -15.3999 25.7149 9.27091 -94.0818 -84.3885 -66.9601 -80.5567 47.6893 9.66455 3.39167 -25.6796 
18.5402 16.6013 74.7714 72.4431 -47.3302 -55.5237 -50.4447 -50.6323 58.3953 71.265 28.542 0.399348 
-62.1165 -84.7226 -68.0988 -50.7666 -111.893 -140.11 -142.792 -141.972 -55.0483 -50.9624 -57.9396 -79.6281 
41.0498 71.9757 94.9561 100.433 -138.474 -125.222 3.24474 13.5946 131.203 105.861 -48.2509 -54.472 
-33.9298 47.0922 72.2975 88.5492 -68.8877 -60.4553 -65.0951 -69.403 109.603 88.3217 17.9232 -34.7493 
49.2878 40.6512 62.6749 58.1412 -40.175 -47.3164 -54.0882 -22.0719 66.2668 91.3241 10.4741 -27.0469 
67.2468 109.539 90.6074 78.0786 -10.2136 -17.604 38.309 16.9657 93.7555 102.483 93.1752 56.0591 
36.3597 56.9125 86.3611 80.8987 4.88535 14.4222 27.7871 24.0879 115.154 72.8214 87.1643 62.4988 
82.5092 80.9494 70.2569 85.5993 22.3758 18.9564 57.07 56.6952 100.676 106.977 82.0554 45.4458 
61.4219 69.2073 103.607 91.8557 -23.7259 -35.0277 8.49001 21.0389 116.081 100.544 33.638 23.1898 
-102.533 -66.5332 -69.3663 -23.6779 -132.687 -119.372 -139.468 -131.462 -29.1563 -38.427 -61.4226 -89.1794 
65.143 79.0546 60.1524 58.074 21.7497 -19.9939 40.3667 32.3135 64.2201 68.5388 88.6357 34.4516 
36.0001 72.7392 69.6581 60.8044 -9.84935 -4.57072 39.9093 24.5237 68.8252 63.3997 46.5246 55.4885 
-78.3316 -77.5039 69.5209 91.0477 6.79106 -29.4348 -116.295 -107.862 91.4354 109.341 64.7247 50.5143 
15.1484 28.7223 102.439 124.957 11.6516 26.9645 -28.9844 -46.7195 138.577 115.434 86.8413 55.66 
-139.999 -128.433 -24.7503 -42.8912 38.2897 28.6723 -149.797 -152.694 9.38996 -16.2348 106.452 84.2457 
24.44 40.4345 85.5919 82.8083 -119.272 -93.7679 -7.47037 14.3607 102.41 77.9617 -53.2308 -91.8474 
52.1252 98.5476 128.533 132.084 -150.181 -140.063 57.6292 40.8601 136.503 142.96 -84.694 -104.167 
1.86969 40.6303 10.4491 68.5437 !!-108.623 -119.714 20.1222 -0.133185 67.3044 59.1735 -81.1875 -111.712 
9.48828 27.4605 65.6525 54.4052 -25.4189 -2.22427 40.127 4.82538 59.3764 43.3674 47.6251 -17.9546 
!!103.489 83.4433 57.9704 51.3274 -0.8377 12.9658 7.99569 15.3466 65.0019 43.5674 31.0103 21.6251 
-129.757 -115.494 26.454 23.8937 -24.1818 -6.07379 -145.179 -177.564 55.1012 31.4134 6.46718 38.6483 
#
#
#HCal_ADCtime_offset = 
-20.4649 -19.5384 -20.6772 -20.7928 -4.65864 -7.47262 -8.1121 -5.05684 -17.6004 -20.0466 -24.7217 -19.6783 
-19.9502 -21.5213 -1.14663 -2.39055 -5.60107 -7.64476 -5.82366 -4.01665 -1.22661 -0.331756 -13.7345 -18.3618 
-14.7631 0.802762 -0.771412 -4.59619 14.4984 11.785 15.804 15.0729 -0.774618 -0.0269941 0.687648 -0.556642 
-3.06751 -1.25848 -2.64624 -0.713689 12.4276 11.4516 12.1901 12.1747 -0.379139 -1.5871 -0.409652 -0.106859 
-0.497565 -1.82517 1.12742 -0.601431 -8.24647 -7.5571 13.5816 14.66 0.878802 -0.137403 -18.8867 -19.8985 
-2.44491 -2.39288 -1.60786 -0.517088 -5.5958 -8.97355 10.7787 13.8027 -0.633928 0.801172 -20.0351 -20.7975 
1.5258 1.33348 1.8295 3.45433 13.4532 16.6256 12.304 14.5475 -1.11821 0.636825 -1.50875 -3.19349 
-21.8962 -21.372 -20.4724 -20.3605 -7.06647 -8.12335 -7.54935 -6.24695 -16.9353 -18.4995 -18.0889 -20.1735 
-0.52712 -2.41217 0.0481486 -0.958024 -6.04369 -8.11147 14.4621 14.6745 0.37615 0.321159 -18.9314 -20.4321 
0.856632 -0.461324 -19.831 -19.1582 -8.05309 -6.60605 12.1439 12.6343 -18.6659 -17.2439 -19.9599 -20.0152 
-3.51906 -1.60806 -0.436322 -0.659721 -8.94818 -7.20939 11.2465 11.3293 -0.694388 -0.695817 -18.2025 -19.6023 
-21.0015 -22.4179 -19.451 -18.055 11.5068 11.8501 -5.98793 -5.60125 -18.9419 -18.5803 -1.87783 -2.06332 
1.27741 1.56281 2.52408 4.24872 16.7665 12.2822 16.6027 16.9201 1.49026 2.61748 -1.97999 -2.77239 
-3.62297 -0.581917 -1.20553 0.373987 9.7643 12.1646 9.44601 11.8346 -1.01421 0.650285 -2.73989 -2.10527 
-20.3101 -21.1396 -19.846 -18.2351 10.709 8.98821 -6.81806 -6.1291 -19.2179 -15.857 -2.49591 -3.21262 
-5.09212 -2.16266 -2.19777 -1.8176 10.77 10.9909 9.2252 11.1403 -0.212425 -1.14517 -1.35833 -3.51819 
-2.45182 -2.19328 -0.381136 -0.497967 14.5018 8.02611 14.0993 15.7527 -0.671881 1.81308 -1.46877 -1.08301 
-3.83124 -0.987306 -7.54784 -0.557138 8.94339 7.9091 9.26019 12.0643 -2.25748 -1.34268 -3.87658 -1.61392 
-1.79281 1.20509 -2.69672 0.524087 10.4776 11.8139 11.5414 10.5887 -0.954809 -0.104326 -3.43585 -0.953243 
-2.85637 -4.07503 -2.79192 -2.31443 12.6618 11.4648 10.0945 13.7026 -1.75668 -3.22044 -0.55541 -0.661376 
-1.14105 -0.011887 -2.0092 0.102029 -3.81702 -8.82908 12.5838 13.5548 -0.321434 1.39309 -18.5185 -17.5352 
-1.32701 -1.31781 -4.33035 -2.84324 -9.44342 -12.2366 7.93271 10.0696 -1.80185 -2.078 -20.6214 -23.0127 
-339.997 -4.03246 -3.44082 -3.15738 -8.86355 -11.4005 12.1745 10.8489 -3.21208 -2.29835 -20.2079 -23.2667 
-20.2397 -19.1979 -20.9791 -21.4844 -9.54202 -10.3684 -7.24628 -4.21005 -21.8314 -20.8838 -19.8203 -20.766 
