#Proton TOF (ns) vs HCal ID (12col x 24row) offset corrections from MC located here:
#/lustre19/expphy/volatile/halla/sbs/seeds/simulation/gmn_sbs4_ld2_30p_job*
#Date generated: 3_15_2023
39.9803
39.9872
40.0146
40.0689
40.1396
40.2331
40.3361
40.443
40.544
40.6095
40.6488
40.6336
39.9176
39.9286
39.9573
40.0102
40.0821
40.1655
40.2713
40.3731
40.4752
40.5483
40.5907
40.5939
39.8407
39.8462
39.8738
39.9268
39.9995
40.0881
40.1898
40.2931
40.3917
40.4666
40.5018
40.5228
39.7484
39.7602
39.7876
39.8418
39.9192
40.0095
40.1091
40.2106
40.3082
40.3839
40.4255
40.4296
39.6689
39.6784
39.7089
39.7618
39.8425
39.9321
40.0306
40.1364
40.2317
40.3133
40.3496
40.356
39.6024
39.6054
39.6335
39.6921
39.7702
39.8612
39.9606
40.0647
40.1618
40.24
40.291
40.3027
39.536
39.545
39.5712
39.6276
39.7045
39.8
39.901
40.0049
40.1
40.1751
40.2204
40.2363
39.4834
39.4909
39.515
39.575
39.6549
39.7471
39.8491
39.952
40.0515
40.1178
40.1734
40.1676
39.4407
39.4441
39.4724
39.5331
39.6104
39.7076
39.8073
39.9128
40.0113
40.072
40.1122
40.137
39.4023
39.4069
39.4381
39.4987
39.5773
39.67
39.776
39.8813
39.9788
40.0416
40.0885
40.0984
39.3803
39.383
39.413
39.4698
39.5515
39.6485
39.7521
39.8549
39.947
40.017
40.0645
40.0776
39.3667
39.3695
39.3984
39.4577
39.54
39.6394
39.7464
39.8485
39.9413
40.0062
40.0552
40.0524
39.3638
39.3681
39.3966
39.4603
39.5425
39.6465
39.7509
39.852
39.9404
40.0071
40.046
40.0353
39.3739
39.3767
39.4052
39.4686
39.5601
39.6615
39.7651
39.8649
39.9552
40.0176
40.0534
40.0575
39.3983
39.3998
39.4341
39.5015
39.5867
39.6862
39.7878
39.8893
39.9768
40.0395
40.0803
40.0813
39.4286
39.4373
39.4716
39.5366
39.6207
39.7128
39.806
39.9071
39.9848
40.0419
40.0619
40.0564
39.46
39.4665
39.4951
39.5524
39.6313
39.708
39.7954
39.8839
39.9567
40.0106
40.0272
39.9875
39.4648
39.466
39.4898
39.5362
39.6
39.6813
39.7522
39.8125
39.8797
39.9473
39.9563
39.9246
39.4644
39.4536
39.4743
39.5147
39.5619
39.6398
39.7049
39.7746
39.8314
39.8894
39.8928
39.8759
39.4684
39.4588
39.4847
39.5031
39.5533
39.6165
39.6742
39.7314
39.8063
39.8316
39.8391
39.8414
39.4994
39.4961
39.493
39.5291
39.5485
39.5883
39.6897
39.7399
39.8478
39.7969
39.8603
39.8945
39.5031
39.5214
39.5202
39.5534
39.5908
39.6215
39.6348
39.759
39.7885
39.7895
39.8138
39.7801
39.5172
39.5031
39.5324
39.5674
39.6069
39.6009
39.6001
39.7551
39.7341
39.6353
39.0137
39.0137
39.5412
39.5287
39.5306
39.5994
39.5409
39.562
39.6835
39.7328
39.6689
39.6455
39.7642
39.7469
