#Neutron TOF (ns)vs HCal ID (12col x 24row) offset corrections from MC located here:
#/lustre19/expphy/volatile/halla/sbs/seeds/simulation/gmn_sbs7_ld2_85p_job*
#Date generated: 3_15_2023
47.5497
47.5615
47.5883
47.6093
47.6337
47.6562
47.6807
47.7114
47.7347
47.7494
47.7638
47.7371
47.5443
47.5546
47.5667
47.5902
47.6161
47.6361
47.6619
47.6916
47.7145
47.7313
47.7381
47.727
47.5322
47.5365
47.55
47.5675
47.587
47.6119
47.6359
47.6589
47.6813
47.6978
47.7081
47.7012
47.5165
47.5152
47.5245
47.5367
47.556
47.5775
47.5983
47.6251
47.6419
47.6582
47.6647
47.6625
47.491
47.494
47.4966
47.5066
47.5215
47.5388
47.5594
47.5796
47.5982
47.6135
47.6185
47.6144
47.4626
47.4622
47.4649
47.4722
47.4834
47.4997
47.5187
47.5334
47.553
47.5698
47.5774
47.5737
47.4318
47.4304
47.4325
47.4369
47.4461
47.4574
47.4724
47.4916
47.509
47.5242
47.534
47.5358
47.4005
47.3987
47.3989
47.3988
47.4067
47.4181
47.4328
47.4475
47.4679
47.4853
47.4942
47.4916
47.3685
47.367
47.3636
47.3649
47.3698
47.3815
47.3946
47.4131
47.4317
47.4475
47.4604
47.4585
47.3357
47.3341
47.3288
47.3317
47.3366
47.3471
47.3623
47.3799
47.3991
47.4178
47.4286
47.4324
47.3079
47.3033
47.2984
47.2985
47.3059
47.3164
47.3322
47.3511
47.3714
47.3915
47.4013
47.4051
47.2796
47.2713
47.2692
47.2686
47.2767
47.2892
47.3069
47.3269
47.3493
47.3692
47.3807
47.3838
47.2545
47.246
47.2422
47.2421
47.2524
47.2662
47.2852
47.3096
47.3332
47.3511
47.3645
47.3666
47.2359
47.229
47.2245
47.2243
47.2333
47.2506
47.2714
47.2967
47.3216
47.3419
47.3533
47.3607
47.2295
47.2198
47.2156
47.216
47.2256
47.2428
47.2669
47.2899
47.3119
47.3331
47.3478
47.3517
47.2312
47.2213
47.2176
47.2191
47.2279
47.2454
47.2677
47.2907
47.3131
47.3355
47.3464
47.3518
47.2445
47.2342
47.2295
47.231
47.24
47.2559
47.2774
47.3002
47.3226
47.3406
47.3529
47.3588
47.2655
47.256
47.2509
47.2518
47.2593
47.2742
47.2943
47.3141
47.337
47.3561
47.369
47.3717
47.2907
47.2818
47.2771
47.2791
47.2857
47.298
47.3145
47.3344
47.3553
47.3722
47.3857
47.3903
47.3183
47.3089
47.3061
47.3076
47.3131
47.3251
47.3392
47.3581
47.3776
47.3941
47.4073
47.4096
47.3404
47.3374
47.3342
47.3373
47.343
47.3527
47.3655
47.3851
47.4051
47.425
47.4305
47.4334
47.3708
47.3658
47.3635
47.3661
47.3715
47.3822
47.3957
47.4111
47.4316
47.4482
47.4592
47.4612
47.3972
47.3931
47.3913
47.3922
47.3954
47.408
47.4206
47.4372
47.4588
47.4773
47.4838
47.4854
47.4136
47.4118
47.4083
47.41
47.4128
47.4239
47.4406
47.4599
47.4779
47.4941
47.4986
47.4946
