#Proton TOF (ns) vs HCal ID (12col x 24row) offset corrections from MC located here:
#/lustre19/expphy/volatile/halla/sbs/seeds/simulation/gmn_sbs8_ld2_70p_job*
#Date generated: 3_15_2023
38.7438
38.754
38.7666
38.7955
38.8387
38.8966
38.9644
39.0362
39.1078
39.1652
39.1909
39.1862
38.6874
38.6939
38.7057
38.7349
38.7771
38.8344
38.8997
38.9687
39.0364
39.0932
39.1254
39.1247
38.6115
38.6122
38.6251
38.6521
38.6974
38.7516
38.8175
38.888
38.9558
39.0046
39.0376
39.0381
38.5261
38.5275
38.5393
38.5674
38.6094
38.6645
38.732
38.8017
38.8701
38.9233
38.9521
38.9562
38.4479
38.4439
38.4565
38.4831
38.5257
38.5812
38.6472
38.7205
38.7846
38.8412
38.8687
38.863
38.3732
38.3709
38.3814
38.4078
38.4505
38.5049
38.5678
38.6404
38.7071
38.7634
38.793
38.7975
38.3092
38.3031
38.313
38.3412
38.3828
38.4363
38.5015
38.5696
38.6411
38.6938
38.7219
38.7347
38.2478
38.2483
38.2568
38.2845
38.3237
38.3791
38.441
38.5132
38.5781
38.6337
38.6614
38.6769
38.2002
38.1961
38.2086
38.2319
38.2745
38.3269
38.391
38.4623
38.5304
38.5811
38.6145
38.6292
38.1573
38.1574
38.1658
38.1919
38.2333
38.2876
38.3571
38.422
38.4862
38.5383
38.5745
38.5889
38.1211
38.1221
38.1323
38.1613
38.2049
38.2575
38.323
38.3888
38.4569
38.5117
38.5448
38.5531
38.1009
38.0974
38.1069
38.1333
38.1776
38.2316
38.2973
38.3647
38.4318
38.4863
38.5158
38.5336
38.0837
38.0805
38.0889
38.1162
38.1597
38.2144
38.28
38.3519
38.4158
38.4711
38.5001
38.5152
38.0751
38.0739
38.0835
38.1089
38.1514
38.21
38.2779
38.3528
38.4147
38.4648
38.4978
38.5144
38.0756
38.0727
38.0838
38.1116
38.1531
38.2121
38.2803
38.3528
38.4174
38.4699
38.5006
38.5136
38.0814
38.0803
38.0925
38.1201
38.1659
38.2255
38.2924
38.3679
38.4317
38.4848
38.5132
38.5289
38.0986
38.0975
38.1109
38.141
38.185
38.2461
38.3138
38.386
38.4522
38.5046
38.5375
38.5434
38.1307
38.1276
38.14
38.1687
38.2126
38.2737
38.3413
38.4164
38.4787
38.5296
38.559
38.5717
38.1633
38.1636
38.1769
38.2065
38.25
38.3142
38.3866
38.4581
38.5227
38.5681
38.5918
38.6017
38.2085
38.2122
38.2256
38.2559
38.3022
38.3652
38.4345
38.5036
38.5613
38.6167
38.6393
38.6472
38.2549
38.2539
38.2704
38.3003
38.3453
38.4055
38.4735
38.5383
38.6016
38.6455
38.6756
38.6677
38.2878
38.2916
38.3031
38.3304
38.3714
38.423
38.4837
38.5471
38.5987
38.6389
38.6542
38.6553
38.3085
38.3064
38.3166
38.3392
38.3732
38.4195
38.4661
38.5261
38.575
38.6094
38.6201
38.6345
38.3091
38.3087
38.3161
38.3367
38.3682
38.4074
38.4408
38.4969
38.5229
38.5368
38.5608
38.5424
