#Proton TOF (ns) vs HCal ID (12col x 24row) offset corrections from MC located here:
#/lustre19/expphy/volatile/halla/sbs/seeds/simulation/gmn_sbs7_ld2_85p_job*
#Date generated: 3_15_2023
47.7391
47.7421
47.7472
47.7534
47.7622
47.7742
47.7907
47.8111
47.8304
47.8474
47.8517
47.8442
47.7091
47.7086
47.712
47.7148
47.7235
47.736
47.7506
47.7709
47.7899
47.8052
47.8151
47.8126
47.6659
47.6638
47.663
47.665
47.67
47.6817
47.6976
47.7151
47.7335
47.7511
47.7638
47.764
47.6141
47.6125
47.609
47.6086
47.6157
47.6242
47.6379
47.6556
47.677
47.6945
47.7065
47.7028
47.5641
47.5615
47.5531
47.5536
47.5589
47.5684
47.5873
47.6036
47.6242
47.6383
47.6509
47.6504
47.509
47.5107
47.5031
47.5018
47.509
47.5182
47.5332
47.5482
47.5729
47.5891
47.5984
47.5994
47.4639
47.4634
47.4566
47.4546
47.461
47.4705
47.4838
47.5027
47.5234
47.5386
47.5541
47.5519
47.417
47.4165
47.4154
47.4148
47.4185
47.4265
47.4382
47.4599
47.478
47.4992
47.5116
47.5106
47.3833
47.3775
47.3749
47.3737
47.3805
47.3893
47.4042
47.4221
47.4428
47.4632
47.4766
47.4831
47.3475
47.345
47.3386
47.3405
47.3459
47.3579
47.3745
47.391
47.4135
47.432
47.4484
47.4422
47.3236
47.3168
47.3141
47.3136
47.319
47.3318
47.3471
47.3678
47.3878
47.4046
47.4206
47.425
47.3
47.2934
47.2871
47.2863
47.2942
47.3076
47.3256
47.3457
47.3663
47.3893
47.3998
47.4034
47.2762
47.2689
47.2646
47.2642
47.2734
47.288
47.3078
47.3298
47.3519
47.3729
47.3872
47.3926
47.2611
47.2512
47.2484
47.2508
47.2601
47.2762
47.2973
47.3195
47.3443
47.3628
47.375
47.382
47.2564
47.2462
47.2428
47.2451
47.2569
47.2734
47.2949
47.3168
47.3388
47.3595
47.3716
47.3798
47.2608
47.2533
47.2481
47.2513
47.2626
47.2779
47.2994
47.3208
47.3414
47.3592
47.3714
47.3827
47.2732
47.2649
47.2639
47.2669
47.2761
47.2916
47.3095
47.3309
47.3531
47.3718
47.3792
47.3856
47.2877
47.2858
47.2826
47.2869
47.2948
47.3103
47.3255
47.344
47.3626
47.3791
47.3907
47.3924
47.3057
47.303
47.3043
47.3088
47.3163
47.3296
47.3456
47.3625
47.3802
47.3954
47.4073
47.4091
47.3259
47.3242
47.3235
47.3297
47.3372
47.3524
47.3689
47.3879
47.4017
47.4186
47.4288
47.4294
47.3407
47.3394
47.3468
47.3526
47.3599
47.3707
47.3902
47.4095
47.4256
47.4384
47.4503
47.4499
47.3557
47.3524
47.3643
47.3747
47.3767
47.3932
47.4084
47.428
47.4432
47.4622
47.476
47.4679
47.3726
47.3742
47.3739
47.3816
47.391
47.4062
47.4248
47.4561
47.4731
47.4846
47.4826
47.4873
47.3781
47.397
47.3636
47.389
47.4028
47.4154
47.4414
47.4625
47.4693
47.4873
47.488
47.4836
