#Proton TOF (ns) vs HCal ID (12col x 24row) offset corrections from MC located here:
#/lustre19/expphy/volatile/halla/sbs/seeds/simulation/gmn_sbs9_ld2_70p_job*
#Date generated: 3_15_2023
38.8552
38.8674
38.8775
38.8974
38.9253
38.9575
38.9973
39.0394
39.066
39.0878
39.0678
39.0294
38.8107
38.8129
38.8233
38.8389
38.8648
38.8992
38.9346
38.9784
39.0096
39.0241
39.0132
38.9936
38.7387
38.7402
38.7455
38.7615
38.7857
38.8168
38.8547
38.8958
38.9307
38.9462
38.9428
38.9266
38.6599
38.6605
38.6649
38.6788
38.702
38.7334
38.7716
38.8116
38.8481
38.8694
38.8689
38.8567
38.5836
38.581
38.5844
38.5966
38.6208
38.6549
38.6899
38.7314
38.7694
38.7949
38.7935
38.7775
38.5094
38.5098
38.5089
38.5239
38.5458
38.5806
38.6162
38.6583
38.6972
38.7208
38.7228
38.7195
38.4475
38.4464
38.4443
38.4568
38.4806
38.5115
38.5534
38.5943
38.6338
38.659
38.6629
38.6559
38.3919
38.3887
38.3855
38.3992
38.4215
38.4554
38.494
38.5371
38.5755
38.6034
38.6076
38.6034
38.3363
38.3348
38.3382
38.3502
38.375
38.4079
38.4439
38.4899
38.5305
38.5529
38.5632
38.5542
38.2994
38.2958
38.299
38.3149
38.333
38.3683
38.407
38.4485
38.4872
38.511
38.5202
38.5178
38.2657
38.262
38.265
38.2799
38.3025
38.334
38.3742
38.4144
38.4528
38.4759
38.4872
38.4861
38.2455
38.238
38.2428
38.2552
38.2775
38.3102
38.3501
38.3908
38.4279
38.4525
38.4596
38.4658
38.224
38.2206
38.2254
38.2398
38.2618
38.2967
38.3361
38.3761
38.4075
38.4338
38.443
38.4484
38.2194
38.2125
38.2157
38.2329
38.2581
38.2888
38.3271
38.3636
38.3997
38.4249
38.4356
38.437
38.2171
38.2136
38.2179
38.234
38.2605
38.2903
38.3256
38.3626
38.3986
38.4225
38.4309
38.4314
38.2293
38.2265
38.2273
38.2424
38.275
38.3003
38.3321
38.37
38.4035
38.4251
38.4327
38.434
38.2397
38.2368
38.2438
38.2586
38.2841
38.3211
38.3509
38.3867
38.4177
38.4382
38.4438
38.4396
38.258
38.2535
38.2588
38.2771
38.3045
38.3334
38.3706
38.407
38.438
38.4595
38.4614
38.4547
38.277
38.2722
38.2865
38.3018
38.3329
38.3614
38.3979
38.4321
38.465
38.4811
38.4786
38.4711
38.3012
38.3032
38.3117
38.3316
38.3621
38.3956
38.4246
38.4628
38.4894
38.5087
38.5054
38.4975
38.3283
38.3257
38.3405
38.3632
38.3874
38.4215
38.4525
38.4832
38.5192
38.5264
38.5208
38.5032
38.3565
38.345
38.3586
38.3894
38.4136
38.4305
38.461
38.4929
38.5139
38.5239
38.5189
38.5035
38.342
38.3524
38.3739
38.3944
38.4129
38.4355
38.4571
38.4897
38.5057
38.5102
38.5071
38.4968
38.3554
38.3516
38.389
38.386
38.4075
38.4278
38.4402
38.4608
38.4749
38.4845
38.4805
38.4689
