#Neutron TOF (ns)vs HCal ID (12col x 24row) offset corrections from MC located here:
#/lustre19/expphy/volatile/halla/sbs/seeds/simulation/gmn_sbs11_ld2_100p_job*
#Date generated: 3_15_2023
48.8996
48.9215
48.9403
48.9496
48.9692
48.9822
48.9848
48.9988
49.0064
49.0079
49.009
48.9838
48.9057
48.9236
48.9364
48.9532
48.9595
48.9737
48.9825
48.9962
49.0119
49.0097
49.0074
48.9963
48.9014
48.9196
48.9306
48.9418
48.9497
48.9632
48.9754
48.9851
48.9957
49.0023
49.0054
48.9885
48.8991
48.9095
48.9159
48.927
48.9361
48.9507
48.9621
48.973
48.978
48.9869
48.9864
48.9807
48.8924
48.8962
48.9019
48.9078
48.9194
48.9317
48.9434
48.9502
48.957
48.9629
48.9645
48.9564
48.8793
48.8815
48.8846
48.8889
48.8988
48.9069
48.9165
48.9247
48.9309
48.9364
48.9354
48.9352
48.8636
48.8642
48.8664
48.8686
48.8739
48.8816
48.8886
48.8962
48.9032
48.9097
48.9121
48.9122
48.8475
48.8455
48.8431
48.843
48.8469
48.8531
48.8594
48.8665
48.8742
48.8812
48.8856
48.8844
48.8253
48.8205
48.817
48.815
48.8177
48.822
48.8302
48.8386
48.8456
48.855
48.8613
48.8593
48.7989
48.7931
48.7876
48.7856
48.7863
48.7925
48.7995
48.81
48.8194
48.8295
48.8376
48.8389
48.7702
48.7648
48.7577
48.7541
48.7551
48.7604
48.7708
48.7826
48.7941
48.8042
48.8137
48.8166
48.7431
48.7352
48.7279
48.724
48.7251
48.7324
48.7442
48.7592
48.7726
48.7852
48.7935
48.8008
48.718
48.709
48.7026
48.6996
48.7008
48.7087
48.7209
48.7377
48.7547
48.7694
48.7794
48.7858
48.7005
48.6902
48.6849
48.6833
48.6862
48.6928
48.7054
48.7225
48.7417
48.7579
48.7697
48.7774
48.6926
48.6838
48.6792
48.6777
48.6789
48.6861
48.6985
48.7146
48.7353
48.7527
48.7647
48.7721
48.6936
48.6867
48.6813
48.6795
48.6816
48.6885
48.7004
48.7173
48.7365
48.7549
48.7669
48.7763
48.7056
48.6969
48.6914
48.6901
48.6914
48.6986
48.7109
48.727
48.7446
48.7608
48.7742
48.7813
48.7266
48.7182
48.7107
48.709
48.7104
48.7171
48.7287
48.7439
48.7587
48.7728
48.7837
48.7923
48.753
48.7455
48.7385
48.7355
48.7362
48.7429
48.7532
48.7664
48.778
48.7907
48.8012
48.8046
48.7796
48.7737
48.769
48.7654
48.7658
48.7723
48.7795
48.7907
48.7994
48.8094
48.8178
48.8207
48.8047
48.8013
48.7978
48.7947
48.7964
48.8004
48.8067
48.8154
48.8242
48.8317
48.8383
48.8444
48.8288
48.828
48.8236
48.8227
48.8229
48.8257
48.833
48.8394
48.8462
48.854
48.8602
48.8605
48.8503
48.8457
48.8431
48.843
48.845
48.8482
48.8569
48.8644
48.8698
48.8746
48.8787
48.8777
48.8596
48.8579
48.8562
48.8571
48.8599
48.8664
48.8749
48.8798
48.8816
48.8893
48.8853
48.8805
