#Neutron TOF (ns)vs HCal ID (12col x 24row) offset corrections from MC located here:
#/lustre19/expphy/volatile/halla/sbs/seeds/simulation/gmn_sbs8_ld2_70p_job*
#Date generated: 3_15_2023
38.613
38.6225
38.6379
38.665
38.7045
38.7605
38.8067
38.8714
38.9235
38.9636
38.9793
38.9267
38.6073
38.6175
38.6302
38.6566
38.6988
38.7559
38.819
38.8859
38.9389
38.983
39.0034
39.0083
38.5828
38.5874
38.6004
38.6294
38.6744
38.7322
38.7989
38.8655
38.927
38.9799
39.0024
38.9815
38.5341
38.5354
38.5492
38.5764
38.6255
38.684
38.7488
38.8172
38.8824
38.9331
38.9561
38.9504
38.4653
38.4689
38.4796
38.5081
38.5536
38.6119
38.6811
38.748
38.8145
38.8611
38.8857
38.8777
38.3921
38.3945
38.4068
38.4344
38.4766
38.5362
38.6046
38.677
38.7379
38.7857
38.8062
38.8138
38.3262
38.3257
38.3346
38.3611
38.4036
38.4598
38.5261
38.597
38.6586
38.7107
38.7325
38.7459
38.2596
38.2603
38.2684
38.2954
38.3406
38.3938
38.4585
38.5287
38.589
38.6445
38.6744
38.6804
38.1977
38.2008
38.2126
38.2392
38.2782
38.3337
38.3974
38.4672
38.5308
38.5839
38.6135
38.6232
38.1538
38.152
38.1608
38.1874
38.2261
38.2823
38.3448
38.4142
38.478
38.5258
38.5571
38.5737
38.1142
38.1098
38.1194
38.1428
38.1858
38.2391
38.3037
38.369
38.4337
38.4836
38.5134
38.521
38.079
38.0772
38.086
38.1096
38.1529
38.2066
38.2686
38.3369
38.4
38.449
38.4749
38.4937
38.0569
38.0555
38.0629
38.0899
38.1296
38.181
38.2466
38.3138
38.3764
38.424
38.455
38.4674
38.0442
38.0439
38.0444
38.0757
38.117
38.1675
38.2307
38.3042
38.3608
38.4085
38.4375
38.4499
38.0292
38.0317
38.0483
38.0691
38.1082
38.1598
38.2216
38.2889
38.3495
38.3976
38.428
38.442
38.0329
38.0365
38.0435
38.0685
38.1107
38.1591
38.2221
38.2908
38.3536
38.4003
38.4322
38.4426
38.044
38.0432
38.0517
38.0788
38.1186
38.1685
38.2335
38.3016
38.3666
38.4123
38.4415
38.4561
38.059
38.0634
38.0692
38.0964
38.138
38.1882
38.2539
38.3227
38.3867
38.4363
38.4651
38.4753
38.0851
38.0838
38.0936
38.1189
38.1613
38.2162
38.2785
38.3547
38.4146
38.4637
38.4934
38.5049
38.1224
38.1175
38.1285
38.1554
38.1958
38.248
38.3158
38.3809
38.4437
38.4977
38.5291
38.5387
38.1616
38.1581
38.1703
38.1967
38.2375
38.2914
38.3557
38.4258
38.4912
38.5452
38.5718
38.5788
38.2078
38.2043
38.216
38.243
38.2827
38.3375
38.4066
38.4731
38.5378
38.5955
38.6202
38.6286
38.2502
38.2488
38.2593
38.2869
38.3291
38.3829
38.4529
38.5221
38.5865
38.6385
38.6666
38.6727
38.2773
38.2817
38.2905
38.3188
38.362
38.4183
38.4854
38.5546
38.6155
38.6668
38.6851
38.6653
