#HCal gain coeffiencts obtained 9_13_2023
sbs.hcal.adc.gain = 
0.00175  0.00266867  0.00263163  0.00180382  0.00263728  0.00185798  0.0024062  0.00332779  0.00145959  0.00145491  0.00222524  0.00374568  
0.00175  0.0028114  0.00168388  0.00165362  0.00176223  0.00191629  0.00127553  0.00033258  0.000987108  0.00208857  0.00104803  0.00256277  
0.00175  0.000549083  0.000775478  0.00143323  0.00133923  0.00150582  0.000878316  0.00116677  0.00122135  0.00180183  0.000868816  0.0031688  
0.00175  0.00165191  0.00138037  0.00117046  0.00117154  0.00130065  0.00149967  0.00168174  0.00171157  0.00208062  0.00191594  0.00296845  
0.00175  0.00131023  0.0015652  0.00146996  0.0034172  0.00267584  0.00453556  0.0015631  0.00183514  0.00202092  0.00184944  0.00272894  
0.00539881  0.00224432  0.00157432  0.00144749  0.00150163  0.00410131  0.00117414  0.00165062  0.00156161  0.00147743  0.00173477  0.00254265  
0.00169373  0.000275533  0.000298944  0.000599265  0.00105645  0.00086871  0.00160354  0.00151191  0.00183094  0.00200068  0.00173649  0.00311957  
0.0030827  0.00186074  0.00144928  0.00346281  0.00303183  0.00129993  0.00175116  0.00180068  0.00199998  0.00208202  0.00197725  0.00326762  
0.00512732  0.00154451  0.00331461  0.00265151  0.00262434  0.00358669  0.00116208  0.00143264  0.00162997  0.00190801  0.00176975  0.00300717  
0.00260136  0.00148176  0.00280027  0.00324545  0.00281602  0.00265902  0.0039376  0.00170741  0.00169573  0.00209187  0.00155949  0.00305697  
0.00607633  0.00171058  0.00420699  0.00310804  0.00301512  0.0036994  0.00295223  0.0045595  0.00180745  0.00197599  0.00126722  0.00216883  
0.0072298  0.00174206  0.00400582  0.00267737  0.0039535  0.00353922  0.0033361  0.00176682  0.00154032  0.00213906  0.00240923  0.00372126  
0.000449533  0.000488912  0.00163689  0.000861558  0.00167572  0.00252477  0.00492381  0.00168821  0.00159181  0.00142471  0.00228241  0.0035386  
0.00660769  0.00120219  0.0041182  0.00212303  0.00247198  0.00404939  0.00354629  0.00178457  0.00133372  0.00214296  0.00270455  0.00379699  
0.00212358  0.0017905  0.00317951  0.00301547  0.00298017  0.00353581  0.00454913  0.00171791  0.00172918  0.000244951  0.00250264  0.00341337  
0.00335189  0.00334982  0.00357524  0.00312609  0.00402431  0.0032269  0.00357391  0.00440456  0.00147448  0.00191438  0.00274045  0.00356526  
0.00349821  0.00139084  0.00344932  0.00332638  0.00219674  0.00349287  0.00348853  0.00262736  0.00109081  0.00155438  0.00195526  0.00340549  
0.00274887  0.00223397  0.00266725  0.00178511  0.00265527  0.002531  0.00300535  0.00389632  0.0015864  0.0015361  0.00244788  0.00366691  
0.0050249  0.00267589  0.00259758  0.00186818  0.00269038  0.00208867  0.00214028  0.00309776  0.00125051  0.00149605  0.0020386  0.0037875  
0.00432152  0.0028586  0.00158499  0.00196104  0.00301287  0.00185327  0.00190699  0.00232103  0.00525214  0.00155701  0.00168128  0.00372496  
0.0045194  0.0028067  0.000651417  0.00190664  0.00308385  0.00223935  0.001985  0.00369592  0.00349007  0.00131706  0.00138985  0.00410904  
0.00265122  0.00136113  0.00264233  0.00248901  0.00309687  0.00347072  0.00341767  0.0031879  0.00285448  0.00105741  0.00183152  0.00338812  
0.00175  0.00349033  0.00232546  0.00288214  0.00318835  0.00337496  0.00315621  0.00433073  0.0032096  0.00171401  0.00262937  0.00308539  
0.00731553  0.00733844  0.00348424  0.00131723  0.0026344  0.0030165  0.00241754  0.00240661  0.00195007  0.00151657  0.00263376  0.00416878  
