#HCal ADCt offsets obtained 9_5_2023 for db adct offset timestamp none
#Offsets obtained from fits over ADCt distributions.
--------[ 2021-11-25 00:00:00 ]
(inverted) sbs.hcal.adc.timeoffset =
128.133 129.366 129.474 130.788 114.82 117.524 118.446 115.406 128.271 128.752 132.134 128.198 
130.88 130.349 109.075 111.813 116.951 117.955 116.145 113.356 109.882 110.496 132.128 127.619 
98.101 107.939 109.106 114.654 95.8252 99.1038 94.1855 94.8316 110.968 110.503 108.324 109.378 
111.092 110.474 111.547 109.995 97.7228 98.9826 98.2251 98.2116 109.583 110.383 109.72 108.899 
110.896 109.863 108.189 110.199 118.81 118.001 96.9789 96.1592 109.021 109.322 128.523 127.537 
110.004 110.323 110.254 110.412 115.54 118.884 98.9091 96.8228 111.364 109.662 129.317 129.839 
105.213 106.392 106.729 105.431 96.0567 93.1592 97.4784 95.461 111.216 108.676 110.061 109.487 
129.938 128.608 129.105 129.093 116.414 117.485 117.173 115.808 126.613 127.434 126.476 127.89 
109.219 109.159 108.372 109.557 115.874 117.703 95.3714 95.025 109.408 108.841 127.611 128.418 
108.006 109.395 128.982 128.538 118.144 117.001 98.2488 97.6438 129.03 126.932 129.257 128.37 
111.614 109.62 109.226 110.071 119.002 117.66 99.1745 99.3567 111.263 110.38 126.857 127.17 
127.922 130.152 128.225 127.371 98.6595 98.4544 116.276 116.025 128.861 128.104 110.465 110.174 
104.088 106.906 106.39 106.047 93.192 98.2048 93.7569 93.4966 108.694 106.966 109.94 111.322 
111.247 109.472 110.139 109.191 99.7611 97.3589 100.019 97.7108 110.46 107.8 111.836 109.792 
124.75 128.652 128.532 127.368 98.5262 100.522 116.346 115.691 128.615 127.341 110.915 110.354 
112.015 110.129 110.889 110.153 98.2986 97.7098 99.7512 97.6675 109.067 110.261 110.535 111.585 
109.039 109.977 108.56 108.636 93.8724 100.241 94.4186 92.7334 109.198 106.804 109.892 105.951 
110.18 108.892 114.959 108.564 99.3508 100.153 99.3936 96.7804 111.311 110.125 112.782 111.959 
108.186 106.838 111.239 108.032 98.318 97.1758 97.3587 98.2667 109.688 108.637 111.045 109.807 
110.965 111.28 110.732 111.301 96.9802 97.6779 98.7751 95.4566 110.956 111.863 109.053 111.261 
107.571 107.43 109.997 109.068 117.171 117.566 96.4198 94.951 109.084 107.415 127.43 129.498 
108.352 109.273 112.25 111.725 118.102 120.099 100.177 98.4054 110.674 111.229 129.911 130.844 
148.891 112.137 111.173 111.119 116.719 119.705 95.9517 97.6179 112.163 111.353 129.647 131.256 
127.514 126.541 129.316 129.847 117.758 118.833 115.268 112.179 130.349 130.373 128.907 128.629 


sbs.hcal.adc.timeoffset =
-13.0146 -10.9576 -12.0611 -11.8464 4.37412 1.55338 1.61202 4.77652 -7.95598 -10.5507 -15.8568 -10.4228 
-13.0581 -12.8072 7.10176 6.5977 3.63635 1.5121 3.25229 5.55192 8.00972 8.87593 -4.54989 -9.7245 
-6.37021 8.90225 7.68035 4.33332 23.8596 21.1202 25.8455 24.3824 8.22194 9.3957 9.85136 8.43836 
5.24387 7.42478 6.38758 8.2238 21.9266 20.972 21.5617 21.7538 8.59608 7.55826 8.70335 8.92523 
7.87993 6.51969 10.1272 8.83421 1.60567 2.38654 23.3641 24.4582 10.6458 9.3657 -9.52568 -11.2673 
6.26591 6.42047 7.30202 8.92343 4.16472 0.777418 20.5705 23.8264 9.45911 10.7101 -10.8016 -11.6452 
10.29 9.55828 10.7717 12.2266 23.3663 26.0966 22.0254 24.4544 8.83057 10.4758 7.80223 4.70347 
-13.4454 -12.6656 -11.5002 -11.1571 2.39997 1.39892 2.16644 3.52066 -7.23576 -9.27197 -8.98393 -11.5944 
7.94407 6.25635 8.99719 8.13567 3.5859 1.42505 24.2724 24.2748 10.1547 9.81375 -9.79336 -11.4586 
8.93147 8.2625 -10.7029 -9.75384 1.5389 3.09086 21.8774 22.4722 -8.90779 -7.67927 -10.5717 -11.0975 
4.97234 6.96113 8.32783 8.44051 0.333136 2.3147 20.8351 21.0383 9.09549 8.74324 -9.18009 -11.2789 
-12.9113 -13.838 -10.5988 -9.62475 20.6209 21.1906 3.62653 3.8889 -9.65103 -9.116 7.19239 6.78279 
9.59918 9.60657 10.9429 13.5493 25.5936 21.78 25.9193 26.3488 10.9156 11.8022 6.75057 5.75362 
4.49107 7.51003 7.14403 9.2134 18.5417 21.1525 18.3875 21.0902 7.84568 9.70614 6.13949 6.67743 
-12.3618 -12.9836 -11.3285 -9.53331 19.6362 18.0163 2.39392 3.0267 -10.1647 -3.82729 6.35948 5.65242 
2.63997 5.76944 6.10542 6.75852 19.5504 19.7324 18.1586 20.1083 8.58216 7.76511 7.59591 4.89199 
5.21197 5.80303 7.94316 7.65927 22.9164 16.4701 22.7586 24.564 7.99076 10.5577 7.06763 6.91945 
3.24141 6.74424 0.339994 7.52303 17.3248 16.2113 17.8838 20.824 6.52413 7.46883 4.85369 6.78234 
6.35492 9.16494 5.65831 8.82807 18.8604 20.2394 20.2219 19.1371 7.65239 8.43935 4.98328 7.15229 
5.01401 3.42083 5.36723 6.10676 21.6968 19.8459 18.5507 22.177 6.87315 5.14604 7.80751 7.6078 
7.16775 7.81019 5.79878 8.56038 7.40556 -0.366339 21.3416 22.0192 8.20442 9.81917 -10.1361 -9.26772 
6.10909 6.57324 3.74382 5.50912 -1.01089 -3.88032 16.321 18.3988 6.66627 6.46742 -12.3985 -14.6806 
-31.1868 4.30546 4.46836 4.94154 -0.786095 -3.19368 20.2613 18.9309 4.85392 5.86007 -12.0002 -15.3699 
-12.5681 -11.2119 -12.9412 -13.3697 -1.71043 -2.12943 0.548682 3.47563 -14.2317 -13.287 -11.7354 -13.1571 


