#HCal ADCt offsets obtained 9_14_2023 for db adct offset timestamp none
#Offsets obtained from fits over ADCt distributions.
none
sbs.hcal.adc.timeoffset =
37.1544 39.7035 38.0554 38.6715 54.9849 52.0039 51.8768 55.0661 42.4954 38.964 33.4675 39.1627 
39.0849 37.2505 56.9858 56.7998 54.7193 52.0939 53.8964 55.4327 57.8581 59.5709 50.0738 40.5038 
31.1916 59.1661 57.6688 54.8823 74.3117 71.9143 75.7552 74.7141 58.7678 59.98 59.8111 58.4084 
55.0663 57.7185 56.3472 58.3831 72.2574 71.4183 72.0289 72.1676 58.731 57.3419 58.8593 58.7964 
58.8902 56.3795 60.3197 58.9515 51.9927 52.6775 73.948 75.0007 60.7287 59.2162 40.6721 38.2589 
55.7109 55.9223 57.13 59.1613 54.2699 50.9307 70.7694 74.1753 59.7622 60.8201 39.1921 38.3492 
59.2803 59.3926 60.6157 62.2502 73.1007 76.1963 72.0716 74.4971 58.9002 60.2205 57.4085 53.9438 
36.3721 36.6019 38.3946 38.6383 52.3807 51.3805 52.1394 53.441 42.7177 40.5963 40.6494 38.003 
58.0324 55.3464 58.7344 57.9006 53.7081 51.4742 74.2983 74.351 60.1475 59.8502 40.0215 38.0056 
59.3681 58.3671 39.3176 40.2619 51.762 53.442 72.2227 72.6093 41.4296 42.4298 39.3912 38.5978 
54.755 56.6689 58.3529 58.6128 50.8032 52.9077 71.3814 71.5408 59.52 58.8978 40.6572 38.3981 
36.4939 35.7189 39.367 40.9736 71.1911 71.7024 53.9599 54.3413 40.705 40.8512 57.0008 56.3897 
58.1907 59.8271 61.2488 64.0474 76.313 72.3304 76.4606 76.8382 61.3382 62.1069 56.3547 55.8407 
54.4517 57.9434 57.423 59.5753 68.9353 71.4621 68.6987 71.2599 58.1819 59.4567 56.3208 56.1012 
35.9926 36.7477 38.7576 40.7126 69.7767 68.3037 52.5543 53.2393 40.0887 45.9616 56.2364 54.8076 
52.2498 55.8072 56.3299 56.7052 69.7037 69.7188 68.2254 70.108 58.6713 57.9338 57.7854 54.9111 
54.7067 55.7525 57.9085 57.7068 72.9049 66.4521 72.803 74.4418 57.9884 60.5226 57.095 55.4388 
52.9178 56.9837 50.1424 57.525 67.318 66.1438 68.0568 70.9686 56.7968 57.4874 55.053 57.7561 
55.6097 59.2658 55.7722 59.0006 69.2033 70.5853 70.3962 69.4662 57.8079 58.501 54.6293 57.6285 
55.2188 53.3255 55.3156 56.484 72.0234 70.3056 68.9394 72.6288 57.3849 55.3786 57.9867 58.776 
56.2159 57.6557 55.8655 58.941 58.4494 49.919 71.5299 72.1149 58.426 60.1442 40.2225 42.6277 
55.9488 56.6044 53.753 55.8177 49.1277 45.995 66.2431 68.5834 56.946 56.8209 38.2801 35.2812 
-351.835 54.0755 54.4224 54.9587 49.159 47.0434 70.3773 69.2285 55.3657 56.3906 38.6696 34.749 
37.2623 38.5936 37.2998 36.8179 48.5493 48.0655 50.766 53.684 36.314 37.803 38.8423 37.0938 


(inverted) sbs.hcal.adc.timeoffset =
78.0842 78.7803 79.4098 80.2571 64.3022 66.9491 68.101 65.1798 77.6962 79.0572 82.9109 78.5193 
78.9853 80.2931 59.2791 61.5809 65.9214 67.3834 65.5437 63.466 60.3113 60.2344 77.5428 77.2274 
60.7178 57.5605 59.2116 64.0747 45.3149 48.3443 44.1472 44.5683 60.317 60.034 58.4358 59.5217 
61.2013 60.2355 61.6397 59.8105 47.4022 48.5151 47.6487 47.8182 59.4893 60.5161 59.6786 59.0101 
59.8854 60.0299 58.0649 60.1544 68.4856 67.7917 46.7848 45.6807 58.9711 59.491 78.4455 78.0559 
60.6008 60.708 60.3458 60.1955 65.4615 68.8778 49.212 46.5699 61.03 59.2178 79.2623 79.9442 
56.2287 56.7256 56.9567 55.3416 46.1943 42.9451 47.4636 45.4021 61.1367 58.9469 60.426 60.3307 
80.1645 79.3459 79.3394 79.3593 66.5136 67.6272 67.2381 65.9349 76.5883 77.5953 76.8272 78.35 
59.0867 60.1707 58.6382 59.8167 65.7955 67.6971 45.3741 45.002 59.3952 59.2079 77.8843 78.8698 
57.6548 59.2897 78.9796 78.5783 67.8682 66.6541 47.9349 47.3407 78.7614 76.9176 79.311 78.6282 
61.7931 59.885 59.2256 59.9322 68.6995 67.3265 48.8884 48.8822 60.9087 60.2894 77.0622 77.6027 
78.4969 80.5547 78.269 77.0836 48.1775 48.0022 65.9358 65.5438 78.5888 78.0118 60.7565 60.5163 
55.6359 56.7015 56.2007 55.55 42.78 47.766 43.2552 42.998 58.3577 56.8719 60.3147 61.3854 
61.6977 59.1072 59.834 58.8273 49.4067 47.1329 49.8067 47.5907 60.2103 58.1562 61.8006 60.3118 
76.6128 79.0269 78.4496 77.1828 48.3587 50.3273 66.1904 65.4975 78.5245 77.6756 61.2283 61.2329 
62.4341 60.1325 60.7255 60.3404 48.1637 47.737 49.775 47.8274 59.0961 60.2241 60.5021 61.9475 
59.6104 60.139 58.6708 58.7027 43.9013 50.3999 44.6044 42.9364 59.3321 56.8964 60.0325 57.6049 
60.5803 58.9583 65.2381 58.6393 49.4313 50.3256 49.5364 46.84 61.3118 60.1728 62.8061 60.9839 
59.1954 56.8556 61.1656 57.9524 48.2481 46.9575 47.3134 48.2888 59.7175 58.7097 61.501 59.535 
60.9315 61.4756 60.8994 61.1128 46.6998 47.376 48.7504 45.2236 60.8983 61.8195 59.0975 60.0987 
58.498 57.6795 59.8839 58.7369 66.0834 67.5771 46.3623 45.0053 59.0689 57.358 77.2595 77.6981 
58.6028 59.24 62.4137 61.5042 68.0145 70.4682 50.3777 48.4442 60.5497 60.9769 79.5229 81.3066 
-271.841 62.1404 61.304 61.2734 66.8861 69.8444 46.0283 47.5307 61.7899 60.9873 79.0854 81.2824 
77.7417 76.9894 79.258 79.7867 67.6334 68.8023 65.2585 62.1041 79.9768 79.5706 78.4829 78.6258 


