#HCal ADCt offsets obtained 11_20_2023 for db adct offset timestamp none
#Offsets obtained from fits over ADCt distributions.
none
sbs.hcal.adc.timeoffset =
-70.5736 -70.8468 -71.0262 -72.3388 -56.1407 -58.4834 -58.2511 -54.462 -67.0684 -68.9888 -72.9581 -69.3104 
-71.9692 -72.208 -50.7323 -53.2326 -57.9447 -59.3573 -57.4483 -53.8267 -50.1303 -50.6656 -67.6867 -68.6719 
-52.2356 -50.036 -50.9035 -55.9 -36.8839 -40.1712 -33.8613 -35.905 -52.4951 -51.5043 -48.6338 -50.4696 
-52.924 -51.4191 -52.6986 -51.1679 -38.6395 -39.7655 -39.3675 -39.2815 -51.6212 -51.7172 -50.4862 -49.987 
-51.508 -50.8451 -49.1312 -50.9429 -58.7163 -57.9027 -37.0953 -36.3281 -48.9625 -49.1227 -68.1602 -69.4022 
-51.1649 -50.3637 -51.2765 -50.5961 -55.5035 -58.8886 -39.0888 -36.2402 -50.466 -48.7904 -68.3668 -70.7422 
-47.4613 -46.9034 -47.3704 -46.0789 -35.3037 -32.6194 -37.5455 -35.0548 -51.1977 -47.9775 -49.9344 -52.3918 
-71.6915 -68.8639 -69.2273 -69.0008 -55.913 -57.0843 -56.6138 -55.7443 -65.9934 -67.8839 -65.9916 -69.7423 
-50.6377 -50.6926 -48.6041 -48.8227 -54.3701 -56.471 -33.2596 -33.9962 -48.3354 -47.9099 -67.2182 -69.9383 
-49.5371 -49.1193 -68.3858 -67.6544 -56.4608 -55.2615 -36.6022 -36.0275 -67.7883 -66.2181 -68.8395 -69.7339 
-53.3208 -50.0055 -49.5464 -50.0752 -58.2554 -56.4957 -37.9475 -37.9248 -50.1609 -49.6091 -66.4874 -69.2247 
-70.4165 -70.5874 -68.7452 -68.2064 -38.6277 -38.1374 -55.6235 -55.7223 -68.9247 -67.8024 -50.9699 -51.6957 
-46.54 -47.2626 -48.1676 -46.0023 -33.7615 -37.7717 -33.5717 -33.3893 -48.7384 -46.8561 -50.4743 -52.7842 
-53.3778 -50.1147 -51.0703 -49.4261 -40.1603 -37.2472 -39.9836 -37.4268 -50.262 -48.5347 -51.7669 -51.5572 
-68.556 -68.7951 -68.2067 -67.1409 -38.1301 -40.0453 -55.7136 -55.2875 -68.4862 -65.5437 -50.7962 -52.3507 
-54.6874 -51.1802 -50.4868 -50.7013 -38.3805 -38.1328 -39.8856 -37.859 -49.2793 -49.7737 -50.8567 -53.3467 
-51.9136 -50.6407 -48.8455 -48.9891 -34.3876 -40.6158 -34.2191 -32.4124 -49.4225 -47.0634 -50.3974 -49.5157 
-53.4694 -47.5638 -55.2494 -50.0378 -39.2853 -40.5711 -39.1513 -36.2783 -50.9281 -49.9037 -52.5341 -52.5885 
-50.9157 -47.8222 -51.1624 -48.0586 -38.5485 -36.7558 -36.7176 -37.8784 -49.5992 -49.1837 -52.3008 -51.3276 
-52.9753 -54.4355 -52.8232 -50.9342 -34.8986 -37.2421 -38.6802 -35.6592 -51.2772 -53.2698 -50.974 -51.8267 
-50.2016 -48.2923 -51.3948 -50.3699 -53.5791 -57.6625 -36.6126 -36.3263 -50.6449 -50.0729 -70.1517 -69.3828 
-51.1216 -45.739 -52.1169 -53.7402 -56.5351 -62.6126 -42.2943 -40.6651 -52.9509 -52.0901 -71.7035 -72.7621 
-487.627 -53.3515 -51.3151 -52.6796 -58.5745 -61.5934 -39.0607 -40.8295 -55.1424 -53.8571 -72.0133 -73.3127 
-70.041 -68.7811 -71.8133 -73.0238 -57.8946 -61.5929 -55.7421 -56.0556 -72.426 -71.8744 -70.8111 -70.893 


(inverted) sbs.hcal.adc.timeoffset =
-71.5755 -69.477 -70.5086 -70.296 -54.3051 -57.4868 -58.5825 -56.167 -69.159 -70.3138 -75.0323 -70.6183 
-57.4152 -70.9484 -51.2405 -51.9828 -55.3695 -57.0859 -55.4447 -53.9769 -51.7421 -50.954 -68.9909 -68.3968 
-52.3558 -49.0008 -50.5221 -54.4202 -35.0817 -37.8124 -34.4787 -34.5442 -50.2509 -49.6029 -49.8392 -50.8433 
-55.5104 -51.6297 -52.461 -50.6035 -37.1567 -38.2451 -37.2959 -37.1763 -49.3662 -51.1076 -50.5304 -44.9322 
-55.234 -52.4987 -48.931 -50.4215 -58.4879 -57.7119 -36.5195 -35.3729 -49.4125 -50.8341 -69.8884 -69.0937 
52.5733 -53.5391 -51.6751 -50.8925 -55.8719 -59.2184 -39.2498 -36.7562 -51.4388 -50.1612 -71.7516 -70.3591 
-48.0386 -49.9302 -48.587 -47.1251 -37.3867 -34.4432 -37.9075 -35.9518 -51.1877 -50.2223 -52.324 -52.3115 
-68.4023 -72.4099 -71.3781 -71.249 -58.1006 -59.0021 -58.3926 -56.5435 -67.8556 -68.8223 -69.4684 -129.309 
-51.7364 -52.2096 -50.7711 -52.5989 -57.9177 -59.807 -37.8394 -36.754 -50.9178 -51.1171 -70.186 -72.2826 
-40.7305 -52.0129 -71.2992 -70.6378 -60.1444 -58.6487 -39.7692 -39.1441 -70.1497 -68.3933 -70.9891 -71.4199 
-55.5489 -52.6537 -51.3516 -51.5554 -60.4138 -58.8495 -40.3919 -40.3936 -52.0067 -52.0279 -69.5498 -69.8708 
-70.5118 -73.4022 -70.0786 -68.7898 -39.4109 -39.1264 -57.0257 -56.4139 -69.5871 -69.418 -52.3023 -53.4745 
47.9484 -50.0364 -47.2798 -46.4955 -33.8369 -38.6531 -34.2659 -33.7585 -49.04 -48.3077 -52.7149 -51.4502 
-53.5303 -51.8471 -51.9245 -50.5517 -41.0591 -38.9592 -41.648 -39.1938 -52.3524 -49.5595 -53.9295 -52.6749 
-69.86 -72.8409 -71.6543 -69.7603 -40.7599 -42.4607 -58.2386 -57.3763 -70.293 -65.6243 -53.7598 -53.0411 
-54.1962 -53.1796 -54.297 -52.6927 -40.3677 -39.8446 -41.707 -39.7002 -51.2051 -52.7223 -52.0819 -27.2397 
-52.4039 -53.5329 -51.7713 -51.9877 -36.5684 -43.1554 -37.4409 -35.757 -51.7845 -49.1834 -52.427 -51.9076 
-83.2004 -54.5844 -59.3694 -51.0032 -42.7407 -43.3703 -42.3585 -39.6781 -53.8587 -52.7527 -55.3943 -41.7897 
-78.7633 -49.8504 -54.4182 -51.1456 -40.9091 -40.1806 -40.4192 -41.2512 -52.4368 -51.0139 -53.7606 -50.9431 
-17.7071 -53.4239 -52.5416 -54.26 -40.3848 -40.5899 -41.5442 -37.6204 -52.8058 -53.4468 -50.271 -52.2909 
-112.145 -51.3279 52.8032 -50.1377 -56.1863 -60.2701 -38.4656 -36.6055 -50.2351 -47.5225 -67.4141 -67.6475 
-84.5756 -56.9612 -56.3897 -52.4754 -62.5781 -61.3664 -41.5613 -39.3415 -51.0569 -52.6719 -70.6065 -72.5764 
307.549 -54.4805 -55.3893 -53.4978 -58.9305 -61.3056 -36.6297 -37.8575 -52.1662 -51.6357 -69.6343 -71.3692 
-24.5674 -68.9717 -70.4441 -70.1926 -61.5734 -59.3691 -58.9777 -52.6478 -72.1546 -71.7852 -69.8309 -73.1198 


