#fixed adct offsets from testscripts/reverseADCtimePar.C
sbs.hcal.adc.timeoffset =
-80.3236 -80.8561 -81.5352 -81.9917 -66.3185 -68.9374 -70.0832 -67.1075 -79.4662 -80.7457 -84.7717 -79.7163 
-80.9088 -82.3208 -61.1922 -63.5846 -67.8661 -69.2488 -67.3897 -66.2425 -62.3956 -62.1258 -79.3844 -77.5243 
-62.4553 -59.4836 -61.099 -66.1367 -47.4322 -50.1636 -46.1957 -46.4531 -62.2499 -61.9387 -60.2432 -61.0669 
-63.2208 -62.0701 -63.8061 -61.5971 -49.2301 -50.4503 -49.535 -49.6902 -61.4436 -62.5258 -61.3893 -60.2189 
-61.8785 -62.1275 -59.9693 -62.0488 -70.3938 -69.7371 -48.6893 -47.5189 -60.9748 -61.3314 -80.0307 -79.6213 
-62.424 -62.7454 -62.2098 -62.1872 -67.2719 -70.7349 -50.9 -48.507 -62.8285 -61.0435 -81.253 -80.8871 
-57.9818 -58.874 -58.9002 -57.293 -48.0523 -44.557 -49.4896 -47.2828 -63.0226 -60.8865 -62.3351 -60.4696 
-81.9534 -81.28 -81.1734 -81.2193 -68.4644 -69.3461 -69.1137 -67.8473 -78.5299 -79.7073 -78.8518 -79.8732 
-61.1181 -62.0922 -60.4346 -61.6573 -67.5874 -69.6666 -47.4493 -46.9769 -61.5264 -61.0232 -79.8944 -80.4571 
-59.6313 -61.2045 -80.8354 -80.4137 -69.7311 -68.6239 -49.9818 -49.2537 -80.5654 -78.9453 -80.9475 -80.3695 
-63.7017 -61.8776 -61.033 -61.9264 -70.6248 -69.1295 -50.837 -50.7176 -62.6654 -62.4525 -79.0423 -79.1427 
-80.2211 -82.469 -80.2421 -78.9081 -50.0672 -49.9386 -67.8425 -67.3739 -80.5159 -79.9939 -62.5162 -61.9841 
-57.2564 -58.5158 -58.2386 -57.6783 -44.5613 -49.5495 -45.0635 -44.9433 -60.1887 -58.6867 -62.2036 -62.8284 
-63.5047 -60.9657 -61.7407 -60.6685 -51.2349 -48.9291 -51.7578 -49.4863 -62.1968 -60.0887 -63.6059 -61.5939 
-78.6146 -80.9556 -80.3393 -79.1376 -50.344 -52.1736 -68.0757 -67.4872 -80.4367 -79.4799 -62.7655 -62.63 
-64.4386 -61.9595 -62.618 -62.1288 -49.8441 -49.5582 -51.7217 -49.728 -60.8852 -62.0167 -61.7795 -63.2849 
-61.7765 -62.0195 -60.5156 -60.5785 -45.8143 -52.2703 -46.4642 -44.8135 -61.281 -58.8291 -62.135 -58.8483 
-62.7312 -60.8525 -67.1743 -60.4527 -51.3145 -52.3111 -51.2652 -48.6236 -63.214 -62.1112 -64.5759 -62.0805 
-60.8614 -59.5228 -62.9417 -59.8423 -50.1036 -48.7858 -49.124 -50.1517 -61.4799 -60.5657 -63.4327 -60.9701 
-62.8932 -63.5037 -62.79 -63.1308 -48.7052 -49.1889 -50.5408 -46.8997 -62.5234 -63.622 -61.0359 -61.6566 
-60.4279 -59.8332 -61.9551 -60.6608 -68.0262 -69.4332 -48.2463 -46.8963 -60.8784 -59.1077 -79.1123 -79.06 
-60.5074 -61.2304 -64.3055 -63.3369 -70.0273 -72.3917 -52.3694 -50.3017 -62.4492 -63.0216 -81.3527 -81.9922 
-60.0191 -64.2534 -63.5201 -63.1401 -68.9136 -71.5796 -47.8611 -49.3226 -63.6467 -62.8019 -80.8952 -82.8428 
-79.1627 -78.2471 -81.0242 -81.8132 -69.623 -70.5314 -67.0658 -64.0609 -81.7888 -81.4848 -80.3644 -79.9454 


