#fixed adct offsets from testscripts/reverseADCtimePar.C
sbs.hcal.adc.timeoffset =
-70.5736 -70.1619 -70.7674 -71.3174 -55.2229 -57.9851 -58.4168 -55.3145 -68.1137 -69.6513 -73.9952 -69.3104 
-71.9692 -71.5782 -50.9864 -52.6077 -56.6571 -58.2216 -56.4465 -53.9018 -50.9362 -50.8098 -68.3388 -68.6719 
-52.2356 -49.5184 -50.7128 -55.1601 -35.9828 -38.9918 -34.17 -35.2246 -51.373 -50.5536 -49.2365 -50.4696 
-52.924 -51.5244 -52.5798 -50.8857 -37.8981 -39.0053 -38.3317 -38.2289 -50.4937 -51.4124 -50.5083 -49.987 
-51.508 -51.6719 -49.0311 -50.6822 -58.6021 -57.8073 -36.8074 -35.8505 -49.1875 -49.9784 -69.0243 -69.4022 
-51.8691 -51.9514 -51.4758 -50.7443 -55.6877 -59.0535 -39.1693 -36.4982 -50.9524 -49.4758 -70.0592 -70.7422 
-47.4613 -48.4168 -47.9787 -46.602 -36.3452 -33.5313 -37.7265 -35.5033 -51.1927 -49.0999 -51.1292 -52.3918 
-71.6915 -70.6369 -70.3027 -70.1249 -57.0068 -58.0432 -57.5032 -56.1439 -66.9245 -68.3531 -67.73 -69.7423 
-50.6377 -51.4511 -49.6876 -50.7108 -56.1439 -58.139 -35.5495 -35.3751 -49.6266 -49.5135 -68.7021 -69.9383 
-49.5371 -50.5661 -69.8425 -69.1461 -58.3026 -56.9551 -38.1857 -37.5858 -68.969 -67.3057 -69.9143 -69.7339 
-53.3208 -51.3296 -50.449 -50.8153 -59.3346 -57.6726 -39.1697 -39.1592 -51.0838 -50.8185 -68.0186 -69.2247 
-70.4165 -71.9948 -69.4119 -68.4981 -39.0193 -38.6319 -56.3246 -56.0681 -69.2559 -68.6102 -51.6361 -51.6957 
-47.2442 -48.6495 -47.7237 -46.2489 -33.7992 -38.2124 -33.9188 -33.5739 -48.8892 -47.5819 -51.5946 -52.7842 
-53.3778 -50.9809 -51.4974 -49.9889 -40.6097 -38.1032 -40.8158 -38.3103 -51.3072 -49.0471 -52.8482 -51.5572 
-68.556 -70.818 -69.9305 -68.4506 -39.445 -41.253 -56.9761 -56.3319 -69.3896 -65.584 -52.278 -52.3507 
-54.6874 -52.1799 -52.3919 -51.697 -39.3741 -38.9887 -40.7963 -38.7796 -50.2422 -51.248 -51.4693 -53.3467 
-51.9136 -52.0868 -50.3084 -50.4884 -35.478 -41.8856 -35.83 -34.0847 -50.6035 -48.1234 -51.4122 -49.5157 
-53.4694 -51.0741 -57.3094 -50.5205 -41.013 -41.9707 -40.7549 -37.9782 -52.3934 -51.3282 -53.9642 -52.5885 
-50.9157 -48.8363 -52.7903 -49.6021 -39.7288 -38.4682 -38.5684 -39.5648 -51.018 -50.0988 -53.0307 -51.3276 
-52.9753 -53.9297 -52.6824 -52.5971 -37.6417 -38.916 -40.1122 -36.6398 -52.0415 -53.3583 -50.6225 -51.8267 
-50.2016 -49.8101 -52.099 -50.2538 -54.8827 -58.9663 -37.5391 -36.4659 -50.44 -48.7977 -68.7829 -69.3828 
-51.1216 -51.3501 -54.2533 -53.1078 -59.5566 -61.9895 -41.9278 -40.0033 -52.0039 -52.381 -71.155 -72.7621 
-90.0389 -53.916 -53.3522 -53.0887 -58.7525 -61.4495 -37.8452 -39.3435 -53.6543 -52.7464 -70.8238 -73.3127 
-70.041 -68.8764 -71.1287 -71.6082 -59.734 -60.481 -57.3599 -54.3517 -72.2903 -71.8298 -70.321 -70.893 


