#HCal ADCt offsets obtained 11_7_2023 for db adct offset timestamp none
#Offsets obtained from fits over ADCt distributions.
--------[ 2021-11-08 17:00:00 ]
sbs.hcal.adc.timeoffset =
-70.1908 -70.6162 -71.0262 -71.0536 -55.5102 -57.9508 -58.2215 -55.2133 -67.9203 -69.3462 -74.0308 -69.2977 
-71.9007 -71.5774 -50.5789 -52.4674 -56.5049 -57.8962 -56.4439 -54.6884 -50.5247 -51.2338 -68.2647 -69.6782 
-52.0189 -50.16 -50.2744 -55.009 -35.8715 -38.7903 -34.1697 -34.5716 -50.5481 -50.5736 -49.6045 -50.747 
-52.8261 -51.5288 -52.5074 -50.6497 -37.7165 -38.1956 -37.8853 -38.1895 -50.5845 -51.165 -50.415 -50.4779 
-51.4346 -51.2442 -48.7125 -50.3956 -58.3422 -57.7277 -36.8049 -35.6493 -49.0977 -50.0028 -69.0915 -69.6113 
-51.8237 -51.7821 -51.6425 -50.2905 -55.3458 -58.9819 -38.8921 -36.2715 -50.916 -49.7057 -69.5933 -71.3909 
-47.6475 -49.3535 -47.954 -46.7171 -36.1899 -33.2568 -37.4348 -35.4053 -51.1907 -48.8581 -51.2066 -52.8095 
-72.1611 -70.4892 -69.9507 -69.6291 -56.907 -57.8563 -57.4238 -55.6564 -66.6209 -68.3172 -67.868 -70.224 
-50.7683 -51.2819 -49.2027 -50.2526 -56.252 -58.03 -35.268 -35.1208 -49.5667 -49.425 -68.5772 -70.1791 
-49.8089 -50.5937 -69.6446 -69.0486 -58.0882 -57.1776 -38.1363 -37.3236 -68.501 -67.0381 -69.7396 -70.1027 
-53.3777 -51.1312 -49.9969 -50.592 -59.2849 -57.6672 -39.0023 -38.7093 -51.0957 -50.7661 -67.8526 -69.1392 
-71.1553 -71.9933 -69.1404 -68.2953 -38.4518 -38.3624 -56.0025 -55.9447 -69.1448 -68.552 -51.504 -51.7093 
-47.2438 -48.085 -47.6128 -46.1594 -33.5065 -38.1174 -33.6826 -33.2721 -48.8463 -47.3639 -51.4226 -52.8016 
-53.3082 -50.5538 -51.0417 -49.7358 -40.3878 -37.7377 -40.5894 -38.0094 -51.2864 -48.7425 -52.4685 -51.904 
-68.9516 -70.57 -69.7657 -68.0787 -39.4602 -41.2008 -56.8043 -56.1502 -69.0568 -63.8564 -51.9519 -52.5989 
-54.9909 -51.6324 -52.034 -51.241 -38.8613 -38.5777 -40.383 -38.5258 -50.0423 -50.8546 -51.2681 -53.5241 
-51.7015 -52.2884 -50.1006 -50.1722 -34.9896 -41.565 -35.3737 -33.5951 -50.6228 -47.8751 -51.4481 -49.8963 
-53.6927 -50.7793 -57.3262 -49.7684 -40.7181 -41.5265 -40.4521 -37.7437 -52.3494 -51.3526 -53.6624 -52.5457 
-51.956 -48.9631 -52.4504 -49.1963 -39.5186 -38.169 -38.2152 -39.5608 -50.8673 -49.7083 -52.7159 -51.6422 
-53.2754 -53.953 -52.8137 -52.1339 -37.6126 -38.8599 -39.8039 -36.714 -52.1295 -53.0496 -50.3692 -51.9634 
-50.1319 -49.7136 -51.5807 -50.0444 -54.6638 -58.6899 -37.1311 -36.3505 -50.6021 -48.7567 -68.6702 -69.4549 
-50.9778 -50.9809 -53.7435 -53.0729 -59.2381 -62.0722 -41.8472 -40.0995 -51.8312 -52.4521 -71.2281 -73.0194 
-487.627 -53.8144 -52.9473 -53.047 -58.2839 -61.5279 -37.4114 -39.1005 -53.3681 -52.4074 -70.83 -72.8769 
-70.4339 -69.138 -71.3879 -71.6681 -59.3858 -60.6132 -57.3084 -54.7277 -71.9242 -71.4507 -70.3028 -71.168 


(inverted) sbs.hcal.adc.timeoffset =
-70.9564 -69.7076 -70.5086 -71.5812 -54.9356 -58.0194 -58.6121 -55.4157 -68.3071 -69.9564 -73.9596 -69.3231 
-72.0377 -71.579 -51.3939 -52.748 -56.8093 -58.547 -56.4491 -53.1152 -51.3477 -50.3858 -68.4129 -67.6656 
-52.4523 -48.8768 -51.1512 -55.3112 -36.0941 -39.1933 -34.1703 -35.8776 -52.1979 -50.5336 -48.8685 -50.1922 
-53.0219 -51.52 -52.6522 -51.1217 -38.0797 -39.815 -38.7781 -38.2683 -50.4029 -51.6598 -50.6016 -49.4961 
-51.5814 -52.0996 -49.3497 -50.9688 -58.862 -57.8869 -36.8099 -36.0517 -49.2773 -49.954 -68.9571 -69.1931 
-51.9145 -52.1207 -51.3091 -51.1981 -56.0296 -59.1251 -39.4465 -36.7249 -50.9888 -49.2459 -70.5251 -70.0935 
-47.2751 -47.4801 -48.0034 -46.4869 -36.5005 -33.8058 -38.0182 -35.6013 -51.1947 -49.3417 -51.0518 -51.9741 
-71.2219 -70.7846 -70.6547 -70.6207 -57.1066 -58.2301 -57.5826 -56.6314 -67.2281 -68.389 -67.592 -69.2606 
-50.5071 -51.6203 -50.1725 -51.169 -56.0358 -58.248 -35.831 -35.6294 -49.6865 -49.602 -68.827 -69.6975 
-49.2653 -50.5385 -70.0404 -69.2436 -58.517 -56.7326 -38.2351 -37.848 -69.437 -67.5733 -70.089 -69.3651 
-53.2639 -51.528 -50.9011 -51.0386 -59.3843 -57.678 -39.3371 -39.6091 -51.0719 -50.8709 -68.1846 -69.3102 
-69.6777 -71.9963 -69.6834 -68.7009 -39.5868 -38.9014 -56.6467 -56.1915 -69.367 -68.6684 -51.7682 -51.6821 
-47.2446 -49.214 -47.8346 -46.3384 -34.0919 -38.3074 -34.155 -33.8757 -48.9321 -47.7999 -51.7666 -52.7668 
-53.4474 -51.408 -51.9531 -50.242 -40.8316 -38.4687 -41.0422 -38.6112 -51.328 -49.3517 -53.2279 -51.2104 
-68.1604 -71.066 -70.0953 -68.8225 -39.4298 -41.3052 -57.1479 -56.5136 -69.7224 -67.3116 -52.6041 -52.1025 
-54.3839 -52.7274 -52.7498 -52.153 -39.8869 -39.3997 -41.2096 -39.0334 -50.4421 -51.6414 -51.6705 -53.1693 
-52.1257 -51.8852 -50.5162 -50.8046 -35.9664 -42.2062 -36.2863 -34.5743 -50.5842 -48.3717 -51.3763 -49.1351 
-53.2461 -51.3689 -57.2926 -51.2726 -41.3079 -42.4149 -41.0577 -38.2127 -52.4374 -51.3038 -54.266 -52.6313 
-49.8754 -48.7095 -53.1302 -50.0079 -39.939 -38.7674 -38.9216 -39.5688 -51.1687 -50.4893 -53.3455 -51.013 
-52.6752 -53.9064 -52.5511 -53.0603 -37.6708 -38.9721 -40.4205 -36.5656 -51.9535 -53.667 -50.8758 -51.69 
-50.2713 -49.9066 -52.6173 -50.4632 -55.1016 -59.2427 -37.9471 -36.5813 -50.2779 -48.8387 -68.8956 -69.3107 
-51.2654 -51.7193 -54.7631 -53.1427 -59.8751 -61.9068 -42.0084 -39.9071 -52.1766 -52.3099 -71.0819 -72.5048 
307.549 -54.0176 -53.7571 -53.1304 -59.2211 -61.3711 -38.279 -39.5865 -53.9405 -53.0854 -70.8176 -73.7485 
-69.6481 -68.6148 -70.8695 -71.5483 -60.0822 -60.3488 -57.4114 -53.9757 -72.6564 -72.2089 -70.3392 -70.618 


