#HCal ADCt offsets obtained 9_14_2023 for db adct offset timestamp none
#Offsets obtained from fits over ADCt distributions.
none
sbs.hcal.adc.timeoffset =
39.4018 41.8066 40.3249 40.6576 56.9707 54.5562 54.2852 57.4299 44.8377 41.0935 35.5178 40.9862 
41.7649 39.7077 59.4122 58.8393 56.9955 54.0431 56.4142 58.7078 60.793 61.9682 52.3981 42.7336 
33.1451 61.1365 60.0714 57.3076 76.6912 74.221 78.3229 76.7585 60.9013 62.0176 62.2115 60.5682 
57.4278 60.048 58.7785 60.8927 74.4848 73.4206 74.6253 74.3424 61.5444 59.6965 60.6931 60.8704 
60.9893 58.6697 62.5601 61.1489 53.984 54.6206 76.2635 77.2014 63.1647 61.5417 42.7308 40.3976 
57.6563 57.9842 59.7072 61.2183 56.4126 53.0205 72.7838 76.3352 62.0145 62.8183 41.6489 40.5724 
61.1972 61.4056 62.5713 64.8116 75.69 78.6975 74.2569 76.8065 61.1659 62.2867 59.7596 56.8262 
38.0965 38.6763 40.5539 40.7751 54.5049 53.4237 54.3535 55.5699 44.7742 42.8965 43.0795 40.2714 
60.1566 57.3341 61.0122 60.0357 55.7308 53.4916 76.5781 76.6449 62.4099 62.0356 42.409 40.3639 
61.6194 60.5982 41.2698 42.3237 53.8266 55.7397 74.5189 74.8592 43.4549 44.5278 41.4206 40.6813 
56.7808 58.954 60.5919 60.8464 53.0688 55.1164 73.5803 73.8053 61.7118 61.3406 42.9017 40.71 
38.7807 37.7877 41.472 43.3729 73.2576 73.8715 56.1545 56.5398 42.7689 43.0252 59.1441 58.6983 
59.6054 61.3971 63.3475 66.3097 78.247 74.3446 78.5715 79.0481 63.599 64.1836 58.6508 57.868 
56.2551 59.7593 59.5931 61.5792 71.0833 73.5423 70.8207 73.3834 60.603 61.8036 58.4585 58.3949 
38.4403 38.8479 41.0814 42.8884 72.0569 70.3759 54.6871 55.3472 42.3837 45.9167 58.2768 57.0502 
54.2111 57.9414 58.6773 58.7932 71.9581 72.0934 70.2598 72.2467 60.9186 60.024 59.7826 57.3419 
56.9329 57.7547 60.1438 60.1535 74.9736 68.7355 75.1236 76.4495 60.0902 62.588 59.2348 57.9309 
55.2995 59.0991 52.468 59.8369 69.6012 68.4524 70.1901 73.182 59.0413 59.6533 56.954 59.8222 
57.577 61.4879 57.7622 61.1683 71.3752 72.9532 72.6161 71.6926 59.9774 60.5861 56.7858 59.7382 
57.4972 55.9443 57.6799 58.7421 73.9835 72.6291 70.839 74.9697 59.3166 57.5416 60.251 60.8905 
58.2251 60.0424 57.333 60.9857 60.5198 52.291 73.5343 74.4306 60.5195 62.2919 42.4892 44.8162 
57.9528 58.8803 55.7999 57.9419 51.1506 48.2836 68.5285 70.9302 59.126 58.9669 40.3935 37.1865 
-319.228 56.1668 56.7717 57.2956 51.0893 49.0755 72.6957 71.2512 57.5956 58.5444 40.8788 36.6208 
39.7555 40.3838 39.3559 38.9357 50.6485 49.97 52.8756 56.093 38.5929 40.1373 41.0021 39.3527 


(inverted) sbs.hcal.adc.timeoffset =
80.3316 80.8834 81.6793 82.2432 66.288 69.5015 70.5094 67.5436 80.0385 81.1867 84.9612 80.3428 
81.6653 82.7503 61.7055 63.6204 68.1976 69.3326 68.0616 66.7411 63.2462 62.6317 79.8671 79.4572 
62.6713 59.531 61.6142 66.5 47.6944 50.651 46.7149 46.6127 62.4505 62.0716 60.8362 61.6815 
63.5628 62.5649 64.071 62.3201 49.6296 50.5174 50.2451 49.993 62.3027 62.8707 61.5124 61.0842 
61.9844 62.3201 60.3052 62.3518 70.4769 69.7348 49.1003 47.8814 61.4071 61.8165 80.5042 80.1946 
62.5461 62.7699 62.9229 62.2524 67.6042 70.9676 51.2264 48.7298 63.2823 61.2159 81.7191 82.1674 
58.1456 58.7386 58.9123 57.903 48.7836 45.4463 49.6489 47.7115 63.4024 61.0131 62.7771 63.2131 
81.8889 81.4203 81.4987 81.4961 68.6378 69.6704 69.4522 68.0638 78.6448 79.8955 79.2573 80.6184 
61.2108 62.1584 60.9159 61.9517 67.8182 69.7145 47.6539 47.2959 61.6576 61.3933 80.2718 81.2281 
59.9061 61.5209 80.9318 80.6401 69.9328 68.9518 50.2311 49.5906 80.7867 79.0156 81.3404 80.7117 
63.819 62.1701 61.4645 62.1659 70.9651 69.5351 51.0873 51.1467 63.1006 62.7323 79.3067 79.9146 
80.7837 82.6235 80.374 79.4829 50.244 50.1713 68.1303 67.7423 80.6527 80.1858 62.8997 62.825 
57.0506 58.2715 58.2994 57.8123 44.714 49.7802 45.3661 45.2079 60.6185 58.9486 62.6108 63.4128 
63.501 60.9232 62.0042 60.8312 51.5547 49.2131 51.9287 49.7142 62.6314 60.503 63.9382 62.6055 
79.0605 81.1271 80.7734 79.3586 50.6389 52.3994 68.3232 67.6054 80.8195 77.6307 63.2686 63.4755 
64.3954 62.2667 63.0728 62.4284 50.4181 50.1116 51.8094 49.9661 61.3434 62.3143 62.4992 64.3783 
61.8365 62.1413 60.906 61.1494 45.97 52.6833 46.925 44.9441 61.4339 58.9618 62.1723 60.0969 
62.962 61.0738 67.5637 60.9512 51.7144 52.6342 51.6697 49.0534 63.5562 62.3386 64.7071 63.05 
61.1626 59.0777 63.1556 60.1201 50.42 49.3254 49.5333 50.5152 61.887 60.7948 63.6575 61.6447 
63.21 64.0943 63.2637 63.371 48.6599 49.6995 50.65 47.5645 62.8299 63.9825 61.3618 62.2132 
60.5072 60.0661 61.3514 60.7816 68.1539 69.9492 48.3667 47.321 61.1623 59.5057 79.5262 79.8866 
60.6068 61.5159 64.4606 63.6284 70.0374 72.7568 52.6631 50.791 62.7297 63.1229 81.6363 83.2119 
-239.234 64.2317 63.6534 63.6104 68.8164 71.8765 48.3467 49.5534 64.0197 63.1411 81.2946 83.1542 
80.2349 78.7796 81.3141 81.9045 69.7325 70.7068 67.3682 64.5131 82.2557 81.9049 80.6427 80.8847 


