#HCal ADCt offsets obtained 9_5_2023 for db adct offset timestamp none
#Offsets obtained from fits over ADCt distributions.
--------[ 2021-11-25 00:00:00 ]
(inverted) sbs.hcal.adc.timeoffset =
132.896 134.117 134.409 135.358 119.618 122.208 122.717 120.2 132.515 133.133 137.017 132.03 
135.429 134.835 113.767 116.369 121.476 122.224 120.606 119.253 114.887 115.246 136.538 132.11 
102.468 112.179 113.475 119.364 100.544 103.709 99.023 99.5233 115.727 115.121 112.758 114.066 
115.661 115.069 116.382 114.666 102.361 103.543 102.95 102.686 114.424 114.871 114.231 113.443 
115.604 114.674 112.837 114.93 123.431 122.644 101.926 100.777 113.709 113.796 132.772 131.755 
114.553 114.878 115.043 115.036 120.159 123.623 103.418 101.563 115.945 114.033 133.854 134.518 
109.498 111.131 111.61 109.811 100.6 97.5084 101.959 99.9638 115.847 113.297 114.756 114.213 
134.149 132.973 133.425 133.624 121.046 121.989 121.75 120.412 131.162 132.149 130.903 132.482 
113.758 113.878 112.629 114.175 120.179 122.242 99.9119 99.6054 113.98 113.654 132.495 132.903 
112.795 113.759 133.574 132.854 122.766 121.504 102.836 102.082 133.353 131.594 133.907 132.818 
116.139 114.112 113.645 114.725 123.634 122.087 103.977 103.899 115.712 115.195 131.578 131.792 
132.555 134.603 132.86 131.977 103.137 102.958 120.879 120.555 133.663 132.566 114.924 114.64 
107.953 111.398 111.248 110.777 97.7971 102.552 98.2899 97.9217 113.242 111.563 114.626 116.021 
115.956 113.765 114.523 113.592 104.367 101.941 104.493 102.201 115.251 112.349 116.574 114.385 
129.523 133.397 133.087 131.944 103.14 105.015 120.8 120.308 133.351 132.506 115.562 114.942 
116.569 114.625 115.511 114.725 102.66 102.209 104.335 102.357 113.531 114.827 115.416 116.285 
113.954 114.539 113.028 113.33 98.3254 104.804 99.2304 97.3761 113.88 111.459 114.623 110.659 
114.983 113.548 119.594 113.038 103.904 104.686 103.835 101.248 115.959 114.827 117.381 116.364 
113.092 111.313 115.468 112.701 102.843 101.775 101.851 102.825 114.241 113.208 115.663 114.136 
115.713 115.978 115.428 115.958 101.507 102.21 103.318 99.7966 115.21 116.47 113.662 116.096 
112.127 112.37 114.67 113.753 121.515 122.098 100.699 99.4906 113.735 111.949 132.059 134.023 
112.823 113.852 116.706 116.126 122.694 124.934 104.75 102.963 115.117 116.062 134.56 135.374 
153.474 116.576 116.26 115.754 121.37 124.329 100.48 102.167 116.71 115.728 134.332 135.865 
131.674 130.87 133.831 134.553 122.549 123.376 119.782 116.892 134.752 135.164 133.331 133.334 


sbs.hcal.adc.timeoffset =
-8.2513 -6.20664 -7.12595 -7.27692 9.17191 6.23807 5.88355 9.57103 -3.7123 -6.1693 -10.9729 -6.59106 
-8.50898 -8.32143 11.7938 11.1535 8.16205 5.7809 7.71262 11.4492 13.0148 13.6265 -0.14009 -5.23379 
-2.00336 13.1427 12.049 9.04363 28.5789 25.7258 30.683 29.0741 12.981 14.0142 14.2849 13.1268 
9.81288 12.0207 11.2221 12.8946 26.565 25.5323 26.2868 26.2281 13.4369 12.0458 13.2142 13.4692 
12.5884 11.3302 14.775 13.5658 6.22703 7.02981 28.3113 29.0762 15.334 13.8392 -5.2767 -7.04965 
10.8146 10.9753 12.0911 13.5479 8.78389 5.51567 25.079 28.5667 14.0402 15.081 -6.26391 -6.96675 
14.5751 14.2979 15.6524 16.6071 27.9096 30.4458 26.5064 28.9572 13.4612 15.0968 12.498 9.42947 
-9.2339 -8.30088 -7.18008 -6.62577 7.03234 5.90258 6.74367 8.12426 -2.6866 -4.55757 -4.55728 -7.00243 
12.4828 10.9759 13.254 12.7531 7.89128 5.96372 28.8129 28.8552 14.7269 14.6274 -4.909 -6.97404 
13.7213 12.6269 -6.11126 -5.43869 6.16073 7.59415 26.4642 26.9105 -4.58483 -3.01729 -5.9211 -6.64934 
9.49777 11.4527 12.7466 13.0944 4.96479 6.74153 25.6374 25.581 13.5443 13.558 -4.45882 -6.65768 
-8.27839 -9.38635 -5.96338 -5.01924 25.0983 25.6943 8.22942 8.41927 -4.84896 -4.65465 11.6521 11.2486 
13.4644 14.0994 15.8004 18.2792 30.1987 26.1274 30.4523 30.7739 15.464 16.3995 11.4372 10.453 
9.20003 11.8037 11.5281 13.6143 23.148 25.7342 22.8614 25.5804 12.6369 14.2545 10.8775 11.2704 
-7.58872 -8.23859 -6.77408 -4.95754 24.2499 22.5095 6.84759 7.64373 -5.42774 1.33752 11.0063 10.2404 
7.19421 10.265 10.7275 11.3306 23.9122 24.2315 22.7419 24.7981 13.0461 12.3309 12.4777 9.59157 
10.127 10.3654 12.4115 12.3534 27.3694 21.0324 27.5704 29.2067 12.673 15.212 11.7985 11.6272 
8.04452 11.3996 4.97497 11.9968 21.8783 20.745 22.3256 25.2919 11.1726 12.1709 9.45249 11.1872 
11.2601 13.6409 9.88736 13.4965 23.3857 24.839 24.7141 23.6958 12.2049 13.0102 9.6014 11.481 
9.762 8.11843 10.0628 10.7643 26.2241 24.3783 23.0932 26.517 11.1265 9.75355 12.4165 12.4425 
11.7234 12.7502 10.4725 13.2453 11.7494 4.16548 25.6203 26.5588 12.855 14.3535 -5.50633 -4.74296 
10.5797 11.1521 8.19958 9.91081 3.58065 0.954772 20.8946 22.9564 11.1097 11.2998 -7.75023 -10.1504 
-26.6038 8.7439 9.5552 9.57706 3.8648 1.43046 24.7901 23.4796 9.40158 10.2356 -7.31604 -10.7601 
-8.40773 -6.88257 -8.4268 -8.66334 3.081 2.41408 5.06225 8.18882 -9.82899 -8.49591 -7.31142 -8.45196 


