#fixed adct offsets from testscripts/reverseADCtimePar.C
sbs.hcal.adc.timeoffset =
-69.0825 -69.3893 -70.2329 -70.8303 -54.8717 -57.9057 -58.6232 -56.1111 -68.4156 -69.8378 -73.6846 -68.9662 
-69.9715 -70.7184 -50.1258 -52.248 -56.7102 -57.951 -55.8657 -54.2144 -51.4086 -51.0852 -67.5392 -21.5035 
-50.6251 -47.1995 -49.4957 -54.5626 -35.7514 -39.0014 -34.6615 -35.4189 -51.1157 -50.8867 -49.3618 -50.4184 
-51.4768 -50.0636 -51.6782 -49.8982 -37.3774 -38.6671 -38.2664 -38.3681 -50.6312 -51.414 -50.3448 -49.6708 
-49.7808 -49.8785 -47.7306 -49.2243 -57.4437 -57.321 -36.8537 -35.9901 -49.72 -49.9755 -69.0606 -69.0853 
-50.3809 -50.4951 -49.6938 -49.0249 -53.6565 -57.3285 -38.333 -36.6776 -51.4095 -49.8977 -70.1065 -70.9247 
-45.8987 -46.2473 -45.5256 -44.0849 -34.7801 -31.6104 -36.2397 -34.9321 -51.3907 -49.3552 -51.1959 -14.4018 
-70.071 -69.2472 -68.6297 -68.208 -55.0926 -56.148 -56.0465 -55.2596 -66.6973 -68.106 -67.3568 -69.4609 
-49.3661 -50.2472 -48.3285 -49.2987 -54.7181 -56.854 -34.6828 -34.4939 -49.4522 -49.4306 -68.5615 -69.9078 
-47.9722 -49.4312 -68.8215 -68.3341 -57.621 -56.4384 -37.6656 -37.2463 -68.847 -67.324 -69.6219 -69.0849 
-51.9569 -50.0274 -49.0671 -49.8069 -58.511 -56.9709 -38.6222 -38.8002 -50.9646 -50.7404 -67.2882 -68.2902 
-68.8161 -70.5174 -68.0917 -66.8564 -37.6536 -37.4779 -55.4685 -55.1522 -68.579 -68.2524 -51.2098 -50.9826 
-44.6762 -46.3949 -46.0566 -45.06 -32.2539 -37.2141 -32.7166 -32.6349 -48.3357 -47.0576 -50.9364 -52.0525 
-51.6871 -49.2193 -49.9697 -48.9372 -39.4206 -36.9757 -39.8139 -37.4673 -50.5731 -48.3727 -52.1332 -51.5706 
-67.3415 -69.4079 -68.781 -67.4728 -38.7048 -40.5902 -56.4109 -55.8409 -68.8797 -65.4769 -51.5889 -52.5259 
-52.9821 -50.5392 -51.1678 -50.722 -38.6091 -38.3265 -40.1862 -38.0782 -49.2787 -50.3429 -50.9981 -53.2442 
-50.1456 -50.3174 -48.7818 -49.2078 -34.061 -40.7285 -34.7198 -32.8666 -49.5339 -47.2391 -50.4689 -49.791 
-51.5126 -49.0906 -55.4598 -48.6988 -39.3295 -40.3452 -39.324 -36.7083 -51.4753 -50.5352 -53.022 -51.6848 
-49.857 -47.4353 -51.2091 -47.9558 -38.181 -36.9453 -37.2732 -38.2983 -49.9053 -49.0276 -51.802 -49.9672 
-51.4605 -52.0807 -51.2135 -51.2854 -36.8925 -37.6194 -38.9526 -35.3306 -50.8969 -52.1528 -49.5264 -50.8134 
-49.22 -48.4223 -49.2126 -49.2404 -56.4053 -58.1101 -36.5392 -35.3698 -49.3196 -47.4772 -67.6296 -68.2382 
-49.3766 -49.992 -52.8179 -51.9208 -58.5008 -60.8543 -40.6898 -38.5936 -50.8052 -51.5323 -69.9556 -72.2987 
250.951 -53.0271 -52.0415 -51.8587 -57.1433 -59.9021 -36.3702 -37.8696 -52.0282 -51.078 -69.3412 -72.3442 
-68.0466 -67.4414 -69.7094 -70.3083 -58.2462 -59.0066 -55.3107 -52.6604 -70.5213 -70.0476 -68.9264 -69.9173 


