#fixed adct offsets from testscripts/reverseADCtimePar.C
sbs.hcal.adc.timeoffset =
-80.3316 -80.8834 -81.6793 -82.2432 -66.288 -69.5014 -70.5094 -67.5436 -80.0385 -81.1867 -84.9612 -80.3428 
-81.6653 -82.7503 -61.7055 -63.6204 -68.1976 -69.3326 -68.0615 -66.7411 -63.2462 -62.6317 -79.8671 -79.4572 
-62.6713 -59.531 -61.6142 -66.5 -47.6944 -50.651 -46.7149 -46.6127 -62.4505 -62.0716 -60.8362 -61.6815 
-63.5628 -62.565 -64.071 -62.3201 -49.6296 -50.5174 -50.2451 -49.993 -62.3027 -62.8707 -61.5124 -61.0841 
-61.9844 -62.32 -60.3053 -62.3518 -70.4769 -69.7348 -49.1003 -47.8814 -61.4071 -61.8165 -80.5042 -80.1946 
-62.5461 -62.77 -62.9229 -62.2525 -67.6042 -70.9676 -51.2264 -48.7298 -63.2824 -61.216 -81.7191 -82.1674 
-58.1456 -58.7386 -58.9123 -57.9029 -48.7836 -45.4463 -49.6489 -47.7115 -63.4023 -61.013 -62.7771 -63.2132 
-81.8889 -81.4203 -81.4987 -81.4961 -68.6378 -69.6704 -69.4522 -68.0638 -78.6448 -79.8955 -79.2573 -80.6184 
-61.2108 -62.1584 -60.9159 -61.9517 -67.8182 -69.7145 -47.6539 -47.2959 -61.6576 -61.3933 -80.2718 -81.2281 
-59.9061 -61.5208 -80.9318 -80.6401 -69.9328 -68.9518 -50.2311 -49.5906 -80.7867 -79.0156 -81.3404 -80.7117 
-63.8189 -62.1701 -61.4645 -62.1658 -70.9652 -69.5352 -51.0873 -51.1467 -63.1006 -62.7322 -79.3067 -79.9146 
-80.7837 -82.6235 -80.374 -79.4829 -50.244 -50.1713 -68.1304 -67.7423 -80.6527 -80.1858 -62.8998 -62.8249 
-57.0506 -58.2715 -58.2993 -57.8123 -44.714 -49.7802 -45.3661 -45.2079 -60.6185 -58.9486 -62.6108 -63.4128 
-63.501 -60.9231 -62.0042 -60.8312 -51.5547 -49.2131 -51.9287 -49.7142 -62.6314 -60.503 -63.9383 -62.6054 
-79.0605 -81.1271 -80.7734 -79.3586 -50.6389 -52.3995 -68.3232 -67.6054 -80.8195 -77.6307 -63.2686 -63.4754 
-64.3953 -62.2667 -63.0728 -62.4284 -50.4181 -50.1116 -51.8094 -49.9661 -61.3435 -62.3143 -62.4993 -64.3783 
-61.8365 -62.1413 -60.9061 -61.1494 -45.97 -52.6833 -46.925 -44.9441 -61.434 -58.9618 -62.1723 -60.0969 
-62.962 -61.0737 -67.5637 -60.9512 -51.7144 -52.6342 -51.6697 -49.0534 -63.5563 -62.3387 -64.7072 -63.05 
-61.1626 -59.0777 -63.1556 -60.1201 -50.42 -49.3254 -49.5333 -50.5152 -61.887 -60.7948 -63.6575 -61.6447 
-63.2099 -64.0944 -63.2637 -63.371 -48.6599 -49.6995 -50.65 -47.5645 -62.83 -63.9825 -61.3618 -62.2133 
-60.5072 -60.0662 -61.3514 -60.7816 -68.1538 -69.9492 -48.3667 -47.321 -61.1624 -59.5057 -79.5262 -79.8866 
-60.6068 -61.5159 -64.4606 -63.6284 -70.0374 -72.7568 -52.6631 -50.791 -62.7297 -63.1229 -81.6363 -83.2119 
239.234 -64.2317 -63.6533 -63.6104 -68.8164 -71.8765 -48.3467 -49.5534 -64.0198 -63.1411 -81.2946 -83.1542 
-80.2349 -78.7796 -81.3141 -81.9045 -69.7325 -70.7068 -67.3682 -64.5131 -82.2557 -81.9049 -80.6427 -80.8847 


