#HCal ADCt offsets obtained 8_8_2023 for db adct offset timestamp none
#Offsets obtained from fits over ADCt distributions.
--------[ 2022-01-12 00:00:00 ]
sbs.hcal.adc.timeoffset =
35.2535 38.0232 36.4244 36.7205 53.2985 50.6096 50.1325 53.3873 40.7204 37.0287 31.5224 36.9373 
37.3605 35.1111 55.3872 54.7983 52.4262 50.1382 51.9607 53.8025 56.3613 58.0727 48.0956 39.0139 
29.0119 56.873 55.804 53.1108 72.2962 69.9301 73.6441 72.9841 56.9284 58.3361 58.0126 56.4826 
53.0986 55.9494 54.5374 56.4831 70.0539 69.2983 70.1186 69.9538 56.9697 55.7137 56.8575 56.9162 
57.0283 54.3956 58.2389 56.7723 49.7674 50.0362 71.6813 73.1233 58.83 57.3902 38.4633 36.4112 
53.6118 53.8206 54.9781 56.9587 52.0101 48.6607 68.4659 71.7996 57.8035 59.0872 37.8153 36.5564 
56.9167 57.0913 58.3361 59.7832 70.613 73.6119 69.6646 72.3895 56.9603 58.3188 55.7728 49.5254 
34.0604 34.4987 35.9655 35.9634 49.4376 48.2748 49.4316 51.0119 40.6254 38.8954 39.0252 35.9722 
56.1574 53.3148 56.3724 55.4803 50.8028 48.7366 71.7653 71.9131 58.2261 57.9596 38.3914 36.4021 
57.6139 56.2105 37.1243 37.9139 49.1694 50.853 69.7412 70.2892 39.4082 40.5233 37.6555 36.8192 
52.8853 54.7586 56.4795 56.5179 48.7206 50.596 69.1444 69.499 57.5269 57.2525 38.876 36.7457 
34.6934 33.6934 37.4237 39.1468 69.2663 69.8995 51.9546 52.2718 38.7543 39.0998 55.3309 54.6175 
55.575 57.6152 59.222 61.8428 73.9749 69.82 74.1531 74.6529 59.304 60.1552 54.7701 54.0779 
51.9801 55.9012 55.4761 57.5699 66.6451 69.2114 66.5371 69.0902 56.5585 57.5991 54.4621 54.2721 
34.1499 34.7532 36.8556 38.7984 67.8497 66.3221 50.3772 51.3954 38.3658 42.4294 54.3725 53.21 
50.4588 54.0913 54.5485 54.7713 67.908 68.0834 66.5551 68.4477 56.9843 56.1119 56.024 53.3411 
53.2241 54.0379 56.1306 56.1852 71.2406 65.0208 71.2931 72.5953 56.3164 58.826 55.338 53.9573 
51.516 55.1493 48.6633 55.7116 65.3187 64.4844 66.0536 68.6759 54.7583 55.6246 53.0821 55.9132 
53.8133 57.471 53.6628 56.9627 67.105 68.6003 67.9179 67.0136 55.587 56.5116 52.7817 55.7311 
53.523 51.8852 53.3405 54.6198 70.0532 68.2333 66.5937 70.1909 54.9848 53.4848 55.9942 57.0943 
54.4567 56.2447 53.3888 57.3377 56.4931 48.1917 69.3751 70.1616 56.4378 58.1065 38.4618 40.7358 
54.1987 54.9814 52.0486 54.0977 47.3055 44.278 64.6521 66.6957 55.1467 55.1266 36.4431 33.043 
-39.5411 52.3663 52.8889 53.3228 47.5331 45.2783 68.6278 67.1511 53.3744 54.3996 36.8796 32.9859 
35.2255 36.4801 35.4086 35.3049 47.043 45.8185 48.5064 51.5568 34.3477 36.0199 37.0598 35.1943 


