#fixed adct offsets from testscripts/reverseADCtimePar.C
sbs.hcal.adc.timeoffset =
-76.1833 -77.1 -77.7788 -78.3061 -62.6158 -65.5548 -66.3567 -63.501 -75.9212 -77.1219 -80.9658 -76.2939 
-77.2609 -78.1537 -57.6805 -59.5794 -63.6283 -65.4277 -63.608 -61.8358 -58.8145 -58.7362 -75.5646 -75.7375 
-58.5381 -55.2675 -57.3468 -62.3032 -43.2994 -46.3601 -42.0361 -42.8383 -58.4776 -58.3901 -56.6373 -57.5959 
-59.2336 -58.4664 -59.8299 -57.9105 -45.1987 -46.3951 -45.7384 -45.6044 -57.728 -58.8879 -57.6768 -57.1299 
-58.0234 -58.0459 -55.9841 -57.9752 -66.2603 -65.1504 -44.5181 -43.8033 -57.0724 -57.665 -76.2367 -76.2082 
-58.5016 -58.6064 -58.1938 -57.9929 -63.2017 -66.6078 -46.9085 -44.1942 -59.0714 -57.4849 -77.8855 -78.1514 
-53.8651 -54.4243 -54.6771 -52.8745 -43.7066 -40.3607 -45.0566 -43.2945 -59.1967 -57.0451 -58.7903 -55.9124 
-77.8528 -77.2427 -76.9103 -76.6844 -63.5705 -64.5215 -64.5303 -63.5058 -74.496 -75.8944 -75.203 -76.3192 
-57.2116 -58.1391 -56.2761 -57.3963 -62.8902 -64.9595 -42.8411 -42.5641 -57.4738 -57.3173 -76.2542 -77.2663 
-55.9006 -57.1331 -76.7863 -76.2303 -65.2756 -64.0651 -45.4534 -45.0206 -76.74 -75.0111 -77.5753 -76.8496 
-59.9234 -57.9747 -57.3521 -57.8373 -66.617 -65.0148 -46.6514 -46.8404 -58.9157 -58.6441 -75.281 -75.9503 
-76.6964 -78.5292 -76.3257 -75.2568 -46.2527 -46.1993 -63.9305 -63.4743 -76.6381 -76.2604 -59.0866 -58.7441 
-53.0202 -54.4896 -54.1738 -53.3454 -40.4419 -45.2556 -40.9477 -40.8127 -56.3235 -54.9202 -58.7301 -59.6227 
-59.226 -57.065 -57.8872 -56.8219 -47.1165 -44.8822 -47.6451 -45.421 -58.5869 -56.2985 -59.9419 -58.4826 
-74.7701 -77.0324 -76.5476 -75.2686 -46.4317 -48.3457 -64.0133 -63.6536 -76.8016 -74.1434 -59.3643 -59.6352 
-60.643 -58.4166 -58.944 -58.4065 -46.368 -46.1016 -48.1047 -46.1671 -57.4092 -58.4022 -58.7407 -60.3775 
-58.1277 -58.4245 -56.8929 -57.1811 -42.237 -48.9686 -43.0945 -41.0899 -57.6602 -55.1998 -58.2755 -56.1233 
-59.1785 -57.1239 -63.759 -56.8259 -47.4319 -48.6662 -47.5332 -44.5473 -59.2733 -58.31 -60.8353 -59.141 
-57.3989 -55.0608 -59.0562 -55.9145 -46.1498 -44.9725 -44.8351 -45.8362 -57.4966 -56.7203 -59.6534 -57.6376 
-59.2357 -60.0353 -58.9243 -59.2487 -44.7296 -45.3037 -46.4047 -42.7857 -58.4982 -59.9257 -57.105 -58.4171 
-56.7388 -56.2685 -57.4072 -57.1336 -64.1271 -65.8499 -44.2075 -43.052 -57.0807 -55.3203 -75.4988 -75.8062 
-56.8527 -57.617 -60.7093 -59.7842 -66.1923 -68.7512 -48.7867 -46.5565 -58.7504 -59.2826 -77.6859 -79.0684 
-40.4529 -60.4312 -59.7705 -59.6376 -65.2602 -68.0793 -44.2788 -45.4533 -59.7986 -58.9963 -77.2954 -79.5193 
-75.7049 -74.8759 -77.3668 -78.2737 -66.127 -66.5553 -62.999 -59.9769 -78.0105 -77.7875 -76.7004 -76.7263 


