#HCal ADCt offsets obtained 9_13_2023 for db adct offset timestamp none
#Offsets obtained from fits over ADCt distributions.
--------[ 2021-11-13 00:00:00 ]
sbs.hcal.adc.timeoffset =
39.4339 41.7602 40.3587 40.6532 57.0083 54.5297 54.2627 57.4777 44.8106 41.1077 35.5584 41.0418 
41.7537 39.6778 59.4068 58.8799 56.9757 54.0261 56.4199 58.7078 60.793 61.9507 52.4222 42.7092 
33.1584 61.2287 60.0671 57.2982 76.7188 74.2638 78.3153 76.7997 60.9335 62.0592 62.2191 60.6171 
57.4647 60.0461 58.7647 60.9465 74.4763 73.4092 74.6548 74.3586 61.5216 59.7145 60.6653 60.8407 
60.9965 58.6615 62.5984 61.1853 54.0291 54.6474 76.2514 77.23 63.134 61.5201 42.7872 40.371 
57.6653 58.0139 59.6975 61.245 56.3979 53.0024 72.7696 76.371 61.9976 62.807 41.6983 40.5521 
61.259 61.4085 62.5817 64.8519 75.6779 78.72 74.2488 76.8115 61.2102 62.2693 59.7959 56.7914 
38.1376 38.6761 40.5721 40.7763 54.5414 53.4364 54.3867 55.5507 44.752 42.9101 43.0949 40.2422 
60.1252 57.3634 61.0507 60.0513 55.7306 53.4708 76.5972 76.6575 62.3986 62.0641 42.3924 40.3959 
61.5955 60.6463 41.2991 42.3184 53.8175 55.7694 74.5078 74.8913 43.4914 44.5676 41.4621 40.7255 
56.8367 58.9486 60.5788 60.8327 53.0593 55.1058 73.564 73.7946 61.701 61.3268 42.8737 40.6891 
38.8138 37.8171 41.4656 43.3699 73.2849 73.8602 56.1933 56.5651 42.8036 43.0701 59.1995 58.673 
59.5923 61.4243 63.3611 66.34 78.2768 74.3386 78.6102 79.0392 63.5934 64.2242 58.6311 57.9196 
56.2259 59.7962 59.6218 61.5788 71.1003 73.5369 70.8148 73.413 60.6 61.7922 58.4454 58.3722 
38.467 38.864 41.1041 42.8865 72.0925 70.3679 54.7173 55.3817 42.374 45.8429 58.3169 57.0822 
54.2523 57.979 58.6692 58.7868 71.9498 72.1354 70.2831 72.2678 60.9445 60.0133 59.7597 57.3619 
56.92 57.7436 60.1754 60.1474 75.0062 68.7322 75.1208 76.4812 60.0803 62.625 59.2246 57.9928 
55.2848 59.1356 52.4649 59.8688 69.6251 68.4468 70.1906 73.1728 59.081 59.6823 56.9892 59.8002 
57.6505 61.5189 57.7677 61.1844 71.396 72.9698 72.651 71.686 60.0032 60.5719 56.7666 59.7802 
57.5862 55.9979 57.7081 58.7418 73.9746 72.6209 70.8242 74.9599 59.3111 57.5302 60.2381 60.8686 
58.1829 60.0756 57.3204 61.0114 60.5143 52.2917 73.5291 74.4235 60.5502 62.2753 42.5364 44.791 
57.9808 58.8991 55.781 57.9487 51.1441 48.2741 68.5228 70.9629 59.1793 58.9557 40.4272 37.1655 
-319.267 56.1395 56.7638 57.3375 51.0872 49.0703 72.7091 71.2598 57.6343 58.5812 40.8478 36.5906 
39.8188 40.435 39.4156 38.9145 50.6275 49.9692 52.9028 56.0602 38.6172 40.1685 40.9846 39.4108 


(inverted) sbs.hcal.adc.timeoffset =
80.3637 80.837 81.7131 82.2388 66.3256 69.4749 70.4869 67.5913 80.0114 81.2009 85.0018 80.3984 
81.6541 82.7204 61.7 63.661 68.1778 69.3156 68.0672 66.7411 63.2463 62.6142 79.8912 79.4328 
62.6846 59.6232 61.6099 66.4906 47.722 50.6938 46.7073 46.6539 62.4827 62.1132 60.8439 61.7304 
63.5997 62.5631 64.0572 62.3738 49.6211 50.506 50.2746 50.0092 62.2799 62.8887 61.4846 61.0544 
61.9916 62.3118 60.3436 62.3882 70.522 69.7616 49.0882 47.91 61.3764 61.7949 80.5606 80.168 
62.5551 62.7997 62.9132 62.2792 67.5895 70.9495 51.2122 48.7656 63.2655 61.2047 81.7685 82.1471 
58.2074 58.7415 58.9227 57.9432 48.7715 45.4688 49.6408 47.7165 63.4466 60.9957 62.8134 63.1784 
81.93 81.4201 81.5169 81.4973 68.6743 69.6831 69.4854 68.0446 78.6226 79.9091 79.2727 80.5892 
61.1795 62.1878 60.9544 61.9674 67.818 69.6937 47.673 47.3085 61.6463 61.4218 80.2552 81.2601 
59.8822 61.569 80.9611 80.6348 69.9236 68.9815 50.22 49.6227 80.8232 79.0554 81.3819 80.7559 
63.8748 62.1648 61.4514 62.1521 70.9557 69.5246 51.071 51.136 63.0898 62.7184 79.2787 79.8937 
80.8168 82.6529 80.3676 79.4799 50.2713 50.16 68.1691 67.7676 80.6874 80.2307 62.9552 62.7996 
57.0375 58.2987 58.3129 57.8425 44.7438 49.7742 45.4048 45.199 60.6129 58.9893 62.5911 63.4644 
63.4719 60.96 62.0329 60.8309 51.5717 49.2077 51.9228 49.7438 62.6284 60.4916 63.9252 62.5827 
79.0872 81.1432 80.7961 79.3567 50.6745 52.3915 68.3534 67.6399 80.8098 77.5569 63.3088 63.5075 
64.4365 62.3043 63.0647 62.422 50.4098 50.1536 51.8327 49.9872 61.3693 62.3036 62.4764 64.3982 
61.8236 62.1301 60.9377 61.1433 46.0026 52.68 46.9222 44.9758 61.4241 58.9989 62.1622 60.1588 
62.9472 61.1102 67.5606 60.9831 51.7383 52.6286 51.6703 49.0442 63.5959 62.3677 64.7424 63.028 
61.2361 59.1087 63.1612 60.1362 50.4408 49.342 49.5682 50.5086 61.9128 60.7805 63.6383 61.6867 
63.299 64.148 63.2919 63.3706 48.651 49.6913 50.6352 47.5547 62.8245 63.971 61.3489 62.1913 
60.465 60.0994 61.3388 60.8074 68.1483 69.9499 48.3615 47.3139 61.1931 59.4891 79.5734 79.8614 
60.6348 61.5347 64.4417 63.6352 70.031 72.7473 52.6574 50.8237 62.783 63.1117 81.67 83.1909 
-239.273 64.2044 63.6454 63.6523 68.8143 71.8713 48.3601 49.562 64.0584 63.1779 81.2636 83.124 
80.2982 78.8308 81.3738 81.8833 69.7116 70.706 67.3953 64.4803 82.28 81.9361 80.6252 80.9428 


