#HCal ADCt offsets obtained 9_5_2023 for db adct offset timestamp none
#Offsets obtained from fits over ADCt distributions.
--------[ 2022-01-12 00:00:00 ]
(inverted) sbs.hcal.adc.timeoffset =
126.432 127.796 127.963 128.953 113.329 116.149 116.607 113.658 126.447 126.866 130.089 126.056 
129.261 128.126 107.573 109.805 114.805 116.144 114.238 111.937 108.508 109.267 130.467 125.918 
96.1183 105.769 107.508 112.976 93.7999 97.0631 92.0799 93.192 109.099 108.998 106.483 107.381 
109.104 108.686 109.774 108.233 95.5641 97.06 96.3312 96.0887 107.878 108.622 107.866 107.021 
109.085 107.877 106.142 108.088 116.738 115.573 94.996 94.3334 107.218 107.429 126.574 125.822 
108.108 108.18 108.149 108.314 113.297 116.727 96.985 94.6437 109.462 107.649 127.79 127.899 
103.042 104.305 104.433 103.036 93.6686 90.6628 95.1834 93.4967 109.391 106.769 108.324 107.279 
127.664 126.635 126.746 126.542 113.633 114.552 114.553 113.42 124.501 125.837 124.828 125.887 
107.33 107.26 106.085 107.262 113.06 115.046 92.9024 92.6449 107.491 107.328 126.006 126.958 
106.46 107.302 126.829 126.189 115.539 114.427 95.7816 95.3094 127.178 125.121 127.539 126.386 
109.656 107.661 107.414 108.063 116.962 115.556 97.1112 97.3405 109.326 108.874 125.081 125.659 
126.135 128.13 126.395 125.72 96.8755 96.7287 114.292 113.967 127.059 126.3 108.695 108.388 
101.545 104.862 104.519 103.951 91.0215 95.7969 91.5269 91.3987 106.618 105.055 108.374 109.65 
109.041 107.482 108.213 107.245 97.5635 95.1593 97.9625 95.5783 108.935 105.993 110.159 108.03 
123.171 126.903 126.652 125.493 96.6545 98.611 114.24 113.887 126.994 124.008 109.049 108.85 
110.386 108.506 109.168 108.335 96.5521 96.0993 98.1322 96.0473 107.468 108.445 108.9 110.068 
107.649 108.373 106.869 107.215 92.218 98.9687 93.0818 91.0066 107.547 105.21 108.085 104.684 
108.857 107.211 113.494 106.826 97.5114 98.5365 97.5493 94.6143 109.466 108.246 111.032 110.169 
106.53 105.098 109.207 106.007 96.3643 95.2669 95.0148 95.9811 107.586 106.824 109.183 108.007 
109.219 109.914 108.912 109.544 95.0194 95.7468 96.6035 93.2219 108.682 110.172 107.247 109.586 
105.66 106.139 107.458 107.491 115.21 116.073 94.3372 93.0862 107.302 105.565 125.842 127.852 
106.703 107.622 110.701 109.988 116.339 118.531 98.6144 96.656 108.941 109.515 128.128 128.942 
-193.731 110.421 109.71 109.514 115.141 117.99 94.2595 95.7114 110.177 109.494 128.06 129.521 
125.521 124.584 127.448 128.211 116.219 116.662 113.23 110.092 128.388 128.688 127.204 127.101 


sbs.hcal.adc.timeoffset =
-14.715 -12.5281 -13.5721 -13.6819 2.88349 0.179247 -0.226133 3.02866 -9.77997 -12.4365 -17.9018 -12.5647 
-14.6778 -15.0301 5.60051 4.58929 1.4905 -0.299266 1.34536 4.13304 6.6359 7.64787 -6.21031 -11.4255 
-8.35289 6.73269 6.08218 2.65532 21.8343 19.0795 23.7399 22.7428 6.3535 7.89129 8.01013 6.44215 
3.25614 5.63684 4.61429 6.46146 19.7679 19.0494 19.6678 19.6309 6.89091 5.79703 6.84929 7.0473 
6.06944 4.53317 8.07945 6.72408 -0.466446 -0.0411154 21.3812 22.6324 8.8431 7.47241 -11.4741 -12.982 
4.3698 4.27737 5.19714 6.82586 1.9212 -1.37978 18.6464 21.6473 7.55722 8.69715 -12.3288 -13.5853 
8.11987 7.47176 8.47584 9.83223 20.9782 23.6002 19.7304 22.4901 7.00587 8.56943 6.06528 2.49509 
-15.719 -14.6385 -13.8597 -13.7076 -0.380411 -1.53433 -0.452992 1.13209 -9.34818 -10.8689 -10.6318 -13.5977 
6.05476 4.35789 6.70933 5.84075 0.772056 -1.23166 21.8034 21.8947 8.23768 8.30126 -11.3984 -12.9189 
7.38561 6.16964 -12.8559 -12.1027 -1.06659 0.517002 19.4102 20.1378 -10.7604 -9.49059 -12.2899 -13.0814 
3.01407 5.00215 6.51555 6.43253 -1.70671 0.210866 18.7718 19.0221 7.15805 7.2368 -10.9563 -12.7904 
-14.6977 -15.8597 -12.4285 -11.2761 18.8369 19.4649 1.64244 1.83086 -11.453 -10.9201 5.42323 4.99678 
7.05646 7.56305 9.07209 11.4527 23.4231 19.3721 23.6893 24.2509 8.83917 9.89164 5.18506 4.08133 
2.28578 5.52018 5.2181 7.26746 16.3441 18.9529 16.3309 18.9577 6.32016 7.89895 4.46257 4.91557 
-13.9409 -14.7327 -13.2085 -11.4081 17.7645 16.105 0.287487 1.22289 -11.7852 -7.15977 4.49256 4.14899 
1.01091 4.14582 4.38458 4.94101 17.8039 18.1219 16.5396 18.4881 6.98359 5.94884 5.96189 3.37488 
3.82203 4.19969 6.25217 6.23833 21.262 15.1975 21.4218 22.8372 6.34038 8.9629 5.26109 5.65236 
1.91827 5.06306 -1.12465 5.7854 15.4854 14.5951 16.0395 18.6579 4.67947 5.58975 3.10378 4.99238 
4.69886 7.42523 3.62592 6.80252 16.9067 18.3305 17.878 16.8515 5.54991 6.62683 3.12196 5.35134 
3.26791 2.05506 3.54697 4.34985 19.736 17.9148 16.3791 19.9423 4.59905 3.45517 6.00235 5.93261 
5.25707 6.51888 3.25985 6.98344 5.44438 -1.85958 19.259 20.1544 6.42151 7.96938 -11.7236 -10.9139 
4.45947 4.92184 2.19488 3.77226 -2.77467 -5.44767 14.7588 16.6494 4.93285 4.75261 -14.1821 -16.5826 
-373.809 2.58901 3.0052 3.33613 -2.36414 -4.90911 18.5691 17.0244 2.86803 4.00118 -13.5871 -17.1047 
-14.5614 -13.1691 -14.8097 -15.0052 -3.24861 -4.30046 -1.48956 1.38867 -16.1931 -14.9713 -13.4384 -14.6851 


