#fixed adct offsets from testscripts/reverseADCtimePar.C
sbs.hcal.adc.timeoffset =
-68.151 -67.5651 -69.1359 -68.8835 -53.2484 -55.5626 -57.4855 -53.9594 -65.9092 -67.2964 -70.5987 -66.5089 
-67.6363 -70.5616 -46.6049 -49.9278 -58.8091 -57.8459 -54.3445 -51.7028 -48.9127 -49.8182 -64.379 -67.04 
-62.4492 -46.8834 -48.4575 -52.7244 -33.7759 -37.4824 -31.8821 -32.3594 -51.1661 -48.0936 -50.0008 -48.1036 
-50.7536 -45.9886 -50.2587 -49.6806 -34.8849 -35.8071 -38.6782 -36.2272 -47.859 -49.2697 -47.1649 -49.2017 
-49.2849 -47.8029 -45.2095 -48.4722 -57.6229 -54.8164 -33.1725 -35.4657 -48.4681 -47.4267 -67.0805 -66.7402 
-49.1508 -48.6372 -46.2848 -48.4259 -53.2125 -56.9719 -37.8524 -34.8777 -49.5724 -47.8695 -67.6444 -69.0478 
-40.2242 -46.3526 -45.8566 -44.1233 -35.0445 -30.4223 -34.9283 -33.7577 -50.0106 -47.4975 -49.3677 -49.0902 
-66.8854 -71.3581 -67.7844 -67.3844 -54.064 -55.3819 -54.7774 -53.6451 -65.381 -66.7648 -64.9131 -66.9349 
-48.061 -49.0579 -47.638 -47.6797 -53.1722 -54.7963 -32.7313 -33.5812 -48.0109 -47.7979 -67.0219 -68.1546 
-46.4629 -48.878 -67.0564 -68.2253 -55.532 -54.1872 -36.1912 -36.0314 -66.9877 -65.584 -68.7968 -67.7623 
-50.7473 -48.393 -47.3093 -48.4148 -57.195 -55.8034 -37.2692 -37.4232 -49.7597 -49.2598 -65.0323 -66.5822 
-67.3158 -68.8276 -66.6817 -66.3057 -37.1598 -37.2825 -55.1185 -54.7948 -67.5348 -66.9206 -49.6572 -49.2495 
-46.4088 -46.1234 -45.2306 -42.273 -31.4661 -35.9205 -32.1168 -31.2371 -47.1811 -45.8559 -49.5434 -51.0369 
-50.3964 -46.8233 -48.7976 -47.8218 -37.626 -35.0527 -38.3923 -35.9356 -49.2351 -46.9616 -50.8407 -49.7175 
-64.3695 -67.7459 -67.081 -65.88 -37.7458 -39.4243 -54.864 -54.983 -67.3121 -60.3709 -50.3757 -51.4696 
-51.358 -49.1069 -50.1462 -49.5095 -35.9864 -37.2719 -39.2111 -37.8737 -48.0609 -49.0959 -49.6917 -49.8668 
-48.5727 -50.4361 -47.6971 -47.5019 -33.5081 -39.9312 -33.4343 -31.7513 -48.4766 -46.1506 -48.0433 -46.2827 
-48.2182 -48.4128 -53.2545 -47.5872 -39.0765 -40.0104 -38.2633 -34.7214 -49.7232 -48.3852 -52.0904 -48.793 
-47.8089 -46.5749 -49.9355 -46.1605 -37.3187 -36.2105 -36.1247 -36.7682 -48.2498 -46.9423 -50.302 -49.5336 
-51.8226 -50.7002 -50.3264 -49.0462 -35.0819 -34.2331 -38.1232 -34.7038 -50.7097 -51.1429 -47.3012 -48.4259 
-47.5513 -45.4893 -48.7137 -46.4193 -55.9158 -56.582 -33.4871 -32.6402 -47.6132 -46.1245 -66.4053 -66.1592 
-47.5389 -51.598 -52.0853 -49.4245 -60.1248 -60.8069 -40.2363 -36.3106 -50.0516 -49.6697 -67.6153 -69.9358 
-87.6831 -50.5686 -53.1427 -50.402 -57.3187 -57.9197 -34.7985 -34.0619 -52.9987 -50.278 -67.9911 -68.4866 
-67.0461 -66.1 -68.0855 -68.234 -56.8179 -57.0182 -55.8052 -49.6699 -66.5537 -68.0517 -67.0008 -67.345 


