#fixed adct offsets from testscripts/reverseADCtimePar.C
sbs.hcal.adc.timeoffset =
-78.0842 -78.7803 -79.4098 -80.2571 -64.3022 -66.9491 -68.101 -65.1798 -77.6962 -79.0572 -82.9109 -78.5193 
-78.9853 -80.2931 -59.2791 -61.5809 -65.9214 -67.3834 -65.5437 -63.466 -60.3113 -60.2344 -77.5428 -77.2274 
-60.7178 -57.5606 -59.2116 -64.0747 -45.3149 -48.3443 -44.1472 -44.5683 -60.317 -60.034 -58.4358 -59.5217 
-61.2013 -60.2355 -61.6397 -59.8105 -47.4022 -48.5151 -47.6487 -47.8182 -59.4893 -60.5161 -59.6786 -59.0101 
-59.8853 -60.0298 -58.0649 -60.1544 -68.4856 -67.7917 -46.7848 -45.6807 -58.9711 -59.491 -78.4455 -78.0559 
-60.6007 -60.7081 -60.3457 -60.1955 -65.4615 -68.8778 -49.212 -46.5699 -61.0301 -59.2178 -79.2623 -79.9442 
-56.2287 -56.7256 -56.9567 -55.3415 -46.1943 -42.9451 -47.4636 -45.4021 -61.1366 -58.9468 -60.426 -60.3308 
-80.1645 -79.3459 -79.3394 -79.3593 -66.5136 -67.6272 -67.2381 -65.9349 -76.5883 -77.5953 -76.8272 -78.35 
-59.0866 -60.1707 -58.6381 -59.8166 -65.7955 -67.6971 -45.3741 -45.002 -59.3952 -59.2079 -77.8843 -78.8698 
-57.6548 -59.2897 -78.9796 -78.5783 -67.8682 -66.6541 -47.9349 -47.3407 -78.7614 -76.9176 -79.311 -78.6282 
-61.7931 -59.885 -59.2255 -59.9322 -68.6996 -67.3265 -48.8884 -48.8822 -60.9088 -60.2894 -77.0622 -77.6027 
-78.4969 -80.5547 -78.269 -77.0836 -48.1775 -48.0022 -65.9358 -65.5438 -78.5888 -78.0118 -60.7565 -60.5163 
-55.6359 -56.7015 -56.2006 -55.55 -42.78 -47.766 -43.2552 -42.998 -58.3577 -56.8719 -60.3147 -61.3855 
-61.6976 -59.1072 -59.8341 -58.8273 -49.4067 -47.1329 -49.8067 -47.5907 -60.2103 -58.1561 -61.8006 -60.3117 
-76.6128 -79.0269 -78.4496 -77.1828 -48.3587 -50.3273 -66.1904 -65.4975 -78.5245 -77.6756 -61.2282 -61.2328 
-62.434 -60.1325 -60.7254 -60.3404 -48.1637 -47.737 -49.775 -47.8274 -59.0962 -60.2241 -60.5021 -61.9475 
-59.6103 -60.1391 -58.6708 -58.7027 -43.9013 -50.3999 -44.6044 -42.9364 -59.3322 -56.8964 -60.0325 -57.6048 
-60.5803 -58.9583 -65.2381 -58.6393 -49.4312 -50.3256 -49.5364 -46.84 -61.3118 -60.1728 -62.8062 -60.9839 
-59.1953 -56.8556 -61.1656 -57.9524 -48.2481 -46.9575 -47.3134 -48.2888 -59.7175 -58.7097 -61.501 -59.535 
-60.9315 -61.4756 -60.8994 -61.1129 -46.6998 -47.376 -48.7504 -45.2236 -60.8983 -61.8195 -59.0975 -60.0988 
-58.498 -57.6795 -59.8839 -58.7369 -66.0834 -67.5772 -46.3623 -45.0053 -59.0689 -57.358 -77.2595 -77.6981 
-58.6028 -59.24 -62.4137 -61.5042 -68.0145 -70.4682 -50.3777 -48.4442 -60.5497 -60.9769 -79.5229 -81.3066 
271.841 -62.1404 -61.304 -61.2735 -66.8861 -69.8444 -46.0283 -47.5307 -61.7899 -60.9873 -79.0854 -81.2824 
-77.7417 -76.9894 -79.258 -79.7867 -67.6333 -68.8023 -65.2586 -62.1041 -79.9768 -79.5706 -78.4829 -78.6258 


