#HCal ADCt offsets obtained 8_3_2023 for db adct offset timestamp none
#Offsets obtained from fits over ADCt distributions.
--------[ 2022-01-22 00:00:00 ]
sbs.hcal.adc.timeoffset =
26.0481 28.1986 26.698 26.9245 43.4686 40.6626 40.2433 43.4628 30.8975 27.4709 21.9538 28.272 
27.9186 25.7143 45.4977 45.0693 43.1482 40.5928 42.2316 44.2305 46.4855 48.1637 38.3016 29.5178 
19.5007 47.1131 45.7323 43.23 62.4778 60.3308 64.176 63.2962 47.4144 48.5162 48.1616 47.7199 
43.8194 46.0796 44.573 46.6292 60.2877 59.6572 60.5384 60.495 47.5584 46.0742 47.4199 47.985 
47.2414 44.7521 48.2589 46.8413 39.8551 40.6126 62.1294 63.326 49.1535 47.6654 28.9019 27.2722 
44.2566 44.2408 45.109 47.0849 42.0983 38.807 58.6796 62.3902 48.0489 49.2901 27.8425 27.2805 
47.0972 47.1826 48.0473 50.333 61.3018 64.5338 60.1961 62.7184 47.169 48.5622 46.0308 42.5955 
24.6254 24.8182 26.2773 26.6052 40.4269 39.4715 40.2602 41.6043 30.9984 29.1475 29.1466 27.4107 
46.3569 43.5441 46.6754 46.0267 41.557 39.6706 62.602 62.6047 48.4907 48.1676 28.5107 27.4304 
47.8866 46.542 27.236 28.1616 39.767 41.5247 60.4252 60.8908 29.6242 30.7856 27.8442 27.7925 
42.9869 44.973 46.4475 46.6904 38.8783 40.8904 59.4362 59.7225 47.624 47.3377 29.0445 27.3396 
25.0117 23.905 27.5361 29.3826 59.373 59.8988 42.1542 42.4978 28.95 29.1461 45.3724 45.722 
45.6797 48.0041 49.7371 52.3954 64.5619 60.498 64.6174 64.9459 49.5276 50.3159 44.9954 44.6724 
42.4635 46.3301 45.9098 48.057 57.335 59.7046 57.0243 59.3953 46.5994 47.7467 44.6371 44.9663 
24.5602 25.079 27.1565 29.0207 58.0567 56.434 40.5817 41.3945 28.3438 31.5966 44.4644 43.212 
40.8303 44.2104 44.4913 44.8262 57.7356 57.8816 56.2351 58.1095 46.8001 45.9926 46.2108 44.0492 
43.4302 44.0372 45.961 46.0484 60.9252 54.5635 60.8447 62.3494 46.1423 48.6488 45.5035 44.0391 
41.9969 45.308 38.4744 45.8383 55.388 54.3425 56.0265 58.917 44.8506 45.613 43.1843 46.3696 
44.1222 47.868 43.982 47.3212 57.419 58.8888 58.5732 57.6586 46.0046 46.6533 42.8909 46.1929 
43.6799 42.0254 43.7087 44.7652 60.331 58.6532 57.147 60.7438 45.2871 43.5307 46.2122 47.8715 
44.8546 46.3085 43.4813 47.3859 46.6533 38.151 59.4311 60.1965 46.4127 48.0736 28.4858 31.4986 
44.7503 45.1817 41.8786 43.9182 37.1977 33.9127 54.251 56.4996 44.9116 44.9128 26.539 23.5421 
7.18942 42.2841 42.8805 43.0943 37.1192 34.8144 58.4808 57.2386 43.3707 44.2504 26.9588 23.87 
25.1436 26.6162 25.1741 25.0049 36.8565 35.9419 38.6196 41.9206 24.5847 26.0191 27.1446 26.1954 


