#fixed adct offsets from testscripts/reverseADCtimePar.C
sbs.hcal.adc.timeoffset =
-66.9779 -67.2754 -68.0524 -68.5101 -52.7859 -55.6078 -56.4675 -53.5765 -66.0983 -67.5641 -71.3972 -67.6286 
-67.819 -68.7569 -47.791 -49.8504 -54.3503 -55.8823 -53.8789 -52.2638 -48.9387 -48.8272 -65.7706 -66.2414 
-49.0269 -45.5076 -47.2751 -52.4224 -33.481 -36.7608 -32.568 -33.1504 -48.9636 -48.5702 -46.7863 -48.8332 
-49.9544 -48.5966 -49.8655 -48.0566 -35.4325 -36.754 -36.1582 -36.1456 -48.3167 -49.2484 -48.2392 -48.1987 
-48.2365 -48.4024 -46.0041 -48.0442 -56.348 -55.7268 -34.9662 -34.006 -47.3959 -47.9402 -66.6753 -67.0692 
-49.1464 -49.0266 -48.3247 -48.1191 -53.2899 -56.7541 -37.1222 -34.7848 -49.3168 -47.6878 -67.9127 -68.8755 
-44.0456 -44.5156 -44.3883 -43.4243 -34.3954 -31.2826 -35.5881 -33.6234 -49.4054 -47.2885 -49.0483 -48.9825 
-68.4178 -67.5622 -67.2221 -67.3262 -54.5598 -55.7182 -55.3589 -54.0982 -64.869 -66.1465 -65.3244 -67.7577 
-47.4111 -48.3684 -46.5791 -47.9427 -53.6444 -55.8935 -33.6778 -33.2557 -47.7384 -47.5253 -66.3735 -68.2946 
-46.1733 -47.4646 -66.898 -66.478 -55.8732 -54.7368 -36.1374 -35.6222 -66.956 -65.2734 -67.764 -67.8229 
-50.025 -48.1891 -47.3201 -48.0098 -56.7747 -55.3092 -36.9432 -37.0639 -49.0128 -48.7293 -65.4495 -66.5442 
-67.0147 -68.7408 -66.4381 -65.4926 -36.3594 -36.1986 -54.1301 -53.7003 -66.8338 -66.3067 -49.1281 -49.8486 
-43.1249 -44.8785 -44.6889 -43.898 -31.0289 -35.9336 -31.412 -31.1057 -46.5471 -45.0809 -48.9554 -50.2172 
-49.7094 -47.4939 -48.3209 -47.309 -37.8064 -35.3754 -38.1323 -35.7261 -48.6278 -46.4461 -50.1169 -49.1768 
-65.1804 -67.3582 -66.8485 -65.4909 -36.6387 -38.4576 -54.2178 -53.6527 -66.7796 -63.3106 -49.4562 -49.6372 
-51.0145 -48.5357 -48.8868 -48.4614 -36.1956 -35.8998 -37.7847 -35.8289 -47.225 -48.2829 -48.9275 -51.0856 
-48.3338 -48.4238 -46.7233 -47.0443 -31.9216 -38.5113 -32.6461 -30.844 -47.4861 -45.0226 -48.441 -46.2051 
-49.6594 -47.2826 -53.5701 -46.9526 -37.5012 -38.5243 -37.5061 -34.7884 -49.3656 -48.2984 -50.9375 -49.5974 
-47.7078 -45.4578 -49.3754 -46.273 -36.4638 -35.261 -35.4904 -36.4812 -47.9142 -46.862 -49.7626 -48.0994 
-49.3926 -50.1755 -49.2925 -49.3941 -35.0074 -35.7236 -36.958 -33.3386 -48.8005 -49.9716 -47.323 -49.1943 
-47.1367 -46.3323 -47.4997 -47.1818 -54.2873 -55.8092 -34.2635 -33.0869 -47.0556 -45.2874 -65.5228 -66.569 
-47.4043 -47.8173 -50.5393 -49.6047 -56.0845 -58.3859 -38.3856 -36.3604 -48.5153 -49.0688 -67.7818 -69.5675 
-87.1834 -50.349 -49.7621 -49.4091 -54.8463 -57.6154 -34.1318 -35.5408 -49.7949 -48.8471 -67.3746 -70.4034 
-65.623 -65.012 -67.1323 -67.9737 -55.9405 -56.6787 -53.1122 -50.3407 -68.2475 -67.7867 -66.7852 -67.7274 


