#fixed adct offsets from testscripts/reverseADCtimePar.C
sbs.hcal.adc.timeoffset =
-70.3859 -70.0635 -70.7146 -71.2169 -55.1352 -57.9577 -58.4541 -55.3428 -68.0517 -69.5767 -73.9298 -68.9688 
-71.9 -71.6153 -50.9813 -52.5511 -56.6524 -58.2019 -56.4408 -53.8907 -50.9219 -50.7416 -68.1525 -68.5045 
-52.0933 -49.6122 -50.549 -55.1213 -35.9669 -38.9356 -34.2026 -35.2395 -51.3438 -50.4831 -49.0791 -50.4595 
-52.748 -51.5329 -52.4724 -50.8424 -37.8593 -38.9742 -38.3099 -38.2409 -50.4618 -51.3975 -50.4853 -49.9265 
-51.3719 -51.6322 -49.0057 -50.7103 -58.5874 -57.7538 -36.7709 -35.8029 -49.1516 -49.9686 -68.9372 -69.1296 
-52.0995 -51.9251 -51.4421 -50.7613 -55.6772 -58.9945 -39.1156 -36.4766 -50.8933 -49.382 -69.9125 -70.6004 
-47.2704 -48.2854 -48.0371 -46.5424 -36.3103 -33.5205 -37.6712 -35.4086 -51.2112 -49.0298 -51.092 -52.3903 
-71.5445 -70.6205 -70.3475 -70.0826 -56.9783 -58.003 -57.4442 -56.1127 -66.8755 -68.2897 -67.6547 -69.5217 
-50.6597 -51.3772 -49.6534 -50.6974 -56.1022 -58.0859 -35.4984 -35.3226 -49.6126 -49.3727 -68.6058 -69.7177 
-49.4484 -50.5187 -69.8343 -69.1205 -58.2186 -56.8928 -38.107 -37.5005 -68.8999 -67.2228 -69.7107 -69.5097 
-53.2103 -51.2534 -50.411 -50.8036 -59.2849 -57.6048 -39.1322 -39.0531 -51.0294 -50.6821 -67.8354 -69.0294 
-70.3063 -71.9895 -69.3767 -68.4505 -38.997 -38.6046 -56.2787 -56.0166 -69.1538 -68.4608 -51.5112 -51.6703 
-47.1011 -48.5465 -47.6559 -46.1744 -33.8084 -38.178 -33.827 -33.5099 -48.8407 -47.4654 -51.4407 -52.8639 
-53.2053 -50.9269 -51.3957 -49.9474 -40.542 -38.059 -40.7271 -38.215 -51.1699 -48.9487 -52.7041 -51.494 
-68.6784 -70.6447 -69.8461 -68.3254 -39.3423 -41.1638 -56.8864 -56.2374 -69.2615 -65.4906 -52.1107 -52.1745 
-54.5332 -52.0654 -52.2806 -51.5804 -39.273 -38.8492 -40.66 -38.6333 -50.0611 -51.0278 -51.3533 -53.1624 
-51.6799 -51.8757 -50.1996 -50.3777 -35.3479 -41.7533 -35.6606 -33.8886 -50.4415 -47.9214 -51.2746 -49.4817 
-53.3976 -50.9112 -57.1503 -50.3704 -40.883 -41.8295 -40.6198 -37.8019 -52.1835 -51.1441 -53.7521 -52.5848 
-50.7904 -48.6372 -52.4876 -49.3556 -39.4467 -38.1761 -38.2808 -39.1295 -50.5269 -49.7282 -52.7477 -51.1283 
-53.0865 -53.6431 -52.417 -52.2725 -37.3064 -38.4357 -39.6178 -36.0905 -51.5942 -53.0174 -50.2771 -51.6526 
-50.0733 -49.5914 -51.8413 -50.0321 -54.6093 -58.6747 -37.2765 -36.1999 -50.1674 -48.6051 -68.4301 -69.4674 
-51.0676 -51.0754 -54.0873 -52.878 -59.3488 -61.8062 -41.7332 -39.8196 -51.7988 -52.1139 -70.7903 -72.4016 
249.448 -53.5182 -53.0509 -52.7725 -58.5154 -61.264 -37.5456 -39.0657 -53.2736 -52.3637 -70.4513 -73.248 
-70.4811 -68.4987 -70.8095 -71.3265 -59.5664 -60.2406 -56.9743 -54.0776 -71.9199 -71.4281 -69.9865 -70.6075 


