#HCal ADCt offsets obtained 5_30_2023 for db adct offset timestamp none
#Offsets obtained from fits over ADCt distributions.
--------[ 2022-02-02 00:00:00 ]
sbs.hcal.adc.timeoffset =
-21.6588 -19.5684 -21.075 -20.7042 -4.30575 -6.94477 -7.51882 -3.94383 -16.7439 -20.2628 -25.9219 -20.036 
-20.0219 -22.2006 -2.31525 -2.67793 -4.59928 -7.28049 -5.65616 -3.78781 -1.31544 0.410553 -9.76907 -59.477 
-28.7926 -1.21236 -2.04979 -4.5051 14.6243 12.5622 16.2497 15.6176 -0.389056 0.755661 0.514554 -0.449979 
-4.56968 -2.33448 -3.56187 -1.50831 12.1333 11.6977 12.6701 12.6122 -0.128211 -1.78159 -0.507406 -0.704518 
-1.15365 -3.76597 -0.0882455 -1.8959 -9.02296 -7.81846 14.0813 15.4186 1.31425 -0.251772 -18.8698 -20.9129 
-4.55733 -4.28247 -3.48242 -2.05057 -7.51805 -10.6643 9.86274 14.2204 0.146208 1.46471 -20.0557 -21.3246 
-1.79632 -1.12657 -0.808406 0.965549 11.6719 14.8636 10.7845 13.9686 -0.896601 0.638052 -1.84739 -39.6734 
-23.7461 -23.5056 -22.285 -22.5185 -9.05032 -10.0917 -9.07934 -7.24654 -17.1734 -18.9468 -18.809 -21.2377 
-1.67068 -4.59038 -1.5861 -2.60841 -7.34015 -9.37265 13.6278 13.8738 0.193223 0.118682 -19.4066 -21.2457 
-0.280541 -1.51198 -20.8478 -19.9353 -8.43296 -6.73168 11.9821 12.5126 -18.5313 -17.3838 -20.2183 -20.8223 
-4.8488 -3.17231 -1.7742 -1.50841 -9.35924 -7.40483 11.1392 11.4817 -0.405453 -0.647233 -18.9582 -21.5313 
-23.8148 -24.3 -20.7895 -19.2268 10.7146 11.2133 -6.50078 -6.0259 -19.2805 -19.0076 -2.54498 -3.13977 
-2.75825 -0.425976 1.12006 3.56 15.7841 11.7513 15.9808 16.5181 1.3159 2.24704 -3.01647 -4.11627 
-5.87573 -1.90986 -2.42983 -0.297716 8.95256 11.3551 8.70505 11.1308 -1.47309 -0.381106 -3.30401 -3.42826 
-23.3013 -22.8684 -20.9505 -18.9865 10.1539 8.58675 -7.1727 -6.42163 -19.601 -16.2181 -3.47425 -4.44017 
-7.23789 -3.75509 -3.26352 -2.92546 10.1591 10.3078 8.66196 10.3945 -1.05434 -1.9355 -1.83248 -4.66944 
-4.56317 -4.08372 -1.94165 -1.80061 13.0718 6.79669 12.9624 14.3422 -1.80278 0.80324 -2.48356 -2.9662 
-6.13307 -2.85289 -9.59927 -2.38385 7.2141 6.15294 7.8795 10.8448 -3.11112 -2.24381 -4.64073 -2.67722 
-4.05832 -0.203567 -4.15777 -1.0143 9.12458 10.5813 10.3225 9.55355 -1.9451 -1.20889 -5.02064 -2.84998 
-4.50023 -6.01408 -4.3065 -3.33906 12.2248 10.6106 9.1501 12.8112 -2.57257 -4.33132 -1.60024 -0.276324 
-3.63347 -1.61739 -4.73734 -0.565297 -1.17698 -9.54601 11.7602 12.5138 -1.35037 0.271358 -19.337 -17.1782 
-3.27942 -2.59099 -5.78797 -3.75222 -10.3594 -13.5733 6.65601 8.80254 -2.76171 -2.87706 -21.4069 -24.1859 
-41.2079 -5.53353 -4.90693 -4.45019 -10.5783 -12.8463 10.7042 9.59118 -4.34681 -3.43747 -20.9954 -23.794 
-22.7219 -21.2612 -22.5542 -22.9841 -10.8677 -11.8403 -9.06725 -5.84491 -23.1507 -21.6673 -20.5971 -21.7791 


