#HCal ADCt offsets obtained 11_20_2023 for db adct offset timestamp none
#Offsets obtained from fits over ADCt distributions.
none
sbs.hcal.adc.timeoffset =
-20.4649 30.9218 28.3855 28.7505 45.1437 42.6119 42.2376 45.77 33.8374 29.9998 24.4896 -19.6783 
-19.9502 28.1819 48.3182 46.7692 44.3778 41.8017 43.9525 45.4795 48.5128 50.4604 41.6681 -18.3618 
-14.7631 49.968 48.7638 45.401 63.9624 61.5253 65.6413 64.8482 48.8272 49.9878 50.4024 -0.556642 
-3.06751 48.6332 47.0771 49.1484 62.2693 61.3182 61.8576 61.7465 48.7518 47.6174 49.8924 -0.106859 
-0.497565 47.8588 51.0686 49.5605 41.8656 42.7389 63.9051 64.9482 50.9187 50.0819 31.1872 -19.8985 
-2.44491 47.8738 48.3715 49.9377 44.9578 41.1182 60.8906 64.2352 50.133 51.5977 31.3374 -20.7975 
1.5258 51.4751 51.9469 54.0736 64.3514 67.5003 62.6317 64.919 49.4806 51.1403 48.9397 -3.19349 
-21.8962 29.3031 30.3245 30.4191 43.9308 42.6057 42.9974 44.0712 33.7668 32.1792 32.6491 -20.1735 
-0.52712 47.3824 50.4241 50.0919 45.4745 43.3464 66.3216 65.8581 51.38 51.105 31.4115 -20.4321 
0.856632 50.4794 31.2283 31.9564 43.5705 45.0433 63.8951 63.9884 32.4826 33.9614 30.5616 -20.0152 
-3.51906 48.1154 49.8601 50.1163 42.2211 44.1635 62.5735 62.8779 50.3929 50.0994 32.0782 -19.6023 
-21.0015 27.6266 31.0351 32.566 62.4522 62.6961 45.0077 45.2257 31.8815 31.9995 48.3132 -2.06332 
1.27741 52.2493 52.3754 55.448 67.4911 63.3692 67.2822 67.6712 51.9566 53.1207 48.2507 -2.77239 
-3.62297 50.0421 49.3908 51.0501 60.3968 62.9565 60.165 62.5716 50.0523 50.9862 47.9556 -2.10527 
-20.3101 29.6321 30.9559 32.895 61.7275 60.0756 44.2532 44.9462 31.5591 34.6384 47.9966 -3.21262 
-5.09212 47.9363 48.9562 48.8491 61.6907 61.6992 59.9539 61.892 50.5452 49.7141 49.3954 -3.51819 
-2.45182 48.3933 50.3189 50.2747 65.4069 58.7197 65.0854 66.7484 50.2925 52.4137 48.6462 -1.08301 
-3.83124 49.6283 42.9606 50.0608 59.8132 58.732 60.2365 63.097 48.8056 49.4472 46.8692 -1.61392 
-1.79281 51.6498 47.7694 51.6564 61.6559 63.1528 62.8108 61.5552 49.9025 50.2497 46.299 -0.953243 
-2.85637 45.9339 47.5164 48.9614 63.9334 62.4107 60.9994 64.4588 48.7833 46.8405 49.4902 -0.661376 
-1.14105 49.4684 46.7828 51.4531 47.8232 41.9346 63.1589 63.5029 49.3368 50.9349 30.9004 -17.5352 
-1.32701 50.8778 45.4971 47.4028 41.1395 37.5472 57.4697 59.6894 47.69 47.7714 29.6113 -23.0127 
-437.585 44.3452 46.9804 46.4428 40.7814 38.3861 61.3209 59.978 46.1698 46.8603 29.8125 -23.2667 
-20.2397 31.2938 28.9007 28.4164 41.3069 39.6629 42.8304 45.887 28.1869 29.901 30.5478 -20.766 


(inverted) sbs.hcal.adc.timeoffset =
-71.9422 -69.9986 -69.7399 -70.3361 -54.461 -57.5571 -58.4618 -55.8837 -69.0382 -70.093 -73.933 -70.4233 
-70.9353 -71.2245 -50.6115 -51.5503 -55.5799 -57.0912 -55.5998 -53.5128 -50.966 -51.1239 -69.1371 -30.3985 
-53.989 -48.3625 -50.3066 -54.5934 -34.9656 -37.9553 -34.0333 -34.7024 -50.3764 -50.0418 -49.0271 -50.7795 
-54.3167 -51.1501 -52.3696 -50.5758 -37.4141 -38.415 -37.4774 -37.3971 -49.51 -50.7916 -50.7117 -50.3067 
-51.5798 -51.5092 -48.8138 -50.7634 -58.3585 -57.8531 -36.7419 -35.6282 -49.1611 -50.3567 -68.9606 -69.839 
-53.19 -52.6596 -51.5872 -50.9719 -56.1494 -59.0653 -39.3332 -36.6298 -51.4009 -49.9953 -71.4076 -70.839 
-48.7616 -48.8082 -48.2879 -47.165 -37.445 -34.2491 -38.0237 -35.824 -51.717 -49.8666 -51.9572 -52.493 
-72.525 -72.0471 -71.2693 -71.1401 -58.0638 -58.8524 -58.0961 -56.5651 -67.6374 -69.1782 -68.8269 -69.9593 
-50.789 -52.2067 -50.3278 -52.0079 -57.5619 -59.5693 -37.3974 -36.5091 -50.6277 -50.4627 -69.2743 -70.9568 
-50.2365 -51.402 -70.8903 -70.2728 -59.6767 -58.2554 -39.6073 -38.7198 -69.8144 -68.4492 -70.4814 -71.0124 
-53.9039 -51.3315 -50.7327 -51.4357 -60.1175 -58.5822 -40.0805 -40.2193 -51.7817 -51.491 -68.4832 -70.4254 
-71.5833 -72.4624 -69.9371 -68.676 -39.4386 -38.9959 -56.9836 -56.4282 -69.7653 -69.1601 -52.0689 -52.4937 
-47.6141 -49.1237 -47.3272 -46.9505 -33.9581 -38.8048 -34.0768 -33.831 -48.9761 -47.8857 -52.2107 -53.8713 
-55.1239 -51.2059 -51.8018 -50.3021 -40.8682 -38.6273 -41.273 -38.9024 -52.0807 -49.6856 -53.4354 -50.9326 
-70.048 -71.9113 -70.6479 -69.3652 -40.3095 -42.0992 -57.8893 -57.2044 -69.9949 -66.3524 -52.9884 -52.7764 
-53.7704 -52.2616 -53.3517 -52.4843 -40.1507 -39.7174 -41.5035 -39.6114 -50.97 -52.0045 -52.1121 -54.8635 
-51.7696 -52.7799 -51.0812 -51.2707 -36.4033 -42.6675 -36.8868 -35.243 -51.6363 -48.7876 -51.5837 -47.9368 
-54.6373 -51.6029 -58.0563 -51.1751 -41.9265 -42.9138 -41.7161 -38.9684 -53.3206 -52.1325 -54.6224 -53.1281 
-77.1233 -49.2397 -53.1629 -50.6082 -40.7007 -39.525 -39.728 -40.3778 -51.8121 -50.4584 -53.1707 -52.843 
-51.9035 -54.084 -53.1002 -53.5903 -38.6098 -39.4811 -40.8104 -37.0536 -52.2966 -53.2813 -50.6011 -53.1227 
-50.0514 -49.4922 -50.8012 -51.2491 -55.4572 -59.5927 -37.9913 -36.3933 -49.9797 -48.1487 -67.9374 -70.2112 
-51.4338 -53.5134 -54.1578 -53.0893 -60.0264 -62.0204 -41.6042 -39.5502 -51.2937 -51.9274 -70.8541 -71.5092 
357.591 -52.4101 -53.862 -52.7575 -58.5085 -61.1871 -36.9719 -38.2802 -52.5939 -51.457 -70.2283 -73.9887 
-69.1381 -69.6896 -70.8589 -71.3852 -60.3909 -60.3997 -57.3229 -54.3071 -71.8497 -71.6686 -70.1884 -70.794 


