#fixed adct offsets from testscripts/reverseADCtimePar.C
sbs.hcal.adc.timeoffset =
-82.8883 -83.4422 -84.1588 -84.9127 -68.8872 -71.5086 -72.4348 -69.5239 -81.8783 -83.5772 -87.7506 -82.4561 
-83.4552 -84.7277 -63.8759 -66.1591 -70.4321 -71.715 -69.9861 -69.4681 -65.1538 -64.7674 -81.6344 -81.8572 
-64.9232 -61.8801 -63.7378 -68.8059 -49.9719 -52.9549 -48.9805 -49.271 -65.131 -64.6431 -62.7764 -64.0834 
-65.7186 -64.7947 -66.4508 -64.4842 -51.9863 -53.081 -52.4393 -52.2434 -64.3542 -65.0467 -64.1367 -63.5398 
-64.5474 -64.8361 -62.6575 -64.8762 -73.118 -72.3734 -51.4799 -50.3665 -63.6087 -64.0194 -82.5942 -82.4333 
-65.1365 -65.3489 -65.1563 -64.8305 -70.0273 -73.5237 -53.4024 -51.2501 -65.6356 -63.807 -84.0493 -84.5594 
-60.4971 -61.5298 -61.8662 -59.7226 -50.8262 -47.3392 -51.942 -50.0453 -65.7527 -63.5279 -65.2878 -65.259 
-84.3825 -83.6673 -83.5891 -83.8602 -71.1093 -72.015 -71.7995 -70.507 -81.2037 -82.2933 -81.3693 -82.9518 
-63.6121 -64.7949 -62.9861 -64.4126 -70.1528 -72.2403 -49.9121 -49.6055 -64.0393 -63.7572 -82.6854 -83.4665 
-62.4199 -63.7017 -83.5667 -82.7977 -72.5139 -71.1487 -52.5055 -51.8897 -83.0631 -81.5193 -84.0179 -83.1493 
-66.4031 -64.3869 -63.6619 -64.6257 -73.241 -71.6358 -53.5545 -53.4538 -65.3543 -65.1105 -81.7404 -82.1451 
-83.2038 -84.977 -82.8522 -81.6113 -52.6377 -52.4761 -70.5598 -70.0647 -83.3152 -82.4504 -65.1337 -64.969 
-59.4626 -61.1712 -61.0394 -60.3329 -47.2792 -52.1035 -47.806 -47.4684 -62.9221 -61.3475 -65.0796 -65.9918 
-66.1591 -63.4215 -64.2761 -63.2749 -53.9999 -51.696 -54.2844 -52.0409 -64.9779 -62.6256 -66.4613 -64.9027 
-81.2592 -83.7385 -83.0017 -81.7862 -53.0949 -54.7983 -70.6557 -70.1472 -83.2558 -82.8773 -65.8541 -65.8717 
-67.0532 -64.6823 -65.3326 -64.9403 -52.5547 -52.2729 -54.3404 -52.4389 -63.5569 -64.7806 -65.388 -66.4259 
-64.5129 -64.7191 -63.0982 -63.3783 -48.4134 -54.9378 -49.3265 -47.6182 -64.0428 -61.5804 -64.7686 -62.2947 
-65.6557 -63.4669 -69.864 -63.1274 -54.0142 -54.826 -53.9075 -51.2557 -65.9197 -64.9493 -67.3097 -65.5044 
-63.9691 -61.3647 -65.4116 -62.456 -52.693 -51.6081 -51.8141 -52.699 -64.276 -63.2815 -66.1409 -63.7574 
-65.6333 -66.213 -65.5387 -65.7396 -51.1735 -51.8605 -53.1635 -49.5654 -65.2615 -66.394 -63.6207 -65.0145 
-63.1519 -62.6679 -64.7711 -63.4198 -70.5672 -71.9909 -50.677 -49.6027 -63.6377 -61.7077 -81.8263 -82.1932 
-63.0262 -63.8636 -66.7912 -65.9543 -72.694 -75.2414 -54.9963 -52.9243 -64.997 -65.7651 -84.1523 -85.6988 
267.471 -66.695 -66.3165 -65.7913 -71.542 -74.3715 -50.6253 -52.0452 -66.3419 -65.4071 -83.7524 -85.8198 
-81.8618 -81.2736 -83.6755 -84.5254 -72.3754 -73.3573 -69.6773 -66.8954 -84.4524 -84.3916 -83.1 -83.3397 


