#HCal ADCt offsets obtained 5_10_2023 for db adct offset timestamp none
#Offsets obtained from fits over ADCt distributions.
sbs.hcal.adc.timeoffset =
-20.3732 -18.9166 -20.5764 -20.2422 -4.1024 -6.96525 -7.80118 -4.79282 -17.0948 -20.4407 -25.4629 -19.9976 
-18.2804 -21.505 -1.30182 -2.17995 -4.56803 -7.06759 -5.20489 -4.11244 -1.50614 0.170275 -9.15078 -18.0099 
-27.0419 1.13887 -0.830981 -4.03751 14.9816 12.5631 15.7837 15.3738 -0.165295 0.512925 0.606636 -0.682358 
-3.24474 -1.00803 -2.69337 -0.55739 12.755 11.9097 12.7142 12.5721 -0.26241 -1.76252 -0.325861 -0.243513 
0.594328 -1.99829 1.28346 -0.536084 -7.88098 -7.30949 13.9614 15.1667 0.944804 -0.297326 -18.7419 -20.3628 
-2.98188 -2.8344 -1.74829 -0.291535 -5.50539 -8.89189 10.7273 14.1053 -0.31098 1.06928 -20.0083 -20.8558 
0.515741 1.11743 1.63194 3.51268 13.2449 16.7928 12.3374 14.5991 -1.04448 0.370711 -1.8825 -3.99487 
-22.0625 -22.1152 -20.6429 -20.5952 -7.12403 -8.20091 -7.59217 -6.3501 -16.9421 -18.6421 -18.4454 -20.5924 
-0.380993 -3.38319 -0.211377 -1.20298 -5.9416 -8.08235 14.4719 14.7272 0.382256 0.166254 -19.1526 -20.9168 
1.2702 -0.363576 -19.8219 -19.1692 -7.80481 -6.25497 12.4759 12.8524 -18.3645 -17.1816 -20.0124 -20.3123 
-3.73365 -1.8871 -0.415793 -0.499466 -8.55543 -6.74672 11.6639 11.8127 -0.303828 -0.574058 -18.3896 -19.9827 
-21.6124 -22.8347 -19.4942 -17.6178 12.0338 12.332 -5.65128 -5.13767 -18.6249 -18.5461 -2.12388 -2.40878 
-0.18688 1.74825 2.77078 4.74184 17.336 12.7807 17.1128 17.4188 1.87092 2.81594 -2.37897 -2.77457 
-3.87646 -0.192493 -0.915261 0.73891 10.1452 12.4329 9.70628 11.9805 -0.721899 0.349807 -2.63842 -2.65735 
-22.0735 -21.4592 -19.7609 -18.0198 10.8677 9.22853 -6.66187 -5.92392 -19.0479 -16.1168 -2.72692 -4.09768 
-5.51666 -2.13992 -2.00589 -1.93712 10.918 10.9707 9.24353 11.0593 -0.18436 -1.03798 -1.24578 -3.71083 
-3.00523 -2.28751 -0.449521 -0.50517 14.4795 7.93396 14.0267 15.5844 -0.74139 1.74515 -1.51813 -2.68019 
-4.18509 -0.890811 -7.78942 -0.595501 8.89731 7.79632 9.27756 12.1066 -2.1179 -1.35188 -3.79176 -0.655015 
-2.64487 1.26327 -2.60816 0.649016 10.6868 12.1015 11.6546 10.7386 -0.890197 -0.115975 -3.84646 -0.578677 
-2.74067 -4.21836 -2.90717 -2.02825 12.9603 11.8471 10.297 14.0346 -1.47229 -3.08531 -0.494001 0.520106 
-2.09481 -0.209904 -1.92118 0.461192 -2.75324 -8.70376 12.7032 13.5693 -0.205234 1.5889 -18.2516 -15.681 
-1.59581 -1.28776 -4.41573 -2.57877 -9.32181 -12.482 7.79471 10.1442 -1.60329 -1.77405 -20.0798 -23.26 
-39.9554 -4.13502 -3.5242 -3.22298 -8.97908 -11.3565 12.1951 11.0414 -2.77087 -1.85768 -19.5962 -23.2389 
-20.4101 -19.5436 -20.831 -21.3605 -9.35496 -10.2525 -7.12687 -4.06765 -21.3785 -19.9426 -19.3275 -20.6278 


