#HCal ADCt offsets obtained 9_19_2023 for db adct offset timestamp none
#Offsets obtained from fits over ADCt distributions.
none
sbs.hcal.adc.timeoffset =
41.9585 44.3654 42.8044 43.3271 59.5699 56.5634 56.2106 59.4102 46.6775 43.484 38.3072 43.0995 
43.5548 41.6851 61.5826 61.378 59.23 56.4255 58.3388 61.4348 62.7006 64.1039 54.1654 45.1336 
35.397 63.4856 62.195 59.6135 78.9687 76.5249 80.5885 79.4168 63.5818 64.5891 64.1517 62.9701 
59.5836 62.2777 61.1583 63.0568 76.8415 75.9842 76.8195 76.5928 63.5959 61.8725 63.3174 63.3261 
63.5523 61.1858 64.9123 63.6733 56.6251 57.2592 78.6431 79.6865 65.3663 63.7446 44.8208 42.6363 
60.2467 60.5631 61.9406 63.7963 58.8357 55.5766 74.9598 78.8555 64.3677 65.4093 43.9791 42.9644 
63.5487 64.1968 65.5252 66.6313 77.7326 80.5904 76.55 79.1403 63.5163 64.8015 62.2703 58.872 
40.5901 40.9233 42.6443 43.1392 56.9764 55.7683 56.7008 58.0131 47.3331 45.2943 45.1915 42.6048 
62.5579 59.9706 63.0824 62.4966 58.0654 56.0174 78.8363 78.9545 64.7916 64.3995 44.8226 42.6023 
64.1332 62.7791 43.9047 44.4813 56.4077 57.9366 76.7933 77.1583 45.7313 47.0315 44.0981 43.1189 
59.365 61.1708 62.7893 63.3063 55.3446 57.217 76.0475 76.1124 63.9655 63.7189 45.3354 42.9405 
41.2008 40.1412 43.9502 45.5013 75.6513 76.1763 58.5839 58.8622 45.4314 45.2898 61.378 60.8424 
62.0174 64.2968 66.0876 68.8303 80.8122 76.6679 81.0114 81.3086 65.9026 66.5825 61.1196 60.447 
58.9132 62.2577 61.865 64.0229 73.5285 76.0252 73.1764 75.7101 62.9495 63.9262 60.9815 60.6922 
40.639 41.4593 43.3097 45.316 74.5129 72.7747 57.0196 57.889 44.82 51.1633 60.8623 59.4465 
56.869 60.357 60.9371 61.3051 74.0947 74.2547 72.7908 74.7195 63.132 62.4903 62.6713 59.3895 
59.6093 60.3325 62.3359 62.3824 77.417 70.99 77.5251 79.1236 62.699 65.2066 61.8311 60.1287 
57.9932 61.4923 54.7683 62.0131 71.901 70.6442 72.4279 75.3843 61.4047 62.2639 59.5565 62.2766 
60.3835 63.7749 60.0182 63.5042 73.6482 75.2359 74.8969 73.8764 62.3664 63.0728 59.2692 61.8509 
59.9206 58.0629 59.9549 61.1107 76.4971 74.7901 73.3525 76.9706 61.7481 59.9531 62.5099 63.6917 
60.8698 62.6441 60.7527 63.6239 62.9332 54.3327 75.8446 76.7123 62.9948 64.4939 44.7893 47.1228 
60.3722 61.228 58.1305 60.2678 53.8072 50.7682 70.8617 73.0635 61.3933 61.6091 42.9095 39.6734 
-347.465 58.6301 59.4349 59.4765 53.8149 51.5705 74.9743 73.743 59.9177 60.8104 43.3366 39.2864 
41.3824 42.8778 41.7173 41.5566 53.2914 52.6205 55.1847 58.4753 40.7896 42.624 43.4594 41.8077 


(inverted) sbs.hcal.adc.timeoffset =
82.8883 83.4422 84.1588 84.9127 68.8871 71.5086 72.4348 69.5239 81.8783 83.5772 87.7506 82.4561 
83.4552 84.7277 63.8758 66.1591 70.4321 71.715 69.9861 69.4681 65.1539 64.7674 81.6344 81.8572 
64.9232 61.8801 63.7378 68.8059 49.9719 52.9549 48.9805 49.271 65.131 64.6431 62.7764 64.0834 
65.7186 64.7946 66.4507 64.4842 51.9863 53.081 52.4393 52.2434 64.3542 65.0467 64.1367 63.5399 
64.5475 64.8362 62.6575 64.8762 73.118 72.3734 51.4799 50.3665 63.6087 64.0194 82.5942 82.4333 
65.1366 65.3489 65.1564 64.8305 70.0273 73.5237 53.4024 51.2501 65.6356 63.8069 84.0493 84.5594 
60.4971 61.5298 61.8662 59.7226 50.8262 47.3392 51.942 50.0453 65.7527 63.5278 65.2878 65.259 
84.3825 83.6673 83.5891 83.8602 71.1094 72.015 71.7995 70.507 81.2037 82.2933 81.3693 82.9518 
63.6121 64.795 62.9861 64.4127 70.1528 72.2404 49.9121 49.6055 64.0393 63.7571 82.6854 83.4665 
62.4199 63.7018 83.5667 82.7977 72.5139 71.1487 52.5055 51.8897 83.0631 81.5193 84.0179 83.1493 
66.4031 64.3869 63.6619 64.6258 73.241 71.6358 53.5545 53.4538 65.3543 65.1106 81.7404 82.1451 
83.2038 84.977 82.8522 81.6113 52.6377 52.4761 70.5598 70.0647 83.3152 82.4504 65.1336 64.9691 
59.4625 61.1712 61.0395 60.3328 47.2792 52.1035 47.806 47.4684 62.922 61.3475 65.0796 65.9918 
66.1592 63.4216 64.2761 63.275 53.9999 51.696 54.2844 52.0409 64.9779 62.6256 66.4613 64.9028 
81.2592 83.7385 83.0017 81.7862 53.0949 54.7983 70.6557 70.1472 83.2558 82.8773 65.8541 65.8717 
67.0532 64.6823 65.3327 64.9403 52.5547 52.2729 54.3404 52.4389 63.5568 64.7806 65.388 66.4259 
64.5129 64.7191 63.0982 63.3784 48.4134 54.9378 49.3265 47.6182 64.0427 61.5804 64.7686 62.2947 
65.6557 63.4669 69.864 63.1274 54.0142 54.826 53.9075 51.2557 65.9197 64.9492 67.3096 65.5045 
63.9691 61.3647 65.4116 62.456 52.693 51.6081 51.8141 52.699 64.276 63.2815 66.1409 63.7574 
65.6333 66.2129 65.5387 65.7396 51.1735 51.8605 53.1635 49.5654 65.2615 66.3939 63.6207 65.0144 
63.1519 62.6678 64.7711 63.4198 70.5672 71.9909 50.677 49.6027 63.6377 61.7078 81.8263 82.1932 
63.0262 63.8636 66.7912 65.9543 72.694 75.2414 54.9963 52.9243 64.997 65.7651 84.1523 85.6988 
-267.471 66.6951 66.3165 65.7913 71.542 74.3715 50.6253 52.0452 66.3418 65.4071 83.7524 85.8198 
81.8618 81.2736 83.6755 84.5254 72.3754 73.3573 69.6773 66.8954 84.4524 84.3916 83.1 83.3397 


