#HCal ADCt offsets obtained 9_14_2023 for db adct offset timestamp none
#Offsets obtained from fits over ADCt distributions.
none
sbs.hcal.adc.timeoffset =
35.4428 38.1316 36.5318 36.8677 53.4136 50.7356 50.0724 53.387 40.766 37.1389 31.6877 37.1408 
37.372 35.0629 55.3932 54.8182 52.5699 50.2546 51.9572 54.0706 56.3696 58.2515 48.372 39.3241 
29.0999 57.0449 55.9912 53.2066 72.3489 69.976 73.7825 73.1442 56.9789 58.3726 57.9922 56.3063 
53.0667 55.9518 54.6775 56.5872 70.1037 69.4262 70.1689 70.0134 57.0572 55.6268 56.979 56.9111 
57.0653 54.3777 58.2888 56.8309 49.8698 50.1729 71.751 73.1939 58.8725 57.344 38.6655 36.5971 
53.805 53.8654 55.0204 57.0738 52.0514 48.6923 68.5772 71.9415 57.9375 59.0349 37.7474 36.4114 
57.0535 57.2791 58.276 59.8725 70.7755 73.7245 69.7713 72.4942 57.1638 58.3466 55.7299 52.0062 
34.0584 34.6295 36.1027 36.0557 49.524 48.3614 49.5094 51.0136 40.6451 38.8191 38.9783 35.8361 
56.2169 53.2676 56.4766 55.6021 50.869 48.7972 71.8035 71.9344 58.2031 58.0899 38.4258 36.5606 
57.7583 56.2764 37.1781 37.8966 49.1506 50.8865 69.7524 70.3388 39.5363 40.6235 37.6976 36.6812 
52.8821 54.7669 56.5273 56.587 48.7539 50.6168 69.1708 69.5197 57.5866 57.4149 38.8163 36.8599 
34.7826 33.7543 37.5579 39.1949 69.3416 69.9257 51.9836 52.304 38.8525 39.1619 55.4666 54.7635 
55.6982 57.7796 59.3306 61.9264 74.0001 69.8699 74.2039 74.77 59.3329 60.1383 54.7989 54.1099 
52.0764 55.9573 55.5293 57.632 66.7144 69.2102 66.5892 69.1374 56.6071 57.6545 54.5894 54.3634 
34.2646 34.9659 36.9005 38.823 67.9446 66.3443 50.42 51.4531 38.4458 42.6771 54.3262 53.4546 
50.6215 54.1913 54.6173 54.8439 67.9606 68.1512 66.6068 68.4631 57.0329 56.1285 56.1451 53.2986 
53.3174 54.1434 56.3122 56.3154 71.3596 65.1462 71.4363 72.7513 56.3587 59.0375 55.4835 54.0959 
51.6202 55.2347 48.7179 55.7988 65.4611 64.6348 66.1871 68.9374 55.0234 55.9167 53.303 56.0272 
53.8696 57.5507 53.8314 57.1542 67.1944 68.8346 68.5252 67.7459 56.0358 56.8371 52.898 55.8328 
53.5234 52.08 53.5188 54.7977 70.2141 68.5687 67.064 70.7522 55.3662 53.6666 56.159 57.2253 
54.4635 56.4255 53.5975 57.4238 56.7252 48.4084 69.5684 70.4457 56.6785 58.2854 38.5955 40.955 
54.2632 55.0515 52.2482 54.0952 47.4451 44.4874 64.8968 66.8362 55.2316 55.136 36.5047 33.2257 
-323.759 52.5077 52.9953 53.4954 47.6591 45.2354 68.8723 67.4269 53.3997 54.651 37.1661 33.3025 
35.3995 36.7396 35.3706 35.2609 47.2931 45.9417 48.9283 51.9804 34.5878 36.1246 37.2366 35.5948 


(inverted) sbs.hcal.adc.timeoffset =
76.3726 77.2084 77.8862 78.4533 62.7309 65.6808 66.2966 63.5006 75.9668 77.2321 81.1311 76.4974 
77.2724 78.1055 57.6865 59.5993 63.772 65.5441 63.6045 62.1039 58.8228 58.915 75.841 76.0477 
58.6261 55.4393 57.534 62.399 43.3521 46.406 42.1745 42.9984 58.5282 58.4266 56.6169 57.4196 
59.2018 58.4688 59.9699 58.0146 45.2485 46.523 45.7887 45.664 57.8155 58.801 57.7983 57.1248 
58.0604 58.0281 56.034 58.0338 66.3628 65.2871 44.5878 43.8739 57.1149 57.6188 76.4389 76.3941 
58.6948 58.6512 58.2361 58.108 63.243 66.6394 47.0198 44.3361 59.2054 57.4326 77.8176 78.0064 
54.0019 54.6122 54.617 52.9639 43.8691 40.4733 45.1633 43.3992 59.4003 57.0729 58.7474 58.3932 
77.8508 77.3735 77.0475 76.7767 63.6569 64.6081 64.6081 63.5075 74.5157 75.8181 75.1561 76.1831 
57.2711 58.092 56.3803 57.5182 62.9563 65.0202 42.8793 42.5854 57.4508 57.4476 76.2886 77.4248 
56.045 57.1991 76.8401 76.213 65.2568 64.0986 45.4646 45.0702 76.8681 75.1113 77.6174 76.7116 
59.9203 57.983 57.3999 57.9065 66.6502 65.0356 46.6778 46.8611 58.9753 58.8066 75.2213 76.0645 
76.7856 78.5901 76.4599 75.3049 46.328 46.2255 63.9595 63.5065 76.7363 76.3225 59.2223 58.8901 
53.1434 54.654 54.2825 53.429 40.4671 45.3055 40.9985 40.9298 56.3523 54.9033 58.7589 59.6546 
59.3224 57.1212 57.9404 56.884 47.1858 44.881 47.6972 45.4682 58.6355 56.354 60.0692 58.574 
74.8848 77.2451 76.5925 75.2932 46.5266 48.3679 64.0561 63.7113 76.8816 74.3911 59.318 59.8798 
60.8057 58.5166 59.0128 58.4791 46.4206 46.1694 48.1564 46.1825 57.4578 58.4189 58.8618 60.335 
58.2211 58.53 57.0744 57.3114 42.356 49.094 43.2377 41.2459 57.7024 55.4113 58.421 56.2619 
59.2827 57.2093 63.8136 56.9131 47.5743 48.8166 47.6667 44.8088 59.5384 58.602 61.0561 59.255 
57.4552 55.1406 59.2248 56.106 46.2392 45.2068 45.4424 46.5685 57.9454 57.0458 59.7697 57.7393 
59.2361 60.23 59.1026 59.4266 44.8905 45.6391 46.875 43.347 58.8796 60.1075 57.2698 58.548 
56.7456 56.4493 57.6159 57.2198 64.3593 66.0666 44.4008 43.3361 57.3214 55.4992 75.6325 76.0254 
56.9172 57.6871 60.9089 59.7817 66.332 68.9606 49.0314 46.697 58.8353 59.292 77.7475 79.2511 
-243.765 60.5726 59.8769 59.8101 65.3862 68.0364 44.5233 45.7291 59.8239 59.2477 77.5819 79.8359 
75.8789 75.1354 77.3288 78.2297 66.3771 66.6785 63.4208 60.4005 78.2506 77.8922 76.8772 77.1268 


