#HCal ADCt offsets obtained 9_14_2023 for db adct offset timestamp none
#Offsets obtained from fits over ADCt distributions.
none
sbs.hcal.adc.timeoffset =
28.1527 30.3125 28.8785 29.2447 45.5544 42.9605 42.399 45.9974 33.2148 29.7446 24.2412 29.6096 
30.0711 27.6758 47.8325 47.4669 45.5081 42.6615 44.2184 46.1811 48.9554 50.4217 40.0702 -15.2201 
21.0989 48.805 47.9529 45.3702 64.7482 62.5714 66.2695 65.5647 49.5665 50.8327 50.7371 49.3051 
45.3418 47.5466 46.3857 48.4708 62.2326 61.5703 62.6466 62.7175 49.8729 48.2398 49.5255 49.4571 
48.7857 46.2282 49.9854 48.0214 40.9508 42.2068 64.0169 65.3101 51.4776 49.7007 31.2872 29.2883 
45.4911 45.7093 46.4781 47.9907 42.4649 39.3814 59.8904 64.283 50.1416 51.5 30.0363 29.3297 
48.9503 48.9143 49.1846 50.9936 61.6865 64.8616 60.8477 64.0271 49.1543 50.6289 48.1784 8.01485 
26.2786 26.5032 27.6849 27.487 40.9597 39.9013 40.9478 42.7657 32.8267 31.107 31.179 29.1139 
48.3119 45.4229 48.4248 47.3827 42.6307 40.6311 63.607 63.8429 50.2045 50.0729 30.6987 29.0436 
49.6855 48.5086 29.1595 30.0177 41.5148 43.2263 61.9534 62.5149 31.5152 32.8362 29.7021 29.0545 
44.9188 46.8113 48.1945 48.4875 40.6146 42.5521 61.1152 61.4588 49.5758 49.3488 30.8832 29.0856 
26.8131 25.6816 29.1897 30.7464 60.6672 61.1781 43.4926 43.9497 30.6952 31.0918 47.4541 46.856 
47.231 49.5205 51.1048 53.5574 65.7869 61.7785 65.922 66.4751 51.3162 52.2926 46.9764 46.5077 
44.4412 48.0555 47.5586 49.6852 58.9492 61.3049 58.7059 61.1365 48.5447 49.6733 46.6534 47.3601 
26.7213 27.1287 29.089 31.0026 60.1228 58.5666 42.7748 43.5827 30.4439 33.7629 46.5971 46.1007 
42.7979 46.2139 46.7723 47.0868 60.1491 60.3083 58.6366 60.3588 48.8538 48.0526 48.2814 46.2078 
45.242 45.9308 48.0195 48.2119 63.0646 56.7807 62.9184 64.372 48.1901 50.8653 47.5314 47.625 
43.8501 47.116 40.3641 47.5845 57.2163 56.1634 57.8444 60.8369 46.9603 47.8498 45.2688 48.457 
46.2714 49.8455 45.8157 49.004 59.1362 60.5731 60.356 59.4757 47.9957 48.8189 44.9303 48.0607 
45.7478 43.9306 45.6297 46.6565 62.2161 60.549 59.1416 62.7358 47.3835 45.7119 48.4156 49.4906 
46.9379 48.3985 45.1942 49.4445 48.7713 40.4519 61.7068 62.4794 48.6767 50.2634 30.5926 33.1678 
46.7226 47.3564 44.1572 46.2343 39.614 36.3811 56.5552 58.7328 47.2015 47.3763 28.7128 26.2733 
-330.945 44.9622 45.1599 45.5439 39.4162 37.1011 60.7192 59.5674 45.604 46.4813 28.9254 25.8108 
27.5672 29.0456 27.7512 27.3395 39.1622 38.2698 40.8181 44.2403 26.8585 28.28 29.2858 28.3853 


(inverted) sbs.hcal.adc.timeoffset =
69.0825 69.3893 70.2329 70.8303 54.8716 57.9057 58.6232 56.1111 68.4156 69.8378 73.6846 68.9662 
69.9715 70.7184 50.1258 52.248 56.7103 57.9511 55.8657 54.2144 51.4086 51.0852 67.5392 50.4184 
50.6251 47.1995 49.4957 54.5626 35.7514 39.0014 34.6615 35.4189 51.1157 50.8867 49.3618 50.4184 
51.4768 50.0636 51.6782 49.8982 37.3774 38.6671 38.2664 38.3681 50.6311 51.414 50.3448 49.6709 
49.7808 49.8786 47.7306 49.2242 57.4438 57.321 36.8537 35.9901 49.72 49.9755 69.0606 69.0853 
50.3809 50.4951 49.6939 49.0249 53.6565 57.3285 38.333 36.6776 51.4095 49.8976 70.1065 70.9247 
45.8987 46.2474 45.5256 44.0849 34.7801 31.6104 36.2397 34.9321 51.3907 49.3553 51.1959 70.9247 
70.071 69.2472 68.6297 68.208 55.0927 56.148 56.0465 55.2596 66.6973 68.106 67.3568 69.4609 
49.3662 50.2472 48.3285 49.2987 54.7181 56.854 34.6828 34.4939 49.4522 49.4306 68.5615 69.9078 
47.9723 49.4312 68.8215 68.3341 57.621 56.4384 37.6656 37.2463 68.847 67.324 69.6219 69.0849 
51.9569 50.0274 49.0671 49.8069 58.5109 56.9709 38.6222 38.8002 50.9646 50.7404 67.2882 68.2902 
68.8161 70.5174 68.0917 66.8564 37.6536 37.4779 55.4685 55.1522 68.579 68.2524 51.2098 50.9827 
44.6761 46.3949 46.0566 45.06 32.2539 37.2141 32.7166 32.6349 48.3357 47.0577 50.9364 52.0524 
51.6871 49.2194 49.9696 48.9373 39.4206 36.9757 39.8139 37.4673 50.5731 48.3728 52.1331 51.5706 
67.3415 69.4079 68.781 67.4728 38.7048 40.5901 56.4109 55.8409 68.8797 65.4769 51.5889 52.526 
52.9821 50.5392 51.1679 50.722 38.6091 38.3265 40.1862 38.0782 49.2786 50.3429 50.9981 53.2442 
50.1457 50.3173 48.7818 49.2078 34.061 40.7285 34.7198 32.8666 49.5339 47.2391 50.4689 49.791 
51.5126 49.0906 55.4598 48.6988 39.3295 40.3452 39.324 36.7083 51.4753 50.5352 53.0219 51.6848 
49.857 47.4353 51.2091 47.9558 38.181 36.9453 37.2732 38.2983 49.9053 49.0276 51.802 49.9671 
51.4606 52.0806 51.2135 51.2854 36.8925 37.6194 38.9526 35.3306 50.8968 52.1528 49.5264 50.8133 
49.22 48.4222 49.2126 49.2405 56.4054 58.1101 36.5392 35.3698 49.3196 47.4772 67.6296 68.2382 
49.3766 49.992 52.8179 51.9208 58.5008 60.8543 40.6898 38.5936 50.8052 51.5323 69.9556 72.2987 
-250.951 53.0271 52.0415 51.8587 57.1433 59.9021 36.3702 37.8696 52.0281 51.078 69.3412 72.3442 
68.0466 67.4414 69.7094 70.3083 58.2462 59.0066 55.3106 52.6604 70.5213 70.0476 68.9264 69.9173 


