#fixed adct offsets from testscripts/reverseADCtimePar.C
sbs.hcal.adc.timeoffset =
-76.3726 -77.2084 -77.8862 -78.4533 -62.7309 -65.6808 -66.2966 -63.5007 -75.9668 -77.2321 -81.1311 -76.4974 
-77.2724 -78.1055 -57.6865 -59.5993 -63.772 -65.5441 -63.6045 -62.1039 -58.8228 -58.915 -75.841 -76.0477 
-58.6261 -55.4394 -57.534 -62.399 -43.3521 -46.406 -42.1745 -42.9984 -58.5281 -58.4266 -56.6169 -57.4196 
-59.2017 -58.4688 -59.97 -58.0146 -45.2485 -46.523 -45.7887 -45.664 -57.8155 -58.801 -57.7983 -57.1248 
-58.0604 -58.028 -56.034 -58.0338 -66.3627 -65.2871 -44.5878 -43.8739 -57.1149 -57.6188 -76.4389 -76.3941 
-58.6948 -58.6512 -58.2361 -58.108 -63.243 -66.6394 -47.0198 -44.3361 -59.2054 -57.4326 -77.8176 -78.0064 
-54.0019 -54.6121 -54.617 -52.9638 -43.8691 -40.4733 -45.1633 -43.3992 -59.4002 -57.0729 -58.7474 -58.3932 
-77.8508 -77.3735 -77.0475 -76.7767 -63.6569 -64.6081 -64.6081 -63.5075 -74.5157 -75.8181 -75.1561 -76.1831 
-57.2711 -58.0919 -56.3803 -57.5181 -62.9564 -65.0201 -42.8793 -42.5854 -57.4508 -57.4476 -76.2886 -77.4248 
-56.045 -57.199 -76.8401 -76.213 -65.2568 -64.0986 -45.4646 -45.0702 -76.8681 -75.1113 -77.6174 -76.7116 
-59.9202 -57.983 -57.3999 -57.9064 -66.6503 -65.0356 -46.6778 -46.8611 -58.9754 -58.8065 -75.2213 -76.0645 
-76.7856 -78.5901 -76.4599 -75.3049 -46.328 -46.2255 -63.9595 -63.5065 -76.7363 -76.3225 -59.2223 -58.8901 
-53.1434 -54.654 -54.2824 -53.429 -40.4671 -45.3055 -40.9985 -40.9298 -56.3524 -54.9033 -58.7589 -59.6547 
-59.3223 -57.1211 -57.9404 -56.884 -47.1858 -44.881 -47.6972 -45.4682 -58.6355 -56.3539 -60.0692 -58.5739 
-74.8848 -77.2451 -76.5925 -75.2932 -46.5266 -48.3679 -64.0561 -63.7113 -76.8816 -74.3911 -59.318 -59.8798 
-60.8057 -58.5166 -59.0128 -58.4791 -46.4206 -46.1694 -48.1564 -46.1825 -57.4578 -58.4188 -58.8618 -60.335 
-58.221 -58.53 -57.0745 -57.3113 -42.356 -49.094 -43.2377 -41.2459 -57.7025 -55.4113 -58.421 -56.2619 
-59.2827 -57.2093 -63.8136 -56.9131 -47.5743 -48.8166 -47.6667 -44.8088 -59.5384 -58.6021 -61.0562 -59.255 
-57.4552 -55.1405 -59.2248 -56.106 -46.2392 -45.2068 -45.4424 -46.5685 -57.9454 -57.0458 -59.7697 -57.7393 
-59.2361 -60.2301 -59.1026 -59.4266 -44.8905 -45.6391 -46.875 -43.347 -58.8796 -60.1075 -57.2698 -58.5481 
-56.7456 -56.4493 -57.6159 -57.2197 -64.3592 -66.0666 -44.4008 -43.3361 -57.3214 -55.4992 -75.6325 -76.0254 
-56.9172 -57.6871 -60.9089 -59.7817 -66.3319 -68.9606 -49.0314 -46.697 -58.8353 -59.292 -77.7475 -79.2511 
243.765 -60.5726 -59.8769 -59.8102 -65.3862 -68.0364 -44.5233 -45.7291 -59.8239 -59.2477 -77.5819 -79.8359 
-75.8789 -75.1354 -77.3288 -78.2297 -66.3771 -66.6785 -63.4209 -60.4005 -78.2506 -77.8922 -76.8772 -77.1268 


