#HCal ADCt offsets obtained 9_14_2023 for db adct offset timestamp none
#Offsets obtained from fits over ADCt distributions.
none
sbs.hcal.adc.timeoffset =
27.2212 28.4883 27.7815 27.2979 43.9311 40.6174 41.2613 43.8457 30.7084 27.2032 21.1553 27.1523 
27.7359 27.519 44.3116 45.1467 47.607 42.5564 42.6972 43.6695 46.4595 49.1547 36.91 30.3164 
32.923 48.4889 46.9147 43.532 62.7727 61.0524 63.4901 62.5052 49.6169 48.0396 51.3761 46.9903 
44.6186 43.4716 44.9662 48.2532 59.7401 58.7103 63.0584 60.5766 47.1007 46.0955 46.3456 48.988 
48.2898 44.1526 47.4643 47.2693 41.13 39.7022 60.3357 64.7857 50.2257 47.1519 29.3071 26.9432 
44.261 43.8514 43.0691 47.3917 42.0209 39.0248 59.4098 62.4831 48.3045 49.4718 27.5742 27.4528 
43.2758 49.0196 49.5156 51.032 61.9509 63.6735 59.5363 62.8527 47.7742 48.7712 46.3502 42.7032 
23.093 28.6141 26.8396 26.6634 39.9311 39.1352 39.6787 41.1512 31.5104 29.7658 28.7353 26.5879 
47.0068 44.2336 47.7343 45.7637 41.0848 38.5734 61.6555 62.9302 48.7632 48.4402 29.1591 27.2904 
48.1762 47.9554 27.3944 29.9089 39.4258 40.9751 60.479 61.3 29.6559 31.0962 28.877 27.7319 
43.7092 45.1769 46.4367 47.0954 39.2986 41.3846 59.7622 60.0818 48.3709 47.8682 28.6273 27.3776 
25.3128 23.9918 27.7797 30.1957 60.1734 60.9827 43.1426 43.5923 29.651 29.76 45.9015 45.1229 
48.9636 49.249 50.2788 50.7704 64.9991 60.4849 65.3222 65.0773 50.1616 51.0909 45.5834 45.4921 
43.1505 45.6595 46.3865 48.5698 57.1546 59.3819 57.2843 59.6048 47.2067 48.2622 45.3609 45.507 
23.7493 25.4667 27.389 29.4098 59.1638 57.4007 41.2279 42.7248 28.8763 28.6569 45.3839 45.0444 
41.1738 44.7816 45.7507 45.8743 57.5264 59.2537 57.6615 60.1543 47.636 46.8056 46.975 42.8304 
43.6691 46.0495 46.9348 46.506 62.5117 55.9834 61.6329 63.2567 47.1328 49.7768 45.1058 44.1167 
40.5557 46.4382 38.1588 46.4729 56.9633 55.8286 56.7837 58.85 45.2082 45.6998 44.3372 45.5652 
44.2233 48.9851 44.5421 47.2087 58.2739 59.8383 59.2075 57.9456 46.3402 46.7336 43.4303 47.6271 
46.1099 42.5501 44.7426 44.4173 60.4055 57.1627 58.3122 62.109 47.1963 44.702 46.1904 47.1031 
45.2692 45.4655 44.6953 46.6234 48.2818 38.9238 58.6547 59.7498 46.9703 48.9107 29.3683 31.0888 
44.8849 48.9624 43.4246 43.738 41.238 36.3337 56.1017 56.4498 46.4479 45.5137 26.3725 23.9104 
7.68915 42.5037 46.2611 44.0872 39.5916 35.1187 59.1475 55.7597 46.5745 45.6813 27.5753 21.9532 
26.5667 27.7042 26.1273 25.2652 37.7339 36.2814 41.3126 41.2498 22.8909 26.2841 27.3602 25.813 


(inverted) sbs.hcal.adc.timeoffset =
68.151 67.5651 69.1359 68.8835 53.2483 55.5626 57.4855 53.9594 65.9092 67.2964 70.5987 66.5089 
67.6363 70.5616 46.6048 49.9278 58.8092 57.8459 54.3445 51.7028 48.9128 49.8182 64.379 67.04 
62.4492 46.8834 48.4576 52.7244 33.7759 37.4824 31.8821 32.3594 51.1661 48.0936 50.0008 48.1036 
50.7537 45.9886 50.2586 49.6806 34.8849 35.8071 38.6782 36.2272 47.859 49.2697 47.1649 49.2018 
49.2849 47.803 45.2094 48.4721 57.623 54.8164 33.1725 35.4657 48.4681 47.4267 67.0805 66.7402 
49.1508 48.6371 46.2848 48.4259 53.2125 56.9719 37.8524 34.8777 49.5724 47.8695 67.6444 69.0478 
40.2242 46.3527 45.8566 44.1233 35.0445 30.4223 34.9283 33.7577 50.0107 47.4976 49.3677 49.0902 
66.8854 71.3581 67.7844 67.3844 54.064 55.3819 54.7774 53.6451 65.381 66.7648 64.9131 66.9349 
48.061 49.058 47.638 47.6797 53.1721 54.7963 32.7313 33.5812 48.0109 47.7979 67.0219 68.1546 
46.4629 48.8781 67.0564 68.2253 55.5319 54.1872 36.1912 36.0314 66.9877 65.584 68.7968 67.7623 
50.7473 48.393 47.3093 48.4148 57.195 55.8033 37.2692 37.4232 49.7597 49.2598 65.0323 66.5822 
67.3158 68.8276 66.6817 66.3057 37.1598 37.2825 55.1184 54.7948 67.5348 66.9206 49.6571 49.2496 
46.4087 46.1233 45.2306 42.2729 31.4661 35.9205 32.1168 31.2371 47.1811 45.8559 49.5434 51.0369 
50.3964 46.8233 48.7976 47.8219 37.626 35.0527 38.3923 35.9356 49.2352 46.9616 50.8406 49.7176 
64.3695 67.7459 67.081 65.88 37.7458 39.4242 54.8641 54.983 67.3121 60.3709 50.3757 51.4696 
51.3581 49.1069 50.1463 49.5095 35.9864 37.2719 39.2111 37.8737 48.0608 49.0959 49.6916 49.8668 
48.5728 50.436 47.697 47.5019 33.5081 39.9312 33.4343 31.7513 48.4766 46.1507 48.0434 46.2827 
48.2182 48.4128 53.2544 47.5871 39.0765 40.0104 38.2633 34.7214 49.7232 48.3852 52.0904 48.793 
47.8089 46.5749 49.9355 46.1605 37.3187 36.2105 36.1247 36.7682 48.2499 46.9422 50.302 49.5336 
51.8227 50.7002 50.3264 49.0461 35.0819 34.2331 38.1232 34.7038 50.7097 51.1429 47.3012 48.4258 
47.5513 45.4893 48.7137 46.4193 55.9159 56.5819 33.4871 32.6402 47.6131 46.1245 66.4053 66.1592 
47.5389 51.598 52.0853 49.4245 60.1248 60.8069 40.2363 36.3106 50.0516 49.6697 67.6153 69.9358 
87.6831 50.5686 53.1428 50.402 57.3187 57.9197 34.7985 34.0619 52.9987 50.278 67.9911 68.4866 
67.0461 66.1 68.0855 68.234 56.818 57.0182 55.8052 49.6699 66.5537 68.0517 67.0008 67.345 


