#HCal ADCt offsets obtained 7_31_2023 for db adct offset timestamp none
#Offsets obtained from fits over ADCt distributions.
--------[ 2021-10-21 00:00:00 ]
sbs.hcal.adc.timeoffset =
29.6268 31.0806 29.4271 29.7623 45.8975 43.0348 42.1989 45.2071 32.9039 29.5593 24.5371 30.0016 
31.7196 28.495 48.6982 47.8191 45.432 42.9324 44.7952 45.8876 48.4939 50.1714 40.8492 31.9933 
22.9581 51.1389 49.1687 45.9625 64.9816 62.5632 65.7852 65.3729 49.8347 50.5129 50.6086 49.32 
46.7575 48.992 47.307 49.4426 62.755 61.9099 62.715 62.5724 49.7374 48.2375 49.6735 49.7588 
50.5943 48.0026 51.2856 49.4639 42.1193 42.6905 63.9622 65.1667 50.9447 49.7031 31.2581 29.6372 
47.0122 47.165 48.2518 49.7081 44.4948 41.1085 60.7274 64.1051 49.6893 51.0697 29.9945 29.1457 
50.518 51.1174 51.6307 53.5127 63.2448 66.7924 62.338 64.6 48.9561 50.3693 48.1176 46.0052 
27.9396 27.8852 29.3579 29.405 42.876 41.7996 42.4081 43.6504 33.0585 31.3582 31.5558 29.4076 
49.6205 46.6168 49.7895 48.7972 44.0589 41.9176 64.4718 64.727 50.3827 50.1663 30.8479 29.0802 
51.272 49.6364 30.1786 30.8311 42.1956 43.7447 62.4761 62.8524 31.6358 32.8185 29.9887 29.6942 
46.2659 48.1142 49.5839 49.5008 41.4447 43.2539 61.6645 61.8136 49.6958 49.4287 31.6104 30.015 
28.3905 27.1672 30.5058 32.383 62.034 62.3319 44.3488 44.8621 31.375 31.4548 47.8778 47.5926 
49.813 51.748 52.7705 54.7426 67.3364 62.7801 67.1126 67.4201 51.8716 52.8176 47.6228 47.2228 
46.1302 49.8084 49.0844 50.739 60.1457 62.433 59.7065 61.9806 49.2785 50.3506 47.3627 47.3456 
27.9265 28.5407 30.2393 31.98 60.868 59.2285 43.3386 44.0772 30.9531 33.8819 47.2744 45.9049 
44.4833 47.86 47.9948 48.0629 60.9186 60.9714 59.2442 61.06 49.8161 48.9625 48.7534 46.2883 
46.9947 47.7125 49.5499 49.495 64.4796 57.9346 64.0275 65.5853 49.2594 51.7474 48.4819 47.3214 
45.8163 49.1094 42.2129 49.4043 58.8977 57.7968 59.2791 62.1073 47.8826 48.6484 46.2096 49.3384 
47.3591 51.2619 47.3927 50.651 60.6872 62.1018 61.6558 60.7394 49.1104 49.8862 46.1544 49.4246 
47.2555 45.7844 47.0948 47.9724 62.9631 61.8525 60.3014 64.0385 48.5295 46.918 49.5098 50.5166 
47.9063 49.7921 48.0797 50.4626 47.2487 41.3004 62.707 63.5747 49.7972 51.5926 31.7503 34.3232 
48.4103 48.7129 45.5827 47.4229 40.6782 37.5186 57.7964 60.1474 48.4001 48.2286 29.9202 26.7414 
10.0453 45.8684 46.4775 46.7791 41.0235 38.6456 62.1961 61.0415 47.2301 48.1455 30.4054 26.766 
29.5938 30.4572 29.1707 28.6429 40.6462 39.7473 42.8774 45.9322 28.6234 30.0604 30.6768 29.3643 


