#fixed adct offsets from testscripts/reverseADCtimePar.C
sbs.hcal.adc.timeoffset =
-69.2339 -69.5094 -70.2718 -70.8928 -55.0271 -57.9954 -58.697 -56.1921 -68.4669 -69.8499 -73.5172 -69.2264 
-69.763 -70.8349 -49.9972 -52.0926 -56.6112 -58.0138 -55.9815 -54.3101 -51.1437 -51.0739 -67.6979 -21.2143 
-50.724 -47.2113 -49.4857 -54.6917 -35.628 -38.9971 -34.6401 -35.4476 -51.1545 -50.8097 -49.138 -50.7819 
-51.5301 -50.1797 -51.7368 -49.9187 -37.2772 -38.779 -38.282 -38.2759 -50.6257 -51.4142 -50.3106 -49.9094 
-49.8252 -49.8853 -47.6513 -49.3062 -57.4707 -57.2919 -36.9225 -36.0977 -49.5848 -50.046 -68.9082 -68.9086 
-50.3249 -50.4976 -49.7349 -48.9807 -53.6793 -57.2778 -38.3122 -36.6156 -51.4133 -49.9049 -70.0094 -70.9769 
-45.5551 -46.2268 -45.5463 -44.0569 -34.7611 -31.6083 -36.1777 -34.868 -51.3642 -49.3945 -51.1903 -15.2833 
-70.0588 -69.2334 -68.6642 -68.2001 -55.0829 -56.1537 -56.0197 -55.2412 -66.6978 -68.0763 -67.3583 -69.3282 
-49.4087 -50.236 -48.3166 -49.3072 -54.7487 -56.8479 -34.6963 -34.5245 -49.4424 -49.4977 -68.453 -69.6203 
-48.016 -49.4112 -68.8115 -68.3879 -57.6729 -56.4798 -37.6946 -37.254 -68.8116 -67.1403 -69.7074 -69.2155 
-52.0157 -50.0481 -49.0987 -49.811 -58.5381 -57.0121 -38.6424 -38.8327 -50.998 -50.7771 -67.449 -67.7338 
-68.5358 -70.5399 -68.1124 -66.8815 -37.6984 -37.5102 -55.4775 -55.1776 -68.6041 -68.1724 -51.213 -51.2146 
-44.715 -46.4537 -46.0725 -45.063 -32.2489 -37.1826 -32.7746 -32.675 -48.3368 -47.021 -50.9713 -51.7358 
-51.3737 -49.2489 -49.9772 -48.955 -39.4192 -37.0248 -39.8162 -37.4602 -50.5581 -48.3472 -52.2034 -50.7438 
-67.3145 -69.4149 -68.7461 -67.4816 -38.7388 -40.609 -56.4647 -55.8333 -68.8382 -65.5088 -51.5683 -51.9688 
-52.9416 -50.5655 -51.1348 -50.7092 -38.6189 -38.3227 -40.2099 -38.1162 -49.3727 -50.3742 -50.7649 -52.4062 
-50.3457 -50.3032 -48.8142 -49.1929 -34.0713 -40.7432 -34.7587 -32.8399 -49.5536 -47.1915 -50.4613 -49.1738 
-51.5368 -49.1298 -55.4926 -48.7326 -39.3262 -40.3323 -39.3588 -36.7109 -51.3939 -50.4726 -53.1276 -50.5008 
-49.4831 -47.3751 -51.2311 -47.9352 -38.162 -36.9557 -37.2451 -38.3754 -49.9743 -49.0194 -51.8466 -49.1683 
-51.4322 -52.1415 -51.2955 -51.2939 -36.9096 -37.6777 -38.9589 -35.406 -50.9376 -52.1042 -49.5167 -51.1548 
-48.6964 -48.4036 -49.3163 -49.2315 -56.4459 -58.1051 -36.5928 -35.4041 -49.2931 -47.5006 -67.6973 -68.4313 
-49.3767 -50.0416 -52.8721 -51.9379 -58.5276 -60.9009 -40.7906 -38.6644 -50.8504 -51.342 -69.8279 -71.7516 
-88.7756 -52.7066 -51.9734 -51.8542 -57.1442 -59.9652 -36.3713 -37.8864 -52.0679 -51.1701 -69.4175 -72.6804 
-67.6562 -67.0894 -69.4708 -70.0751 -58.224 -58.9257 -55.4196 -52.6322 -70.5129 -70.0953 -69.0405 -70.0479 


