#HCal ADCt offsets obtained 5_26_2023 for db adct offset timestamp none
#Offsets obtained from fits over ADCt distributions.
--------[ 2021-11-13 00:00:00 ]
sbs.hcal.adc.timeoffset =
-10.4003 -8.13427 -9.59145 -9.23579 7.23613 4.5058 4.21416 7.67396 -5.04533 -8.80768 -14.2396 -9.02544 
-8.61671 -10.4001 9.3331 8.93226 7.03687 4.13256 6.38558 20.7941 10.9464 11.9189 2.40906 -7.30117 
-16.8978 10.8588 9.97898 7.28784 26.6692 24.3269 28.3519 26.8969 11.0425 12.0599 12.0914 10.6117 
7.49022 10.1245 8.77283 10.9133 24.4256 23.5676 24.6845 24.4712 11.5406 9.79383 10.9062 11.0033 
10.9824 8.74355 12.6527 11.2863 4.04075 4.66989 26.4037 27.2983 13.2635 11.5999 -7.23841 -9.44115 
7.7165 8.20876 9.62263 11.2879 6.51115 3.09603 22.8497 26.4992 12.1939 12.947 -8.22283 -9.48001 
11.3429 11.2343 12.7338 14.7204 25.6921 28.7692 24.4154 26.9027 11.2699 12.3607 9.80539 6.91632 
-11.7376 -11.2647 -9.45797 -9.1687 4.60845 3.52207 4.43332 5.72317 -5.18668 -6.95805 -6.92416 -9.71316 
10.112 7.4333 11.1506 10.0914 5.72468 3.59896 26.6184 26.7645 12.4222 12.1029 -7.52602 -9.63217 
11.7433 10.6584 -8.52649 -7.53427 3.86473 5.77731 24.5194 24.857 -6.49072 -5.45242 -8.34502 -9.19199 
6.8677 8.89073 10.7045 10.8955 3.16116 5.11089 23.5624 23.8835 11.76 11.4259 -6.9981 -9.09849 
-11.1641 -12.15 -8.43095 -6.58171 23.4024 23.9827 6.22675 6.60719 -7.09924 -6.92492 9.21408 8.78606 
9.54507 11.6784 13.2818 16.4738 28.3076 24.3589 28.6349 29.1576 13.6067 14.3612 8.74735 8.01674 
6.29748 9.90717 9.76431 11.6932 21.2408 23.5689 20.8786 23.4526 10.6438 11.8109 8.47468 8.43545 
-11.6137 -11.0793 -8.88329 -6.96341 22.1467 20.4792 4.78254 5.4884 -7.61868 -4.08443 8.41796 7.01256 
4.36512 7.98497 8.68857 8.94799 22.0043 22.1295 20.4626 22.3807 10.9802 10.1585 9.96153 7.34184 
7.06216 7.91175 10.2647 10.2551 25.0563 18.7454 25.1863 26.5455 10.1449 12.8022 9.32524 8.02381 
5.3408 9.11978 2.44394 9.94424 19.7557 18.4926 20.408 23.2046 9.03048 9.69209 7.08959 10.0056 
7.73182 11.5215 7.8107 11.2185 21.4441 23.0669 22.6562 21.737 10.0106 10.7162 6.92141 9.71999 
7.5595 5.82635 7.74712 8.69707 24.1166 22.687 20.9454 24.78 9.30366 7.54055 10.3877 11.093 
8.34406 9.99841 7.42457 11.1896 10.5495 2.36036 23.5263 24.4656 10.6718 12.2562 -7.48015 -5.11796 
8.13168 8.85642 5.95566 8.21019 1.25394 -1.71606 18.5014 20.948 9.13525 8.9691 -9.48965 -12.8828 
-28.8099 6.2848 6.94273 7.21543 1.26172 -0.881947 22.8245 21.4628 7.62879 8.67585 -9.06124 -13.2324 
-10.3884 -9.46503 -10.5738 -11.041 0.898488 0.168782 2.90339 6.13359 -11.2853 -9.85325 -8.9484 -10.6217 


