#HCal ADCt offsets obtained 10_30_2023 for db adct offset timestamp none
#Offsets obtained from fits over ADCt distributions.
--------[ 2021-10-18 05:30:00 ]
sbs.hcal.adc.timeoffset =
-70.2292 -70.6558 -70.7484 -71.6145 -55.6042 -58.0836 -58.5856 -55.8225 -68.3233 -69.1556 -73.567 -68.6469 
-72.5605 -71.4618 -51.2583 -52.5835 -57.069 -58.3088 -56.2226 -53.2127 -50.8464 -51.1686 -68.4952 -68.4728 
-52.536 -50.0841 -50.8733 -55.3395 -36.2017 -39.2405 -33.7956 -35.2156 -51.351 -50.3293 -49.3939 -50.4186 
-53.2592 -51.4147 -52.5355 -51.0653 -38.1599 -39.1936 -38.453 -38.119 -50.2529 -51.291 -50.3705 -49.2276 
-50.7755 -51.5669 -48.8351 -50.8054 -58.9023 -58.0436 -37.1097 -36.1706 -49.1502 -49.9024 -68.8445 -69.0697 
-50.9909 -51.6393 -51.3973 -50.8708 -55.8124 -59.0187 -39.2004 -36.6338 -51.0864 -49.651 -69.8291 -70.5948 
-46.5123 -47.9081 -48.5494 -46.7033 -36.3187 -33.6007 -37.7603 -35.4591 -51.4979 -49.1689 -50.7609 -52.2678 
-71.779 -69.9963 -70.0232 -70.1057 -56.9566 -58.0081 -57.5201 -56.1754 -66.7917 -68.2692 -67.2099 -69.1714 
-50.745 -51.0731 -49.5136 -50.5954 -56.1504 -58.0872 -35.3488 -35.256 -49.6085 -49.2468 -68.1647 -69.2379 
-50.0278 -50.2626 -69.4848 -68.9985 -58.3281 -57.0906 -38.2482 -37.5889 -69.0372 -67.3834 -69.7173 -69.3765 
-53.5297 -51.0395 -50.1264 -50.6657 -59.3128 -57.7009 -39.2735 -39.1732 -51.2702 -50.8076 -67.6264 -69.2643 
-69.8894 -71.7099 -69.0678 -68.3126 -38.8643 -38.5331 -56.247 -56.0443 -69.2928 -68.3496 -51.1092 -51.7801 
-46.8966 -48.4883 -47.7141 -46.3642 -33.8864 -38.187 -33.8734 -33.6379 -48.9509 -47.5134 -51.1204 -52.3308 
-53.089 -51.0786 -51.4434 -49.8476 -40.5065 -37.9244 -40.6865 -38.19 -51.0728 -48.9406 -52.5336 -52.0139 
-67.633 -70.6294 -69.8146 -68.3965 -39.4103 -41.2981 -57.035 -56.3565 -69.387 -65.8639 -52.3178 -51.907 
-54.3562 -51.815 -52.2842 -51.6124 -39.4051 -39.0445 -40.8391 -38.7959 -50.3034 -51.1603 -51.428 -53.9281 
-51.4099 -51.4829 -50.0653 -50.3879 -35.4009 -41.7335 -35.6846 -33.9378 -50.428 -48.1613 -51.5605 -50.8789 
-53.3597 -51.0419 -57.0567 -50.2996 -40.8153 -41.8026 -40.6121 -37.8549 -52.3969 -51.352 -53.9266 -52.9186 
-50.9739 -48.5167 -52.537 -49.5042 -39.7154 -38.5485 -38.6327 -39.5828 -51.0668 -49.8974 -52.7935 -50.9951 
-53.4929 -54.0926 -52.6854 -52.7383 -37.7665 -39.1823 -40.4439 -36.9239 -52.2404 -53.2974 -50.4012 -53.7499 
-49.7862 -49.8013 -51.8888 -50.489 -55.2748 -59.1325 -37.5067 -36.3977 -50.3097 -48.7588 -68.7418 -71.6786 
-51.2518 -50.9542 -54.2789 -53.0931 -59.3816 -61.7405 -41.6119 -40.0353 -52.1355 -52.2331 -71.2048 -72.6096 
-487.627 -53.1253 -52.6803 -52.9158 -58.8075 -61.2044 -37.7487 -39.2258 -53.5991 -52.6659 -70.5423 -73.2781 
-69.0173 -69.0535 -70.3901 -71.779 -59.5396 -60.4475 -57.1061 -54.2872 -71.9497 -71.7601 -70.1659 -71.1082 


(inverted) sbs.hcal.adc.timeoffset =
-70.918 -69.668 -70.7864 -71.0203 -54.8416 -57.8866 -58.248 -54.8065 -67.9041 -70.147 -74.4234 -69.9739 
-71.3779 -71.6946 -50.7145 -52.6319 -56.2452 -58.1344 -56.6704 -54.5909 -51.026 -50.451 -68.1824 -68.871 
-51.9352 -48.9527 -50.5523 -54.9807 -35.7639 -38.7431 -34.5444 -35.2336 -51.395 -50.7779 -49.0791 -50.5206 
-52.5888 -51.6341 -52.6241 -50.7061 -37.6363 -38.817 -38.2104 -38.3388 -50.7345 -51.5338 -50.6461 -50.7464 
-52.2405 -51.7769 -49.2271 -50.559 -58.3019 -57.571 -36.5051 -35.5304 -49.2248 -50.0544 -69.2041 -69.7347 
-52.7473 -52.2635 -51.5543 -50.6178 -55.563 -59.0883 -39.1382 -36.3626 -50.8184 -49.3006 -70.2893 -70.8896 
-48.4103 -48.9255 -47.408 -46.5007 -36.3717 -33.4619 -37.6927 -35.5475 -50.8875 -49.0309 -51.4975 -52.5158 
-71.604 -71.2775 -70.5822 -70.1441 -57.057 -58.0783 -57.4863 -56.1124 -67.0573 -68.437 -68.2501 -70.3132 
-50.5304 -51.8291 -49.8616 -50.8262 -56.1374 -58.1908 -35.7502 -35.4942 -49.6447 -49.7802 -69.2395 -70.6387 
-49.0464 -50.8696 -70.2002 -69.2937 -58.2771 -56.8196 -38.1232 -37.5827 -68.9008 -67.228 -70.1113 -70.0913 
-53.1119 -51.6197 -50.7716 -50.9649 -59.3564 -57.6443 -39.0659 -39.1452 -50.8974 -50.8294 -68.4108 -69.1851 
-70.9436 -72.2797 -69.756 -68.6836 -39.1743 -38.7307 -56.4022 -56.0919 -69.219 -68.8708 -52.163 -51.6113 
-47.5918 -48.8107 -47.7333 -46.1336 -33.712 -38.2378 -33.9642 -33.5099 -48.8275 -47.6504 -52.0688 -53.2376 
-53.6666 -50.8832 -51.5514 -50.1302 -40.7129 -38.282 -40.9451 -38.4306 -51.5416 -49.1536 -53.1628 -51.1005 
-69.479 -71.0066 -70.0464 -68.5047 -39.4797 -41.2079 -56.9172 -56.3073 -69.3922 -65.3041 -52.2382 -52.7944 
-55.0186 -52.5448 -52.4996 -51.7816 -39.3431 -38.9329 -40.7535 -38.7633 -50.181 -51.3357 -51.5106 -52.7653 
-52.4173 -52.6907 -50.5515 -50.5889 -35.5551 -42.0377 -35.9754 -34.2316 -50.779 -48.0855 -51.2639 -48.1525 
-53.5791 -51.1063 -57.5621 -50.7414 -41.2107 -42.1388 -40.8977 -38.1015 -52.3899 -51.3044 -54.0018 -52.2584 
-50.8575 -49.1559 -53.0436 -49.7 -39.7422 -38.3879 -38.5041 -39.5468 -50.9692 -50.3002 -53.2679 -51.6601 
-52.4577 -53.7668 -52.6794 -52.4559 -37.5169 -38.6497 -39.7805 -36.3557 -51.8426 -53.4192 -50.8438 -49.9035 
-50.617 -49.8189 -52.3092 -50.0186 -54.4906 -58.8001 -37.5715 -36.5341 -50.5703 -48.8366 -68.824 -67.087 
-50.9914 -51.746 -54.2277 -53.1225 -59.7316 -62.2385 -42.2437 -39.9713 -51.8723 -52.5289 -71.1052 -72.9146 
307.549 -54.7067 -54.0241 -53.2616 -58.6975 -61.6946 -37.9417 -39.4612 -53.7095 -52.8269 -71.1053 -73.3473 
-71.0647 -68.6993 -71.8673 -71.4374 -59.9284 -60.5145 -57.6137 -54.4162 -72.6309 -71.8995 -70.4761 -70.6778 


