#HCal ADCt offsets obtained 9_19_2023 for db adct offset timestamp none
#Offsets obtained from fits over ADCt distributions.
none
sbs.hcal.adc.timeoffset =
25.9852 28.0994 26.5398 26.8893 43.415 40.5762 40.0504 43.295 30.8533 27.3504 21.8343 27.7512 
27.7822 25.4924 45.3703 44.9233 43.067 40.5578 42.2336 44.1282 46.3846 48.1214 38.1794 29.4172 
19.4263 47.0463 45.6658 43.115 62.4457 60.2745 64.1049 63.2933 47.3675 48.4277 48.2452 47.4212 
43.7125 45.9361 44.4023 46.5188 60.1219 59.5527 60.4522 60.4191 47.4744 45.9802 47.3097 47.9165 
47.0557 44.5955 48.1464 46.6871 39.6652 40.489 61.9934 63.1359 49.0909 47.5863 28.8241 26.9588 
43.7048 44.0615 44.8928 46.8881 41.9464 38.6456 58.5605 62.2645 47.8807 49.1014 27.6203 27.2043 
47.1947 47.0995 47.9799 50.2729 61.1812 64.422 60.066 62.5827 47.0719 48.4627 45.7952 42.9203 
24.4961 24.653 26.179 26.521 40.337 39.3456 40.1324 41.4606 30.9423 28.9911 28.9281 26.7158 
46.349 43.3859 46.5715 45.952 41.4225 39.5426 62.5121 62.4835 48.4328 48.0584 28.4034 27.1935 
47.9658 46.4286 27.1201 28.0445 39.6823 41.4223 60.2575 60.783 29.48 30.6696 27.7316 27.56 
43.0234 44.8636 46.39 46.627 38.7677 40.7402 59.2816 59.6098 47.5365 47.2628 28.9396 27.2781 
25.0096 23.8899 27.5018 29.3637 59.2982 59.8351 42.0724 42.4102 28.8954 29.05 45.2275 45.2885 
45.5636 47.9522 49.7006 52.3751 64.5085 60.4824 64.5747 64.8917 49.4111 50.2433 44.9809 44.682 
42.4928 46.3068 45.9125 48.0604 57.3326 59.6712 56.9368 59.3327 46.5502 47.6537 44.5405 44.683 
24.7331 25.016 27.1273 28.9764 58.0756 56.3663 40.5492 41.3399 28.2841 31.3779 44.4807 43.466 
40.7033 44.1668 44.4617 44.7777 57.6955 57.8133 56.127 58.0399 46.675 45.9425 46.1241 44.237 
43.3798 44.0028 45.9376 46.0579 60.8881 54.5045 60.7703 62.2453 46.0383 48.6445 45.3818 43.9872 
41.9218 45.3236 38.4834 45.919 55.4543 54.3604 56.0489 58.8361 44.7481 45.5405 43.1659 46.3764 
44.2518 47.8548 44.0489 47.3749 57.4057 58.8872 58.5316 57.584 45.9339 46.6452 42.8354 46.11 
43.8797 42.064 43.7718 44.7645 60.3774 58.6556 57.0991 60.6827 45.1742 43.4703 46.1259 47.8392 
44.8129 46.3803 43.5466 47.3823 46.6119 38.0964 59.3481 60.1408 46.3457 48.0229 28.4088 31.5552 
44.5905 45.1599 41.9075 43.9548 37.1536 33.8963 54.2456 56.4626 44.801 44.8643 26.4741 23.6334 
-333.493 42.2166 42.7953 43.0895 37.0344 34.8076 58.4479 57.1285 43.3378 44.2804 26.8561 23.803 
25.3978 26.5541 25.2261 25.0016 36.7075 35.8799 38.5886 41.8056 24.5297 25.8876 27.1157 25.9924 


(inverted) sbs.hcal.adc.timeoffset =
66.915 67.1762 67.8942 68.4749 52.7323 55.5214 56.2746 53.4087 66.0541 67.4436 71.2777 67.1078 
67.6826 68.535 47.6636 49.7044 54.2691 55.8473 53.8809 52.1615 48.8379 48.7849 65.6484 66.1408 
48.9525 45.4408 47.2087 52.3074 33.4489 36.7045 32.4969 33.1475 48.9167 48.4816 46.8699 48.5344 
49.8475 48.4531 49.6948 47.9462 35.2667 36.6495 36.072 36.0697 48.2327 49.1544 48.129 48.1302 
48.0508 48.2458 45.8915 47.89 56.1581 55.6032 34.8302 33.8159 47.3333 47.8611 66.5975 66.7558 
48.5946 48.8472 48.1085 47.9222 53.138 56.5927 37.0031 34.6591 49.1485 47.4991 67.6905 68.7993 
44.1431 44.4326 44.3209 43.3643 34.2748 31.1708 35.458 33.4877 49.3083 47.1891 48.8127 49.3073 
68.2885 67.397 67.1238 67.242 54.4699 55.5923 55.2311 53.9545 64.8129 65.9901 65.1059 67.0628 
47.4033 48.2103 46.4752 47.8681 53.5099 55.7655 33.5879 33.1345 47.6805 47.4161 66.2662 68.0577 
46.2526 47.3512 66.7821 66.3609 55.7885 54.6344 35.9697 35.5144 66.8118 65.1574 67.6514 67.5904 
50.0615 48.0797 47.2627 47.9465 56.664 55.159 36.7886 36.9512 48.9253 48.6544 65.3446 66.4827 
67.0126 68.7257 66.4038 65.4737 36.2846 36.1349 54.0483 53.6127 66.7792 66.2106 48.9831 49.4152 
43.0088 44.8266 44.6525 43.8776 30.9755 35.918 31.3693 31.0515 46.4306 45.0084 48.9409 50.2268 
49.7388 47.4706 48.3236 47.3124 37.804 35.342 38.0448 35.6635 48.5786 46.3531 50.0203 48.8936 
65.3533 67.2952 66.8193 65.4466 36.6576 38.3899 54.1854 53.5981 66.7199 63.0919 49.4725 49.8912 
50.8876 48.4921 48.8573 48.4129 36.1555 35.8315 37.6766 35.7593 47.0998 48.2328 48.8407 51.2734 
48.2835 48.3893 46.6999 47.0539 31.8845 38.4523 32.5717 30.7399 47.3821 45.0183 48.3194 46.1532 
49.5843 47.2982 53.5791 47.0333 37.5675 38.5422 37.5286 34.7075 49.263 48.2258 50.919 49.6043 
47.8374 45.4446 49.4423 46.3267 36.4505 35.2594 35.4488 36.4066 47.8435 46.8538 49.7071 48.0164 
49.5924 50.214 49.3556 49.3934 35.0538 35.726 36.9101 33.2775 48.6876 49.9111 47.2367 49.1619 
47.095 46.404 47.565 47.1783 54.246 55.7546 34.1805 33.0312 46.9886 45.2367 65.4458 66.6256 
47.2446 47.7955 50.5682 49.6413 56.0404 58.3695 38.3802 36.3234 48.4047 49.0203 67.7169 69.6588 
-253.499 50.2815 49.677 49.4043 54.7615 57.6086 34.0989 35.4307 49.762 48.8771 67.2719 70.3364 
65.8772 64.9499 67.1843 67.9704 55.7915 56.6167 53.0812 50.2257 68.1925 67.6552 66.7563 67.5244 


