#HCal ADCt offsets obtained 9_5_2023 for db adct offset timestamp none
#Offsets obtained from fits over ADCt distributions.
--------[ 2022-01-12 00:00:00 ]
(inverted) sbs.hcal.adc.timeoffset =
118.187 117.952 119.086 118.859 103.771 105.738 107.952 104.18 116.474 116.09 117.495 115.581 
119.582 119.619 96.6019 99.9892 107.15 108.222 104.968 101.515 98.5491 100.239 120.057 116.855 
99.8485 97.1313 98.3257 103.288 84.5404 88.2592 81.7829 79.2473 101.688 99.1122 100.236 98.2361 
99.6825 98.7285 100.565 98.9568 85.2644 86.2551 89.2302 86.4302 98.5011 98.8451 96.9286 99.0287 
100.01 97.7617 95.1352 98.5909 107.931 105.012 83.4256 85.7302 98.7369 97.0233 117.251 116.304 
98.2192 98.5026 96.3627 98.7577 103.474 107.052 87.869 84.9429 99.8922 97.9701 117.475 119.051 
92.6368 96.0297 95.5916 93.8801 84.8509 80.7119 85.0559 83.6734 99.7922 97.0023 98.9502 98.0629 
116.681 123.637 117.614 117.299 103.968 105.209 104.745 103.634 116.08 116.627 114.568 116.631 
98.4777 97.922 97.3005 97.4325 103.263 104.845 82.7759 83.5149 97.97 97.0361 116.613 117.559 
96.9263 98.9829 117.088 117.755 105.789 104.503 86.2005 86.248 117.495 115.566 118.698 117.257 
100.559 98.1436 97.0352 98.537 107.57 106.144 87.6616 87.9061 100.278 99.3175 114.695 116.201 
116.374 118.501 116.615 116.32 87.6945 87.7784 105.501 105.265 117.254 116.903 98.6753 98.8832 
94.8571 96.2624 95.3513 92.7825 81.8189 86.4354 82.6183 81.6125 97.6531 95.7705 99.0507 100.691 
100.248 97.0912 99.0066 98.1963 88.0167 85.3352 88.6034 86.064 99.3462 96.5901 101.206 99.0649 
112.839 117.487 117.322 116.023 87.8458 89.7192 105.11 105.051 117.649 111.418 99.7399 100.123 
100.821 98.9653 100.177 98.9537 86.0772 87.2285 89.1068 86.8117 97.6098 99.0825 99.6892 99.6567 
98.1793 99.9578 96.819 97.4597 83.4623 89.87 83.8105 81.9427 97.9233 95.8284 97.7304 94.8731 
98.0807 97.9299 103.481 98.3649 88.5956 89.4684 87.9221 85.1595 99.6903 98.3962 101.936 99.6369 
96.5599 95.7114 101.755 99.8553 86.8713 85.9414 85.3353 85.8088 97.4749 96.8892 99.5037 99.4277 
104.797 99.7566 100.771 100.12 85.0437 84.407 87.4595 83.0612 100.308 101.401 97.7364 99.0273 
96.135 95.7264 98.7775 96.6545 105.734 106.732 84.6398 79.9542 98.1065 96.0335 116.488 118.177 
97.8249 100.239 101.632 99.9638 109.826 111.989 93.1603 86.5878 100.154 99.824 117.778 119.382 
137.652 100.227 101.759 100.629 105.526 109.352 85.3269 84.5635 105.514 100.71 119.553 119.162 
116.725 115.629 118.41 118.473 107.201 107.725 105.679 99.9091 118.722 118.721 116.444 117.151 


sbs.hcal.adc.timeoffset =
-22.9607 -22.3714 -22.4486 -23.7762 -6.67434 -10.232 -8.88203 -6.44933 -19.7538 -23.2131 -30.4954 -23.0396 
-24.3563 -23.537 -5.37093 -5.22617 -6.16412 -8.2216 -7.92529 -6.28889 -3.32329 -1.38109 -16.6204 -20.4891 
-4.62269 -1.90549 -3.09989 -7.03172 12.5748 10.2756 13.4429 8.79806 -1.05766 -1.99502 1.7635 -2.7031 
-6.16547 -4.32029 -4.59494 -2.81461 9.46825 8.2445 12.5668 9.97244 -2.48631 -3.97972 -4.08796 -0.945281 
-3.00629 -5.58213 -2.92701 -2.77354 -9.27298 -10.6031 9.81082 14.0292 0.361907 -2.93353 -20.7979 -22.5009 
-5.51896 -5.40018 -6.58894 -2.73093 -7.90165 -11.0551 9.53037 11.9465 -2.01261 -0.98154 -22.6438 -22.4333 
-2.28578 -0.803895 -0.365795 0.67608 12.1605 13.6493 9.60288 12.6668 -2.59323 -1.19752 -3.30823 -6.72074 
-26.702 -17.6369 -22.9912 -22.9513 -10.0459 -10.8775 -10.2616 -8.65418 -17.769 -20.0797 -20.8924 -22.8535 
-2.79768 -4.98022 -2.07469 -3.9891 -9.02437 -11.4329 11.6769 12.7647 -1.28319 -1.99093 -20.7915 -22.3179 
-2.14794 -2.14934 -22.5968 -20.5369 -10.8164 -9.40755 9.82914 11.0764 -20.4433 -19.0453 -21.1302 -22.2108 
-6.08268 -4.51558 -3.86279 -3.09362 -11.0991 -9.20077 9.32222 9.58771 -1.88995 -2.31953 -21.3426 -22.2487 
-24.4586 -25.4884 -22.2087 -20.6758 9.65592 10.5146 -7.14844 -6.87128 -21.2576 -20.3174 -4.59692 -4.50823 
0.368705 -1.03659 -0.0960538 0.284727 14.2205 10.0106 14.7807 14.4647 -0.125258 0.606702 -4.1385 -4.8775 
-6.50754 -4.87056 -3.98825 -1.78147 6.79729 9.12883 6.97177 9.44341 -3.26816 -1.50407 -4.49088 -4.04952 
-24.2733 -24.1487 -22.539 -20.8786 8.95579 7.21319 -8.84233 -7.61319 -21.1303 -19.7497 -4.81607 -4.57885 
-8.55366 -5.39451 -4.60722 -4.44029 7.32904 9.2511 7.5142 9.25251 -2.8746 -3.41352 -3.24939 -7.03671 
-5.64785 -4.21585 -3.79783 -3.51708 12.5063 6.09878 12.1505 13.7733 -3.28374 -0.418427 -5.09401 -4.15829 
-8.85812 -4.21828 -11.1374 -2.67606 6.56961 5.52699 6.41229 9.20314 -5.09655 -4.26019 -5.99241 -5.54013 
-5.27153 -1.96124 -3.82608 0.651082 7.41374 9.00496 8.19853 6.67915 -4.56107 -3.30838 -6.55775 -3.22751 
-1.15389 -8.10281 -4.59346 -5.0745 9.76035 6.57501 7.23509 9.78159 -3.77524 -5.31526 -3.5086 -4.62606 
-4.26825 -3.89377 -5.42051 -3.85312 -4.03154 -11.2001 9.56161 7.02243 -2.77347 -1.5619 -21.0778 -20.5887 
-4.41826 -2.46112 -6.87494 -6.25184 -9.28725 -11.9895 9.30465 6.58124 -3.8535 -4.93797 -24.5325 -26.1421 
-42.426 -7.60458 -4.94588 -5.54819 -11.9791 -13.5469 9.63653 5.87646 -1.79474 -4.78244 -22.0946 -27.4635 
-23.3566 -22.124 -23.8469 -24.7433 -12.2674 -13.2373 -9.04112 -8.79435 -25.8584 -24.9384 -24.1984 -24.6346 


