#fixed adct offsets from testscripts/reverseADCtimePar.C
sbs.hcal.adc.timeoffset =
-66.915 -67.1762 -67.8942 -68.4749 -52.7323 -55.5214 -56.2746 -53.4087 -66.0541 -67.4436 -71.2777 -67.1078 
-67.6826 -68.535 -47.6636 -49.7044 -54.2691 -55.8473 -53.8809 -52.1615 -48.8378 -48.7849 -65.6484 -66.1408 
-48.9525 -45.4408 -47.2086 -52.3074 -33.4489 -36.7045 -32.4969 -33.1475 -48.9167 -48.4817 -46.8699 -48.5345 
-49.8475 -48.4531 -49.6948 -47.9462 -35.2667 -36.6495 -36.072 -36.0697 -48.2327 -49.1544 -48.129 -48.1302 
-48.0508 -48.2458 -45.8916 -47.89 -56.1581 -55.6032 -34.8302 -33.8159 -47.3333 -47.8611 -66.5975 -66.7558 
-48.5946 -48.8473 -48.1085 -47.9223 -53.138 -56.5927 -37.0031 -34.6591 -49.1486 -47.4991 -67.6905 -68.7993 
-44.1431 -44.4325 -44.3209 -43.3642 -34.2748 -31.1708 -35.458 -33.4877 -49.3083 -47.189 -48.8127 -49.3073 
-68.2885 -67.397 -67.1238 -67.242 -54.4699 -55.5923 -55.2311 -53.9545 -64.8129 -65.9901 -65.1059 -67.0628 
-47.4032 -48.2102 -46.4752 -47.868 -53.5099 -55.7655 -33.5879 -33.1345 -47.6805 -47.4161 -66.2662 -68.0577 
-46.2525 -47.3512 -66.7821 -66.3609 -55.7885 -54.6344 -35.9697 -35.5144 -66.8118 -65.1574 -67.6514 -67.5904 
-50.0615 -48.0797 -47.2626 -47.9464 -56.6641 -55.159 -36.7886 -36.9512 -48.9253 -48.6544 -65.3446 -66.4827 
-67.0126 -68.7257 -66.4038 -65.4737 -36.2846 -36.1349 -54.0483 -53.6127 -66.7792 -66.2106 -48.9832 -49.4151 
-43.0088 -44.8266 -44.6524 -43.8777 -30.9755 -35.918 -31.3693 -31.0515 -46.4306 -45.0083 -48.9409 -50.2268 
-49.7387 -47.4706 -48.3236 -47.3124 -37.804 -35.342 -38.0448 -35.6635 -48.5786 -46.3531 -50.0203 -48.8935 
-65.3533 -67.2952 -66.8193 -65.4466 -36.6576 -38.3899 -54.1853 -53.5981 -66.7199 -63.0919 -49.4725 -49.8912 
-50.8875 -48.4921 -48.8572 -48.4129 -36.1555 -35.8315 -37.6766 -35.7593 -47.0999 -48.2328 -48.8408 -51.2734 
-48.2834 -48.3894 -46.6999 -47.0538 -31.8845 -38.4523 -32.5717 -30.7399 -47.3821 -45.0183 -48.3193 -46.1532 
-49.5843 -47.2982 -53.5791 -47.0333 -37.5675 -38.5422 -37.5285 -34.7075 -49.2631 -48.2259 -50.9191 -49.6042 
-47.8374 -45.4446 -49.4423 -46.3267 -36.4505 -35.2594 -35.4488 -36.4066 -47.8435 -46.8539 -49.7071 -48.0165 
-49.5924 -50.2141 -49.3556 -49.3934 -35.0538 -35.726 -36.9101 -33.2775 -48.6876 -49.9112 -47.2367 -49.162 
-47.095 -46.4041 -47.565 -47.1782 -54.2459 -55.7546 -34.1805 -33.0312 -46.9886 -45.2367 -65.4458 -66.6256 
-47.2445 -47.7955 -50.5682 -49.6413 -56.0404 -58.3695 -38.3802 -36.3234 -48.4047 -49.0203 -67.7169 -69.6588 
253.499 -50.2815 -49.6769 -49.4043 -54.7615 -57.6086 -34.0989 -35.4307 -49.762 -48.8771 -67.2719 -70.3364 
-65.8772 -64.9499 -67.1843 -67.9704 -55.7915 -56.6167 -53.0812 -50.2257 -68.1925 -67.6552 -66.7563 -67.5244 


