#HCal ADCt offsets obtained 7_31_2023 for db adct offset timestamp none
#Offsets obtained from fits over ADCt distributions.
--------[ 2021-11-25 00:00:00 ]
sbs.hcal.adc.timeoffset =
39.3938 41.7793 40.1808 40.4061 57.0012 53.9922 53.859 56.9938 44.2654 40.6525 35.3283 40.3597 
41.0084 39.2782 58.8989 58.8035 56.664 53.9593 55.7424 58.2092 59.9424 61.4623 51.9154 40.8007 
32.9291 61.0891 59.5562 56.9443 76.429 73.7336 77.8037 76.5989 60.7007 61.8847 61.6185 59.9536 
57.0858 59.5531 58.5136 60.1697 74.0853 73.3535 73.9152 74.0396 60.6853 59.3516 60.57 60.0052 
60.8834 58.4772 62.2241 60.8459 53.9009 54.6229 75.8525 76.8389 62.7324 61.0566 42.2573 39.8243 
57.5342 57.9596 58.9941 61.153 56.0803 52.7878 72.4574 76.1124 61.5606 62.6458 41.1828 39.2921 
61.0334 61.541 62.5592 64.2017 74.9587 77.8082 74.0976 76.3778 60.7862 62.1602 59.3176 54.0826 
38.161 38.536 40.2286 40.4983 54.3315 53.0994 54.015 55.3534 44.6593 42.7083 42.674 39.5262 
60.0639 57.2679 60.5309 59.7413 55.5 53.4437 76.3735 76.3259 62.2787 61.6655 42.0316 39.5929 
61.3446 60.2819 41.1734 42.0973 53.6249 55.4118 74.2696 74.5223 43.2336 44.4575 41.0277 40.3391 
56.6636 58.6615 60.1604 60.607 52.7284 54.7107 73.33 73.3762 61.2766 61.0609 42.6373 39.9381 
38.2181 37.6332 41.3401 42.7981 73.0808 73.6388 55.8666 56.1714 42.6321 42.8333 58.7605 57.8575 
59.8112 61.6414 63.2868 66.1757 78.0943 74.1139 78.2689 78.7835 63.1692 63.9217 58.2436 57.2836 
56.2588 59.8019 59.3296 61.4165 70.7635 73.2583 70.6498 73.1555 60.1684 61.3893 58.1261 57.3834 
37.9944 38.6764 40.6473 42.6674 71.762 70.15 54.4396 55.229 42.0009 47.7659 57.7737 56.2048 
54.2544 57.6342 58.2225 58.4936 71.3841 71.54 70.1721 72.0086 60.4603 59.7264 59.0628 56.2485 
56.8729 57.6329 59.7533 59.5826 74.8179 68.3225 74.6628 76.3189 59.9372 62.4553 59.1975 56.6823 
55.0687 58.8779 52.0786 59.3384 69.2013 68.1293 69.7856 72.7522 58.699 59.4258 56.8227 58.8527 
57.2758 61.933 57.5483 60.8905 71.0588 72.4136 72.2068 71.3291 59.5703 60.357 56.561 59.0636 
57.1805 55.3536 57.2062 58.5019 74.0288 72.1185 70.7298 74.3049 59.01 57.1811 59.9251 60.3338 
58.1458 59.8094 57.9367 60.8649 60.3922 51.775 73.4139 74.0059 60.2355 61.8939 42.0753 43.9896 
57.8534 58.5948 55.6448 57.6504 51.1405 47.9185 68.2348 70.4409 58.8455 58.8656 40.1099 35.9668 
-19.9749 56.1885 56.6385 56.8253 51.1865 48.7786 72.2101 71.0204 57.2225 58.2052 40.4794 36.3094 
38.6833 39.8513 39.066 38.8444 50.539 49.7946 52.5732 55.6408 38.126 39.7172 40.7238 38.4134 


