#fixed adct offsets from testscripts/reverseADCtimePar.C
sbs.hcal.adc.timeoffset =
-80.2943 -80.941 -81.7462 -82.3545 -66.5386 -69.4845 -70.438 -67.7809 -80.1684 -81.2848 -85.1955 -80.3091 
-81.5584 -82.6563 -61.6192 -63.6926 -68.2457 -69.4378 -68.0151 -67.8469 -63.3932 -62.5749 -79.832 -79.4488 
-62.6363 -59.2833 -61.541 -66.4669 -47.7235 -50.7551 -46.6656 -46.8274 -62.5963 -62.13 -60.7821 -61.6976 
-63.561 -62.6789 -64.0576 -62.3009 -49.5986 -50.6705 -50.2848 -50.1356 -62.2843 -62.9549 -61.7281 -61.2111 
-62.0771 -62.3755 -60.4197 -62.4416 -70.5324 -69.7774 -49.1893 -47.965 -61.4877 -61.8702 -80.5495 -80.3415 
-62.5858 -62.9776 -62.8581 -62.3656 -67.7093 -71.0462 -51.2896 -48.9027 -63.4632 -61.3545 -81.8699 -82.1161 
-58.271 -58.6454 -59.1127 -57.9167 -48.839 -45.5534 -49.7759 -47.8083 -63.5131 -61.0845 -62.8153 -63.3013 
-82.0356 -81.4939 -81.5054 -81.5375 -68.7162 -69.7601 -69.5559 -68.1999 -78.6728 -80.0269 -79.2669 -80.6256 
-61.1743 -62.2675 -61.0551 -62.0358 -67.7889 -69.8072 -47.7247 -47.4213 -61.6693 -61.4591 -80.3341 -81.2294 
-59.9881 -61.5608 -81.1165 -80.7652 -70.0033 -69.0054 -50.2356 -49.5996 -80.8339 -79.033 -81.5726 -80.8454 
-63.9042 -62.0811 -61.5681 -62.2286 -71.0604 -69.5329 -51.0624 -51.2279 -63.1476 -62.8323 -79.423 -80.1092 
-80.8534 -82.7047 -80.4575 -79.5205 -50.3748 -50.2823 -68.2171 -67.8063 -80.7958 -80.2404 -62.9627 -62.9131 
-57.0356 -58.4069 -58.2828 -57.9324 -44.742 -49.7799 -45.429 -45.3093 -60.629 -59.1263 -62.708 -63.5734 
-63.5539 -61.0767 -62.1084 -60.9719 -51.6939 -49.2448 -52.0056 -49.7807 -62.6822 -60.4925 -63.948 -62.6437 
-78.9847 -81.1661 -80.7907 -79.4781 -50.7148 -52.5176 -68.4412 -67.746 -80.8357 -77.6342 -63.4141 -63.4315 
-64.5499 -62.3022 -63.0794 -62.5893 -50.4843 -50.1494 -52.0333 -50.1091 -61.4308 -62.4478 -62.6928 -64.3897 
-61.9437 -62.2979 -60.9986 -61.2542 -46.0744 -52.7021 -47.0001 -45.0278 -61.4822 -59.164 -62.2521 -60.1962 
-63.0343 -61.105 -67.5226 -61.0285 -51.8606 -52.6782 -51.8669 -49.0885 -63.5451 -62.3553 -64.8457 -63.2297 
-61.3104 -59.1403 -63.2229 -60.1598 -50.4807 -49.4516 -49.5741 -50.5448 -61.9219 -60.9359 -63.8042 -61.6351 
-63.2524 -63.9764 -63.3359 -63.2979 -48.7895 -49.7646 -50.7455 -47.376 -62.8032 -63.9746 -61.4685 -62.4239 
-60.6199 -60.0673 -61.4503 -60.9895 -68.1752 -70.0106 -48.3208 -47.3549 -61.3041 -59.4575 -79.5417 -79.9563 
-60.7433 -61.4938 -64.5995 -63.8656 -70.1414 -72.7465 -52.6629 -50.7941 -62.757 -63.1084 -81.761 -83.1599 
-101.145 -64.3631 -63.83 -63.552 -68.9872 -71.9315 -48.4694 -49.7557 -64.0659 -63.2646 -81.3633 -83.2925 
-80.0919 -78.9201 -81.3728 -81.9329 -69.9885 -70.9098 -67.3562 -64.5586 -82.3569 -81.9032 -80.6889 -80.8866 


