#HCal ADCt offsets obtained 10_30_2023 for db adct offset timestamp none
#Offsets obtained from fits over ADCt distributions.
none
sbs.hcal.adc.timeoffset =
29.4561 30.9867 29.3602 29.6313 45.8179 43.0125 42.2299 45.2291 32.8509 29.4835 24.4864 29.6122 
31.9996 28.5727 48.688 47.77 45.4503 42.9124 44.7935 45.8574 48.4687 50.0781 40.6835 31.7809 
22.5671 51.2177 49.0062 45.9289 64.9637 62.5056 65.8106 65.3853 49.7946 50.4291 50.4544 49.3462 
46.613 49.0159 47.1799 49.415 62.7145 61.8774 62.6901 62.5903 49.7035 48.2233 49.666 49.7128 
50.3768 47.9819 51.2605 49.5074 42.0945 42.6396 63.9341 65.1229 50.9092 49.6938 31.1638 29.3326 
47.2097 47.1393 48.2264 49.7271 44.4856 41.0474 60.673 64.082 49.6254 50.9843 29.8423 29.0054 
50.322 50.9524 51.6961 53.4511 63.2167 66.7717 62.2792 64.5036 48.9748 50.3035 48.0745 46.0033 
27.7521 27.8765 29.4027 29.3616 42.8454 41.7563 42.3455 43.6188 33.0049 31.2907 31.4769 29.1747 
49.6055 46.5529 49.7497 48.7814 44.0148 41.863 64.4226 64.6716 50.3649 50.015 30.743 28.8535 
51.1617 49.5961 30.1723 30.8041 42.1124 43.6807 62.3948 62.7691 31.5681 32.735 29.7909 29.4793 
46.1722 48.0373 49.5384 49.4842 41.3885 43.186 61.6252 61.7117 49.6406 49.2905 31.4304 29.8248 
28.3033 27.1537 30.4747 32.3405 62.0106 62.3048 44.3028 44.8141 31.27 31.3002 47.7555 47.5437 
49.6559 51.6721 52.7041 54.6718 67.3414 62.7424 67.0324 67.3501 51.8212 52.7004 47.4807 47.3191 
45.9594 49.7631 48.9846 50.6954 60.0706 62.3882 59.6191 61.8842 49.1415 50.2493 47.2243 47.2835 
28.0582 28.3655 30.1541 31.8552 60.7603 59.1402 43.2503 43.9792 30.8257 33.7766 47.1189 45.7493 
44.349 47.7401 47.8851 47.9452 60.813 60.831 59.1104 60.9139 49.6362 48.7375 48.6366 46.126 
46.7763 47.4891 49.4373 49.3818 64.3515 57.8055 63.8592 65.394 49.0977 51.5476 48.3371 47.3157 
45.7351 48.9366 42.0546 49.2561 58.7698 57.6477 59.1402 61.9305 47.6685 48.4587 45.9989 49.357 
47.2048 51.0474 47.0942 50.4038 60.4019 61.8039 61.3636 60.3069 48.6173 49.5195 45.876 49.2218 
47.3738 45.493 46.8332 47.6436 62.63 61.3653 59.8068 63.4957 48.0808 46.5765 49.1663 50.3298 
47.7912 49.5676 47.8229 50.2362 46.9753 41.0165 62.4441 63.3095 49.5245 51.3913 31.3931 34.397 
48.4136 48.4398 45.4266 47.1915 40.462 37.333 57.5986 59.9588 48.1951 47.9579 29.5475 26.3762 
-329.442 45.4533 46.1693 46.4577 40.7883 38.463 61.8946 60.7635 46.8494 47.767 30.0355 26.7146 
30.0017 30.1029 28.8513 28.3577 40.4824 39.5038 42.4817 45.6575 28.2571 29.6605 30.3459 29.0755 


(inverted) sbs.hcal.adc.timeoffset =
-70.3859 -70.0635 -70.7146 -71.2169 -55.1352 -57.9577 -58.4541 -55.3428 -68.0517 -69.5767 -73.9298 -68.9688 
-71.9 -71.6153 -50.9813 -52.5511 -56.6524 -58.2019 -56.4408 -53.8907 -50.9219 -50.7417 -68.1525 -68.5045 
-52.0933 -49.6122 -50.5491 -55.1212 -35.9669 -38.9356 -34.2026 -35.2395 -51.3438 -50.4831 -49.0791 -50.4595 
-52.748 -51.5329 -52.4724 -50.8424 -37.8593 -38.9742 -38.3099 -38.2409 -50.4618 -51.3975 -50.4853 -49.9266 
-51.372 -51.6322 -49.0057 -50.7103 -58.5875 -57.7538 -36.7709 -35.8029 -49.1516 -49.9686 -68.9372 -69.1296 
-52.0995 -51.925 -51.4421 -50.7613 -55.6772 -58.9945 -39.1156 -36.4766 -50.8933 -49.3819 -69.9125 -70.6004 
-47.2704 -48.2855 -48.0371 -46.5425 -36.3103 -33.5205 -37.6712 -35.4086 -51.2112 -49.0298 -51.092 -52.3903 
-71.5445 -70.6205 -70.3475 -70.0826 -56.9783 -58.003 -57.4442 -56.1127 -66.8755 -68.2897 -67.6547 -69.5217 
-50.6598 -51.3772 -49.6534 -50.6974 -56.1021 -58.0859 -35.4984 -35.3226 -49.6126 -49.3727 -68.6058 -69.7177 
-49.4484 -50.5188 -69.8343 -69.1205 -58.2186 -56.8928 -38.107 -37.5005 -68.8999 -67.2228 -69.7107 -69.5097 
-53.2103 -51.2534 -50.411 -50.8036 -59.2848 -57.6048 -39.1322 -39.0531 -51.0293 -50.6821 -67.8354 -69.0294 
-70.3063 -71.9895 -69.3767 -68.4505 -38.997 -38.6046 -56.2786 -56.0166 -69.1538 -68.4608 -51.5111 -51.6703 
-47.1011 -48.5465 -47.656 -46.1743 -33.8084 -38.178 -33.827 -33.5099 -48.8407 -47.4654 -51.4407 -52.8638 
-53.2054 -50.927 -51.3956 -49.9475 -40.542 -38.059 -40.7271 -38.215 -51.1699 -48.9487 -52.7041 -51.4941 
-68.6784 -70.6447 -69.8461 -68.3254 -39.3423 -41.1638 -56.8864 -56.2374 -69.2615 -65.4906 -52.1108 -52.1746 
-54.5333 -52.0654 -52.2806 -51.5804 -39.273 -38.8492 -40.66 -38.6333 -50.0611 -51.0279 -51.3533 -53.1624 
-51.6799 -51.8757 -50.1996 -50.3777 -35.3479 -41.7533 -35.6606 -33.8886 -50.4414 -47.9214 -51.2746 -49.4817 
-53.3975 -50.9112 -57.1503 -50.3704 -40.883 -41.8295 -40.6199 -37.8019 -52.1835 -51.144 -53.752 -52.5848 
-50.7904 -48.6373 -52.4877 -49.3557 -39.4467 -38.1761 -38.2808 -39.1295 -50.5269 -49.7281 -52.7477 -51.1283 
-53.0866 -53.6431 -52.417 -52.2725 -37.3064 -38.4357 -39.6178 -36.0905 -51.5942 -53.0174 -50.2771 -51.6525 
-50.0733 -49.5913 -51.8413 -50.0322 -54.6093 -58.6746 -37.2765 -36.1999 -50.1674 -48.6052 -68.4301 -69.4674 
-51.0676 -51.0754 -54.0873 -52.878 -59.3488 -61.8062 -41.7331 -39.8196 -51.7988 -52.1139 -70.7903 -72.4016 
249.448 -53.5183 -53.051 -52.7725 -58.5154 -61.264 -37.5456 -39.0657 -53.2736 -52.3637 -70.4513 -73.248 
-70.4811 -68.4987 -70.8095 -71.3265 -59.5664 -60.2406 -56.9742 -54.0776 -71.9199 -71.4281 -69.9865 -70.6075 


