#HCal TDC offsets obtained 1_10_2024 for gmn config 4
#Offsets obtained from fits over TDC distributions.

sbs.hcal.tdc.offset =
-926.418 -932.318 -907.774 -916.701 -1046.48 -1027.25 -1014.3 -1040.26 -933.776 -929.12 -897.844 -931.482 
-904.617 -911.522 -913.397 -901.209 -1026.82 -1013.97 -1036.41 -1066.07 -912.654 -913.24 -939.895 -938.527 
-912.823 -939.044 -915.089 -905.923 -1036.25 -1027.55 -1061.16 -1056.04 -902.265 -912.799 -942.098 -930.978 
-915.814 -886.802 -891.737 -906.169 -1013.42 -1014.58 -1000.58 -1001.93 -897.164 -886.98 -906.336 -915.028 
-631.809 -620.601 -632.929 -626.394 -704.62 -730.34 -735.895 -743.542 -628.628 -620.552 -626.592 -624.016 
-907.577 -917.806 -908.363 -921.441 -737.65 -715.292 -1021.26 -1036.99 -913.941 -914.737 -624.277 -614.552 
-957.681 -952.573 -959.027 -961.445 -1068.79 -1056.31 -1034.73 -1055.48 -916.957 -928.306 -931.64 -919.588 
-924.783 -936.7 -933.941 -937.576 -1033.33 -1037.07 -1043.14 -1056.43 -950.575 -933.736 -948.418 -932.907 
-922.983 -925.038 -930.145 -922.975 -1035.33 -1031.1 -1052.93 -1050.89 -927.647 -925.226 -938.883 -919.179 
-939.477 -932.806 -934.22 -939.788 -1024.67 -1030.33 -1042.01 -1041.95 -928.1 -953.291 -938.88 -918.088 
-892.683 -927.102 -917.921 -930.209 -1003.39 -1026.78 -1027.51 -1030.51 -930.286 -930.461 -945.546 -937.508 
-906.903 -911.122 -922.594 -926.397 -1020.17 -1027.32 -1033.51 -1042.05 -919.728 -924.172 -915.995 -909.66 
-632.982 -632.613 -633.328 -655.248 -770.009 -754.626 -754.445 -748.846 -619.433 -632.723 -629.026 -622.633 
-864.804 -889.79 -876.119 -901.059 -971.93 -1004.75 -986.478 -1007.35 -899.388 -902.32 -870.001 -882.388 
-909.884 -894.765 -894.852 -906.687 -998.015 -988.519 -1005.23 -1013.36 -901.056 -942.517 -899.755 -889.441 
-596.838 -619.674 -870.527 -872.557 -1003.25 -1011.97 -717.28 -727.973 -892.863 -879.739 -902.084 -889.453 
-877.164 -900.692 -898.869 -901.572 -1024.6 -990.059 -1017.01 -1039.05 -893.742 -912.365 -882.328 -914.424 
-1059.45 -1074.55 -1032.55 -1069.54 -972.885 -977.015 -1148.77 -1163.17 -1044.67 -1067.3 -865.904 -870.791 
-878.468 -909.58 -866.145 -897.466 -1148.04 -1139.55 -986.649 -984.565 -879.157 -880.342 -1032.69 -1046.31 
-875.083 -874.653 -882.469 -883.311 -1160.54 -1155.56 -982.028 -1006.31 -879.505 -863.181 -1050.39 -1034.91 
-894.423 -887.866 -423.938 -888.631 -663.931 -1137.06 -998.663 -1002.28 -889.141 -885.689 -1052.51 -1035.03 
-909.381 -913.852 -877.967 -884.288 -992.665 -975.147 -965.051 -1007.55 -887.22 -893.131 -890.908 -886.428 
-838.561 -865.4 -868.049 -877.597 -983.11 -966.211 -996.232 -993.725 -865.764 -878.687 -886.255 -866.873 
-1029.84 -1042.67 -884.324 -900.749 -980.736 -967.124 -1143.6 -1168.12 -879.558 -895.327 -891.406 -878.039 



