#HCal TDC offsets obtained 1_10_2024 for gmn config 4
#Offsets obtained from fits over TDC distributions.

sbs.hcal.tdc.offset =
-921.942 -921.942 -918.241 -926.957 -1052.75 -1030.12 -1010.86 -1032.23 -921.424 -917.715 -892.315 -956.095 
-911.567 -911.567 -919.041 -916.031 -1042.31 -1029.45 -1044.66 -1068.51 -905.873 -908.89 -937.98 -937.239 
-922.178 -952.052 -926.446 -916.897 -1048.01 -1041.8 -1059.56 -1059.95 -912.93 -923.193 -948.795 -938.404 
-923.633 -884.56 -894.247 -910.647 -1017.6 -1022.21 -1010.04 -1013.26 -907.709 -896.606 -914.998 -917.629 
-632.206 -632.206 -630.721 -626.083 -704.645 -729.832 -736.63 -746.872 -632.294 -617.806 -631.161 -603.2 
-904.698 -967.468 -905.656 -915.702 -733.818 -713.06 -1022.52 -1035.21 -912.481 -914.109 -622.539 -577.145 
-940.413 -999.08 -954.819 -956.171 -1052.32 -1045.57 -1031.24 -1052.97 -913.541 -919.969 -922.712 -905.167 
-906.469 -961.028 -921.947 -922.301 -1019.4 -1026.08 -1034.28 -1048.02 -942.859 -925.846 -943.085 -995.965 
-897.543 -911.789 -915.074 -904.933 -1015.97 -1012.54 -1029.68 -1035.33 -914.946 -912.983 -926.463 -912.495 
-933.905 -920.296 -920.853 -922.987 -1005.86 -1012.93 -1023.65 -1024.86 -913.444 -938.124 -926.728 -913.981 
-913.339 -929.764 -912.165 -921.068 -992.607 -1015.16 -1015.46 -1018.12 -917.702 -920.886 -939.008 -917 
-948.132 -911.918 -918.117 -924.227 -1015.71 -1021.5 -1026.95 -1037.03 -914.483 -918.476 -908.392 -915.113 
-621.901 -638.71 -637.851 -642.293 -770.011 -746.739 -751.125 -746.234 -616.986 -626.611 -623.9 -619.685 
-831.719 -894.937 -874.071 -898.095 -968.718 -997.641 -979.245 -998.583 -889.542 -892.772 -861.286 -873.2 
-953.042 -902.892 -889.117 -897.679 -985.934 -976.614 -993.784 -1002.81 -890.872 -934.066 -890.937 -884.359 
-595.715 -613.656 -864.598 -864.681 -995.103 -1003.04 -708.065 -717.559 -883.304 -867.661 -891.015 -871.368 
-842.363 -877.89 -890.772 -895.137 -1015.1 -980.264 -1002.78 -1023.15 -882.408 -900.191 -874.719 -904.196 
-1048.54 -1082.55 -1027.68 -1065.88 -962.01 -965.003 -1134.71 -1150.55 -1032.55 -1058.47 -859.193 -867.003 
-900.436 -894.127 -861.726 -889.659 -1135.5 -1127.61 -974.156 -974.963 -874.084 -881.496 -1032.4 -1044.94 
-862.252 -894.844 -881.007 -875.814 -1148.54 -1148.41 -974.971 -1003.33 -880.509 -869.989 -1059.21 -1043.25 
-884.936 -919.014 -488.51 -882.218 -669.936 -1136.39 -1000.12 -1006.74 -898.755 -902.878 -1067.25 -1053.57 
-954.176 -914.901 -878.138 -883.911 -994.795 -979.656 -974.378 -1019.96 -902.53 -910.744 -904.656 -889.718 
-846.931 -846.931 -863.372 -881.676 -983.399 -969.724 -1004.63 -1007.43 -882.023 -891.067 -893.974 -839.474 
-921.283 -1021.83 -889.02 -896.088 -973.929 -961.167 -1139.49 -1166.75 -878.587 -895.358 -884.959 -871.588 



