#HCal TDC offsets obtained 2_5_2024 for gmn config 7
#Offsets obtained from fits over TDC distributions.

sbs.hcal.tdc.offset =
-869.219 -869.219 -864.665 -873.905 -1000.61 -978.23 -957.558 -978.167 -870.004 -866.525 -835.118 -903.372 
-864.463 -864.463 -871.937 -864.834 -996.336 -981.457 -1000.59 -1021.41 -862.388 -862 -897.691 -850.762 
-866.946 -896.82 -871.214 -859.373 -990.441 -985.461 -1007.36 -1009.83 -860.713 -866.5 -891.278 -875.99 
-864.596 -825.523 -836.587 -853.529 -959.843 -963.459 -952.161 -952.96 -847.613 -835.978 -846.677 -896.852 
-579.301 -579.301 -576.726 -573.462 -653.423 -681.795 -683.956 -692.983 -576.989 -560.637 -565.28 -550.295 
-857.235 -917.838 -852.756 -867.402 -680.027 -662.902 -972.791 -978.523 -860.757 -854.615 -562.002 -559.642 
-919.26 -953.953 -909.692 -912.977 -1004.34 -1008.56 -979.029 -1005.87 -865.355 -882.05 -874.689 -868.204 
-863.989 -887.868 -878.678 -886.214 -981.357 -990.968 -992.625 -1003.9 -897.328 -880.35 -891.57 -953.485 
-866.416 -879.01 -885.149 -877.541 -991.568 -986.707 -1004.4 -1002.81 -873.205 -866.233 -877.346 -863.511 
-897.847 -884.238 -884.87 -890.053 -977.655 -981.377 -991.599 -988.65 -871.738 -897.353 -882.654 -861.426 
-848.527 -887.084 -873.767 -882.815 -955.245 -973.901 -976.903 -976.793 -874.709 -869.071 -919.797 -884.801 
-865.685 -861.508 -873.154 -879.3 -969.782 -974.431 -978.481 -989.121 -867.892 -870.463 -861.392 -861.385 
-574.035 -590.843 -590.097 -595.803 -720.187 -697.321 -700.092 -694.234 -566.801 -581.346 -573.46 -569.829 
-827.065 -851.784 -837.41 -854.815 -922.262 -955.239 -935.494 -955.766 -849.342 -848.223 -814.575 -828.708 
-913.47 -852.92 -849.621 -861.534 -951.681 -940.844 -954.832 -961.658 -849.951 -896.583 -842.868 -839.52 
-553.411 -571.352 -828.623 -828.791 -954.747 -958.344 -665.145 -675.052 -842.81 -824.882 -852.818 -842.317 
-842.845 -840.756 -858.089 -857.216 -975.551 -938.69 -964.54 -984.923 -842.85 -861.434 -837.365 -867.409 
-1008.61 -1032.31 -986.142 -1026.35 -923.993 -929.112 -1095.28 -1108.05 -991.789 -1016.68 -823.971 -830.728 
-862.293 -855.984 -794.125 -856.328 -1102.42 -1093.92 -937.568 -935.82 -837.215 -839.969 -993.483 -1008.46 
-824.37 -856.962 -836.951 -844.601 -1110.16 -1111.52 -942.427 -971.826 -841.109 -822.191 -1015.28 -998.313 
-857.634 -871.061 -440.557 -844.638 -621.983 -1095.55 -963.986 -960.566 -845.785 -849.709 -1006.77 -995.271 
-906.93 -867.655 -836.144 -837.01 -950.522 -933.848 -921.726 -968.286 -844.65 -861.319 -847.551 -851.021 
-802.205 -824.421 -818.646 -839.663 -937.305 -918.536 -950.111 -961.771 -818.5 -832.146 -839.41 -830.884 
-993.213 -999.049 -848.823 -863.088 -922.327 -921.691 -1106.89 -1126.55 -834.833 -855.39 -841.214 -836.336 



