#HCal TDC offsets obtained 12_12_2023 for gmn config 9
#Offsets obtained from fits over TDC distributions.

sbs.hcal.tdc.offset =
-666.954 -666.954 -426.129 -430.589 -797.145 -777.443 -760.536 -780.04 -671.333 -256.08 -620.381 -874.828 
-823.284 -655.226 -662.792 -666.027 -791.672 -769.459 -789.212 -811.109 -653.151 -652.763 -688.614 -641.525 
-745.233 -695.506 -669.9 -663.886 -790.726 -785.622 -806.585 -805.564 -654.645 -664.165 -691.48 -667.781 
-654.174 -627.254 -653.007 -659.519 -763.934 -764.501 -752.884 -752.469 -649.002 -633.988 -653.1 -682.604 
-299.29 -647.019 -646.298 -652.833 -727.419 -746.156 -750.869 -756.272 -642.582 -631.343 -633.657 -624.463 
-447.019 -734.146 -607.782 -682.024 -491.968 -740.638 -1044.37 -784.827 -656.852 -660.025 -358.702 -599.65 
-1013.51 -753.26 -680.789 -727.062 -820.23 -807.032 -801.198 -811.612 -667.658 -676.252 -672.303 -604.536 
-573.693 -722.169 -647.643 -688.294 -785.938 -793.795 -796.528 -808.912 -702.579 -676.423 -698.062 -754.523 
-536.42 -676.049 -676.986 -668.511 -778.817 -775.849 -793.58 -799.816 -676.414 -664.074 -678.445 -655.5 
-521.192 -669.745 -677.447 -678.619 -761.449 -766.73 -775.567 -779.087 -666.734 -689.366 -677.839 -658.563 
-445.918 -653.952 -665.246 -671.658 -740.342 -765.513 -764.087 -768.014 -664.238 -671.674 -707.143 -638.737 
-698.919 -619.743 -672.291 -672.614 -768.429 -770.552 -776.841 -786.794 -660.557 -665.093 -655.213 -690.908 
-307.035 -680.353 -665.26 -663.572 -790.852 -766.601 -768.011 -762.796 -631.246 -640.119 -641.257 -620.11 
-830.285 -684.975 -625.736 -648.076 -718.466 -743.093 -729.225 -746.238 -634.208 -639.456 -614.541 -621.537 
-659.666 -614.397 -614.16 -663.087 -739.271 -726.729 -741.519 -748.853 -638.312 -679.824 -636.214 -632.59 
-323.055 -635.774 -897.673 -611.709 -744.287 -751.112 -455.568 -731.501 -901.62 -618.757 -633.446 -668.762 
-546.629 -667.078 -675.028 -650.009 -770.698 -733.074 -759.008 -786.477 -646.734 -661.329 -645.438 -649.445 
-779.173 -853.498 -775.317 -830.24 -719.953 -730.707 -903.129 -922.327 -803.476 -825.422 -618.178 -645.925 
-669.211 -621.261 -594.956 -677.8 -903.343 -892.873 -746.395 -748.47 -641.686 -644.465 -787.589 -838.335 
-831.986 -662.988 -621.676 -618.555 -908.676 -909.335 -735.669 -763.318 -638.651 -619.841 -797.083 -774.741 
-688.529 -675.983 -207.438 -634.278 -416.69 -1356.41 -749.433 -753.971 -641.159 -642.058 -790.172 -801.921 
-674.747 -655.018 -625.316 -631.638 -738.699 -725.963 -721.969 -760.636 -638.881 -645.581 -641.759 -615.935 
-853.707 -637.763 -629.518 -632.512 -737.613 -713.47 -752.166 -755.729 -632.453 -627.076 -637.531 -590.354 
-963.543 -886.334 -679.853 -662.634 -693.127 -770.197 -871.477 -937.238 -643.978 -654.016 -675.01 -670.85 



