#HCal ADCt offsets obtained 12_12_2023 for gmn config 4
#Offsets obtained from fits over ADCt distributions.

sbs.hcal.adc.timeoffset =
29.646 30.5725 29.9436 29.5678 46.0109 43.4817 42.7126 45.2941 32.571 29.8049 23.3193 28.4942 
28.3771 29.3433 49.718 47.7084 44.9795 44.1938 45.5987 47.076 49.2069 49.6806 36.5733 35.3735 
34.4959 51.4412 49.0126 45.5143 65.1789 62.6557 67.2582 65.2389 49.7476 50.9287 51.0908 48.9772 
46.1369 49.0956 46.4358 48.6692 62.271 61.7216 62.8831 62.962 50.3379 48.6969 49.4549 49.4088 
48.636 48.1394 49.8312 48.9437 41.3392 42.5131 63.7328 64.9814 51.2056 49.608 30.4975 29.4955 
45.7392 46.2964 47.0115 48.7472 44.0591 40.7907 60.6354 63.6661 49.4546 50.6979 29.6053 28.0026 
49.6927 48.5653 50.5806 52.4559 62.9937 66.0383 62.2138 64.4761 48.9034 50.3133 47.5871 45.4364 
25.7243 27.8071 28.0207 28.8055 42.1791 41.6171 42.3045 43.6081 32.8268 31.2537 31.1457 28.4575 
47.7301 45.7468 48.2618 48.1833 43.1847 41.6543 64.26 64.5292 50.2547 49.9562 30.1643 28.4373 
49.1542 48.9808 29.7356 30.449 41.6521 43.4072 62.2823 62.6716 31.1366 32.5933 29.4527 28.8341 
44.9133 47.6847 48.7922 49.0876 41.0576 43.0324 61.6044 61.5563 49.4781 49.1648 31.2617 28.8774 
27.2765 26.9938 29.6919 31.8431 62.0653 62.3923 44.4479 44.7457 31.4127 31.4081 47.4564 46.6865 
49.7025 49.4918 52.7422 54.4578 67.0889 62.902 67.1155 67.5801 51.8917 52.8189 47.7566 45.6436 
45.4077 48.8252 49.1758 50.6184 60.2436 62.5685 59.7549 62.0318 49.0423 50.6511 46.5704 47.357 
28.4365 26.749 29.5774 31.8833 60.9766 59.267 43.5071 44.1173 30.9934 34.1914 47.1238 46.3825 
44.1003 47.3516 47.8583 48.3746 60.8482 61.2773 59.3159 61.3157 49.7971 48.9831 48.7539 46.5 
46.0291 47.086 49.5394 49.6185 64.8116 58.2376 64.3506 65.986 49.3409 52.0356 48.6392 48.8485 
44.3629 48.2909 42.6845 49.5166 59.2839 58.361 59.5761 62.4808 48.1024 49.0753 46.3864 48.6818 
49.3531 50.4306 47.4072 50.9188 60.9405 62.3871 62.2501 61.1283 49.5427 50.3385 47.082 48.9551 
47.4788 46.7734 47.0085 47.792 63.1643 62.1456 60.9541 64.382 49.1603 47.5847 50.1503 50.2218 
50.5262 48.9452 47.9001 50.5325 46.8732 42.9354 63.5893 64.6561 50.4784 52.3696 32.4729 33.2123 
50.7586 48.9177 45.7802 47.3951 41.2839 38.5928 58.5896 60.8779 49.0296 48.7452 30.0538 27.6643 
-249.948 46.5482 47.1964 47.3127 41.775 38.9992 62.9675 61.6268 47.398 48.3117 30.189 27.1009 
29.0097 31.388 29.0262 29.4117 41.2017 40.5006 43.3948 46.3355 28.4406 29.2824 30.4891 29.0208 



(inverted) sbs.hcal.adc.timeoffset =
-70.5758 -69.6493 -71.298 -71.1534 -55.3282 -58.427 -58.9368 -55.4078 -67.7718 -69.8981 -72.7627 -67.8508 
-68.2775 -72.3859 -52.0112 -52.4895 -56.1816 -59.4833 -57.246 -55.1093 -51.6601 -50.3441 -64.0423 -72.0971 
-64.0221 -49.8356 -50.5554 -54.7067 -36.1821 -39.0857 -35.6502 -35.0931 -51.2968 -50.9827 -49.7155 -50.0905 
-52.2719 -51.6125 -51.7283 -50.0966 -37.4158 -38.8184 -38.5029 -38.6126 -51.0962 -51.8711 -50.2742 -49.6226 
-49.6311 -51.7897 -47.5764 -50.1465 -57.8322 -57.6273 -36.5696 -35.6614 -49.4479 -49.8828 -68.2709 -69.2925 
-50.629 -51.0822 -50.2272 -49.7814 -55.2507 -58.7378 -39.078 -36.0607 -50.7224 -49.0956 -69.6755 -69.5976 
-46.6411 -45.8984 -46.9216 -45.5473 -36.0873 -32.7871 -37.6058 -35.3811 -51.1398 -49.0397 -50.6046 -51.8233 
-69.5167 -70.5511 -68.9655 -69.5265 -56.3121 -57.8638 -57.4032 -56.102 -66.6974 -68.2527 -67.3235 -68.8045 
-48.7843 -50.5711 -48.1655 -50.0993 -55.2721 -57.8773 -35.3358 -35.1802 -49.5024 -49.3139 -68.0271 -69.3015 
-47.4409 -49.9035 -69.3976 -68.7654 -57.7582 -56.6193 -37.9945 -37.403 -68.4684 -67.0811 -69.3725 -68.8645 
-51.9514 -50.9008 -49.6648 -50.407 -58.954 -57.4512 -39.1114 -38.8977 -50.8669 -50.5564 -67.6667 -68.082 
-69.2795 -71.8296 -68.5939 -67.9531 -39.0517 -38.6921 -56.4237 -55.9482 -69.2965 -68.5687 -51.212 -50.8132 
-47.1476 -46.3662 -47.6941 -45.9603 -33.5559 -38.3376 -33.9101 -33.7399 -48.9112 -47.584 -51.7166 -51.1884 
-52.6536 -49.989 -51.5868 -49.8704 -40.715 -38.2393 -40.8629 -38.3626 -51.0707 -49.3505 -52.0501 -51.5675 
-69.0567 -69.0282 -69.2694 -68.3535 -39.5586 -41.2906 -57.1432 -56.3755 -69.4292 -65.9054 -52.1156 -52.8078 
-54.2845 -51.6769 -52.2539 -52.0098 -39.3082 -39.2955 -40.8655 -39.0351 -50.222 -51.2735 -51.4706 -53.5364 
-50.9328 -51.4726 -50.3017 -50.6144 -35.808 -42.1853 -36.152 -34.4806 -50.6847 -48.4094 -51.5767 -51.0145 
-52.0254 -50.2655 -57.7801 -50.6309 -41.3971 -42.5428 -41.0558 -38.3522 -52.6173 -51.7606 -54.1396 -51.9096 
-52.9388 -48.0205 -52.8006 -49.8706 -39.9853 -38.7593 -39.1673 -39.9509 -51.4523 -50.5472 -53.9537 -50.8616 
-53.1915 -54.9235 -52.5924 -52.4209 -37.8407 -39.216 -40.7651 -36.9768 -52.6737 -54.0256 -51.2611 -51.5446 
-52.8083 -48.969 -51.9185 -50.3285 -54.5073 -60.5935 -38.4217 -37.5465 -51.1212 -49.5834 -69.5099 -68.2827 
-53.4127 -51.5533 -54.4409 -53.0815 -60.1708 -63.066 -42.7242 -40.7387 -52.6333 -52.9012 -71.2966 -73.6897 
249.948 -54.6131 -54.078 -53.6275 -59.5021 -61.8002 -38.6185 -39.929 -53.8221 -52.9084 -70.6048 -73.6343 
-69.4891 -69.7838 -70.9844 -72.3805 -60.2857 -61.2374 -57.8874 -54.7556 -72.1034 -71.05 -70.1297 -70.5528 



