#HCal ADCt offsets obtained 12_10_2023
#Offsets obtained from fits over ADCt distributions.
sbs.hcal.adc.timeoffset =
29.5698 30.4963 29.3575 29.2419 45.3761 42.5621 41.9226 44.9779 32.4343 29.9881 25.313 30.3564 
30.0845 28.5134 48.8881 47.6442 44.4337 42.39 44.2111 46.0181 48.8081 49.703 36.3002 31.6729 
35.2716 50.8375 49.2633 45.4385 64.5331 61.8197 65.8387 65.1076 49.2601 50.0077 50.7224 49.4781 
46.9672 48.7762 47.3885 49.321 62.4623 61.4863 62.2248 62.2094 49.6556 48.4476 49.6251 49.9279 
49.5372 48.2096 51.1621 49.4333 41.7883 42.4776 63.6163 64.6947 50.9135 49.8973 31.148 30.1362 
47.5898 47.6418 48.4269 49.5176 44.4389 41.0612 60.8134 63.8374 49.4008 50.8359 29.9996 29.2372 
51.5605 51.3682 51.8642 53.4891 63.4879 66.6603 62.3387 64.5822 48.9165 50.6716 48.526 46.8412 
28.1385 28.6627 29.5623 29.6742 42.9683 41.9114 42.4854 43.7878 33.0994 31.5352 31.9458 29.8612 
49.5076 47.6226 50.0829 49.0767 43.991 41.9233 64.4968 64.7092 50.4109 50.3559 31.1033 29.6026 
50.8914 49.5734 30.2037 30.8765 41.9816 43.4287 62.1786 62.669 31.3688 32.7908 30.0748 30.0195 
46.5157 48.4267 49.5984 49.375 41.0865 42.8253 61.2812 61.364 49.3403 49.3389 31.8322 30.4324 
29.0332 27.6168 30.5837 31.9797 61.5415 61.8848 44.0468 44.4335 31.0928 31.4544 48.1569 47.9714 
51.3121 51.5975 52.5588 54.2834 66.8012 62.3169 66.6374 66.9548 51.525 52.6522 48.0547 47.2623 
46.4118 49.4528 48.8292 50.4087 59.799 62.1993 59.4807 61.8693 49.0205 50.685 47.2948 47.9295 
29.7246 28.8951 30.1887 31.7996 60.7437 59.0229 43.2167 43.9056 30.8168 34.1777 47.5388 46.8221 
44.9426 47.8721 47.837 48.2171 60.8047 61.0256 59.2599 61.175 49.8223 48.8896 48.6764 46.5165 
47.5829 47.8414 49.6536 49.5368 64.5365 58.0608 64.134 65.7874 49.3628 51.8478 48.566 48.9517 
46.2035 49.0474 42.4869 49.4776 58.9781 57.9438 59.2949 62.099 47.7772 48.692 46.1581 48.4208 
48.2419 51.2398 47.338 50.5588 60.5123 61.8486 61.5761 60.6234 49.0799 49.9304 46.5989 49.0815 
47.1784 45.9597 47.2428 47.7203 62.6965 61.4995 60.1292 63.7373 48.278 46.8143 49.4793 49.3734 
48.8937 50.0228 48.0255 50.1368 46.2177 41.2056 62.6185 63.5895 49.7133 51.4278 31.5162 32.4995 
48.7077 48.7169 45.7044 47.1915 40.5913 37.7981 57.9674 60.1043 48.2329 47.9567 29.4133 27.022 
10.0377 46.0023 46.5939 46.8773 41.1712 38.6342 62.2092 60.8836 46.8226 47.7364 29.8268 26.768 
29.795 30.8368 29.0556 28.5503 40.4927 39.6663 42.7884 45.8247 28.2033 29.1509 30.2144 29.2687 



(inverted) sbs.hcal.adc.timeoffset =
-70.4996 -69.5731 -70.7119 -70.8275 -54.6934 -57.5073 -58.1468 -55.0916 -67.6351 -70.0813 -74.7564 -69.713 
-69.9849 -71.556 -51.1814 -52.4253 -55.6358 -57.6795 -55.8584 -54.0514 -51.2613 -50.3665 -63.7692 -68.3965 
-64.7978 -49.232 -50.8061 -54.6309 -35.5363 -38.2497 -34.2307 -34.9618 -50.8093 -50.0617 -49.3471 -50.5914 
-53.1022 -51.2932 -52.681 -50.7484 -37.6071 -38.5831 -37.8446 -37.86 -50.4139 -51.6218 -50.4444 -50.1416 
-50.5323 -51.8599 -48.9073 -50.6362 -58.2812 -57.5918 -36.4531 -35.3747 -49.1559 -50.1721 -68.9214 -69.9332 
-52.4796 -52.4276 -51.6426 -50.5518 -55.6305 -59.0083 -39.256 -36.232 -50.6687 -49.2336 -70.0698 -70.8322 
-48.5089 -48.7012 -48.2052 -46.5804 -36.5815 -33.4091 -37.7307 -35.4872 -51.1529 -49.3979 -51.5435 -53.2282 
-71.9309 -71.4067 -70.5071 -70.3952 -57.1012 -58.1581 -57.5841 -56.2817 -66.97 -68.5342 -68.1236 -70.2082 
-50.5618 -52.4469 -49.9866 -50.9928 -56.0784 -58.1462 -35.5726 -35.3602 -49.6586 -49.7136 -68.9661 -70.4668 
-49.1781 -50.4961 -69.8657 -69.1929 -58.0878 -56.6408 -37.8908 -37.4004 -68.7006 -67.2786 -69.9946 -70.0499 
-53.5538 -51.6428 -50.471 -50.6944 -58.9829 -57.2441 -38.7882 -38.7054 -50.7291 -50.7305 -68.2372 -69.637 
-71.0362 -72.4526 -69.4857 -68.0897 -38.5279 -38.1846 -56.0227 -55.636 -68.9766 -68.615 -51.9126 -52.098 
-48.7573 -48.4719 -47.5106 -45.786 -33.2682 -37.7525 -33.432 -33.1146 -48.5445 -47.4172 -52.0147 -52.8071 
-53.6577 -50.6166 -51.2403 -49.6607 -40.2704 -37.8701 -40.5887 -38.2001 -51.0489 -49.3844 -52.7746 -52.14 
-70.3448 -71.1743 -69.8807 -68.2698 -39.3257 -41.0465 -56.8528 -56.1638 -69.2526 -65.8917 -52.5306 -53.2473 
-55.1268 -52.1974 -52.2325 -51.8523 -39.2647 -39.0438 -40.8095 -38.8944 -50.2472 -51.1799 -51.3931 -53.5529 
-52.4865 -52.228 -50.4159 -50.5327 -35.5329 -42.0086 -35.9354 -34.282 -50.7066 -48.2216 -51.5035 -51.1177 
-53.866 -51.022 -57.5826 -50.5919 -41.0913 -42.1256 -40.7745 -37.9704 -52.2922 -51.3774 -53.9113 -51.6486 
-51.8275 -48.8296 -52.7314 -49.5106 -39.5571 -38.2208 -38.4933 -39.446 -50.9895 -50.1391 -53.4706 -50.988 
-52.8911 -54.1098 -52.8266 -52.3492 -37.3729 -38.5699 -39.9402 -36.3321 -51.7914 -53.2552 -50.5901 -50.6961 
-51.1758 -50.0466 -52.0439 -49.9327 -53.8517 -58.8638 -37.4509 -36.4799 -50.3562 -48.6416 -68.5532 -67.5699 
-51.3617 -51.3525 -54.3651 -52.878 -59.4781 -62.2713 -42.102 -39.9651 -51.8366 -52.1127 -70.6561 -73.0474 
-90.0317 -54.0672 -53.4755 -53.1921 -58.8983 -61.4352 -37.8602 -39.1858 -53.2468 -52.3331 -70.2426 -73.3014 
-70.2744 -69.2326 -71.0138 -71.5191 -59.5767 -60.4031 -57.281 -54.2448 -71.8661 -70.9185 -69.855 -70.8007 


