#HCal ADCt offsets obtained 12_12_2023 for gmn config 8
#Offsets obtained from fits over ADCt distributions.

sbs.hcal.adc.timeoffset =
26.9772 27.2569 26.6312 26.0964 43.0936 40.6483 39.7606 42.3695 29.5579 26.7298 20.5924 24.3305 
25.0128 25.7737 45.1302 43.7067 41.6043 41.0418 42.2866 43.9527 46.9531 46.9527 32.8 31.3153 
26.1155 34.4409 44.9316 41.4127 61.9111 59.435 64.0807 63.255 47.3083 47.7087 47.9269 45.3269 
43.0348 44.4455 43.5073 45.5041 59.0814 58.5632 59.5627 59.6859 47.0192 45.2049 46.1249 46.2993 
45.4535 44.5902 46.4538 45.5745 38.3288 39.5412 60.7332 61.9801 48.2052 46.6594 27.3576 26.2207 
42.0474 42.6483 43.8388 45.3216 41.0865 37.8927 57.6428 60.6839 46.5271 47.8052 26.7153 25.2703 
47.4994 45.9002 47.0155 49.0403 59.7902 63.8137 59.4341 61.4616 45.7618 47.3475 44.6148 42.2741 
22.4871 24.0673 24.828 25.8796 39.3739 38.8483 39.394 40.7183 29.8358 28.2635 28.1897 25.3467 
45.1519 43.5987 45.3109 45.2042 40.4858 38.9972 61.6078 62.1994 47.442 47.373 27.8811 25.8481 
47.0525 45.611 26.5276 27.4378 38.7426 40.6542 59.6361 60.1852 28.6985 29.9835 26.8807 26.4491 
42.7631 44.2851 45.654 45.9261 38.0607 40.1572 58.7028 58.7949 46.8266 46.6033 28.7274 26.3661 
24.8076 23.1702 26.7606 28.8704 58.8974 59.5656 41.7478 42.0394 28.5525 28.5148 44.7622 44.0558 
47.6603 45.8628 48.8954 51.6632 64.9431 60.2048 64.8768 64.9248 49.3248 50.2289 44.954 43.3791 
42.8335 45.1771 45.6558 47.7058 57.6277 59.8826 57.1162 59.4543 46.4379 48.0066 43.9543 44.7879 
26.591 23.4212 26.2831 28.8889 58.1488 56.5157 40.6903 41.2929 28.245 31.5456 44.6293 43.2591 
40.9832 43.1465 44.0093 45.0226 57.4831 58.1355 56.2165 58.2138 46.7472 45.7502 45.6852 43.6936 
45.0037 43.5061 45.7249 46.0364 61.2936 54.6946 60.9276 62.7078 46.0265 48.6665 45.478 45.7107 
41.9849 44.7035 39.0039 45.7791 55.7411 54.7349 56.2887 59.21 44.9888 46.2216 43.6281 45.8137 
46.9469 47.6044 44.656 47.8392 57.8487 59.4032 59.3608 58.4604 46.9885 47.8604 44.3246 46.1983 
45.4368 43.3877 44.1435 45.154 60.7033 60.1516 58.3856 61.844 46.3507 44.8862 47.3167 47.3681 
47.7175 46.6123 45.1983 46.6746 44.4175 42.7512 60.8061 61.5459 47.5753 49.4727 29.7597 30.8443 
48.5553 44.9929 42.7364 44.2559 38.209 35.3806 55.2772 57.7042 46.1818 46.3352 28.251 25.7011 
-253.499 43.7526 43.4165 43.7312 38.1665 35.5855 59.7939 58.7507 44.9357 46.1963 28.3299 25.3316 
27.978 27.0762 25.0927 25.2301 37.4282 36.7929 40.3967 43.6097 26.0861 27.3953 28.9163 27.72 



(inverted) sbs.hcal.adc.timeoffset =
-67.907 -66.3337 -67.9856 -67.682 -52.4109 -55.5936 -55.9848 -52.4832 -64.7587 -66.823 -70.0358 -63.6871 
-64.9132 -68.8163 -47.4235 -48.4878 -52.8065 -56.3313 -53.9339 -51.986 -49.4063 -47.6163 -60.269 -68.0389 
-55.6417 -32.8353 -46.4744 -50.6051 -32.9143 -35.865 -32.4727 -33.1092 -48.8576 -47.7627 -46.5516 -46.4402 
-49.1698 -46.9624 -48.7998 -46.9315 -34.2262 -35.66 -35.1825 -35.3365 -47.7775 -48.3791 -46.9442 -46.5131 
-46.4487 -48.2406 -44.1989 -46.7774 -54.8218 -54.6554 -33.57 -32.6601 -46.4476 -46.9342 -65.131 -66.0177 
-46.9372 -47.4341 -47.0545 -46.3558 -52.2781 -55.8398 -36.0854 -33.0785 -47.795 -46.2029 -66.7855 -66.8653 
-44.4478 -43.2333 -43.3565 -42.1317 -32.8838 -30.5625 -34.8261 -32.3666 -47.9982 -46.0739 -47.6323 -48.661 
-66.2795 -66.8113 -65.7728 -66.6006 -53.5068 -55.095 -54.4927 -53.2122 -63.7064 -65.2625 -64.3675 -65.6937 
-46.2062 -48.423 -45.2146 -47.1203 -52.5732 -55.2202 -32.6836 -32.8504 -46.6897 -46.7306 -65.7439 -66.7123 
-45.3392 -46.5337 -66.1896 -65.7542 -54.8487 -53.8663 -35.3483 -34.9166 -66.0303 -64.4713 -66.8005 -66.4795 
-49.8012 -47.5013 -46.5267 -47.2455 -55.957 -54.576 -36.2098 -36.1363 -48.2153 -47.9949 -65.1324 -65.5707 
-66.8106 -68.006 -65.6626 -64.9804 -35.8838 -35.8654 -53.7237 -53.2419 -66.4363 -65.6754 -48.5179 -48.1824 
-45.1055 -42.7372 -43.8472 -43.1657 -31.4101 -35.6404 -31.6714 -31.0846 -46.3443 -44.9939 -48.914 -48.9239 
-50.0795 -46.3409 -48.0669 -46.9578 -38.0991 -35.5534 -38.2242 -35.7851 -48.4664 -46.706 -49.4341 -48.9985 
-67.2112 -65.7004 -65.9751 -65.3591 -36.7308 -38.5392 -54.3265 -53.5511 -66.6808 -63.2596 -49.6211 -49.6844 
-51.1675 -47.4718 -48.4049 -48.6578 -35.9431 -36.1537 -37.7661 -35.9332 -47.1721 -48.0405 -48.4018 -50.73 
-49.9073 -47.8926 -46.4871 -47.0323 -32.29 -38.6424 -32.729 -31.2024 -47.3703 -45.0404 -48.4155 -47.8767 
-49.6474 -46.6781 -54.0996 -46.8934 -37.8543 -38.9167 -37.7683 -35.0814 -49.5037 -48.907 -51.3812 -49.0415 
-50.5326 -45.1942 -50.0494 -46.791 -36.8935 -35.7754 -36.278 -37.283 -48.8981 -48.069 -51.1963 -48.1048 
-51.1496 -51.5377 -49.7273 -49.7828 -35.3797 -37.222 -38.1966 -34.4388 -49.864 -51.3271 -48.4275 -48.6909 
-49.9996 -46.6361 -49.2167 -46.4706 -52.0516 -60.4093 -35.6385 -34.4363 -48.2182 -46.6865 -66.7967 -65.9147 
-51.2093 -47.6285 -51.3971 -49.9424 -57.0958 -59.8538 -39.4118 -37.565 -49.7855 -50.4912 -69.4938 -71.7265 
253.499 -51.8175 -50.2982 -50.046 -55.8936 -58.3865 -35.4449 -37.0529 -51.3599 -50.793 -68.7457 -71.865 
-68.4574 -65.472 -67.0509 -68.1989 -56.5122 -57.5297 -54.8892 -52.0298 -69.7489 -69.1629 -68.5569 -69.252 



