#HCal TDC offsets obtained 1_11_2024 for gmn config 9
#Offsets obtained from fits over TDC distributions.

sbs.hcal.tdc.offset =
-456.41 -414.022 -643.568 -671.55 -799.853 -776.947 -755.124 -775.813 -663.603 -648.224 -689.559 -871.914 
-655.874 -654.287 -673.793 -660.969 -785.206 -770.537 -790.89 -812.821 -663.505 -655.776 -665.321 -826.986 
-666.278 -698.704 -676.452 -659.897 -791.137 -785.284 -803.728 -805.012 -655.881 -656.835 -690.607 -654.267 
-638.11 -642.658 -642.403 -657.7 -761.358 -764.434 -752.045 -754.955 -647.906 -635.242 -648.945 -588.878 
-642.651 -648.014 -655.06 -647.323 -721.429 -745.264 -747.746 -758.052 -642.92 -633.916 -641.388 -646.176 
-666.613 -671.572 -667.063 -674.557 -760.417 -736.001 -772.058 -782.22 -657.957 -658.307 -630.334 -618.324 
-715.594 -721.669 -722.591 -723.446 -817.092 -813.575 -788.64 -807.666 -664.855 -672.753 -674.118 -506.204 
-664.778 -686.634 -685.416 -689.208 -784.913 -790.774 -795.231 -806.175 -697.803 -681.687 -685.53 -661.067 
-659.835 -671.376 -678.821 -668.753 -779.043 -776.156 -794.065 -795.586 -667.928 -662.374 -671.767 -620.216 
-680.99 -678.258 -675.692 -677.963 -760.06 -765.689 -777.971 -777.998 -665.027 -687.884 -669.025 -605.765 
-636.927 -676.264 -665.657 -672.354 -743.332 -764.411 -764.969 -767.309 -666.423 -665.457 -685.449 -650.84 
-652.616 -661.977 -670.861 -676.736 -766.376 -771.379 -775.867 -784.672 -662.115 -662.284 -650.429 -624.125 
-673.859 -663.64 -661.204 -663.924 -790.547 -766.648 -767.362 -760.385 -630.801 -643.488 -634.539 -615.811 
-618.037 -643.549 -627.153 -648.172 -716.976 -746.623 -728.25 -746.787 -638.2 -639.513 -602.256 -613.865 
-655.438 -643.275 -640.824 -650.301 -736.613 -726.683 -741.315 -748.461 -637.503 -682.306 -637.042 -606.695 
-614.064 -639.246 -617.285 -617.164 -742.49 -751.892 -723.928 -735.081 -635.661 -618.5 -641.412 -621.379 
-628.981 -657.576 -648.405 -650.924 -770.815 -736.369 -763.366 -789.409 -647.969 -662.276 -633.123 -650.241 
-815.291 -830.524 -788.939 -824.762 -727.236 -734.319 -905.086 -919.663 -799.528 -819.337 -620.04 -626.408 
-625.496 -654.55 -621.647 -652.457 -903.927 -899.35 -745.78 -741.145 -637.013 -636.462 -784.6 -1186.47 
-624.215 -626.966 -633.242 -634.481 -906.195 -911.201 -736.167 -761.42 -631.124 -612.543 -791.768 -770.43 
-641.314 -638.224 -233.666 -636.419 -888.316 -887.853 -749.165 -751.583 -639.216 -636.733 -799.478 -777.399 
-647.712 -661.817 -626.098 -632.593 -739.588 -724.56 -716.59 -759.445 -638.594 -645.53 -637.276 -890.153 
-634.611 -610.803 -617.058 -627.423 -734.027 -719.403 -753.402 -752.213 -622.163 -632.863 -634.983 -1412.14 
-572.122 -794.802 -640.706 -657.441 -739.991 -727.732 -909.556 -932.193 -641.855 -657.316 -669.91 -783.737 



