#HCal ADCt offsets obtained 12_15_2023 for gmn config 11
#Offsets obtained from fits over ADCt distributions.

sbs.hcal.adc.timeoffset =
39.3923 40.3188 39.18 39.0644 55.1986 52.3846 51.7451 54.8004 42.2568 39.8106 35.1355 40.1789 
-34.1616 -35.7327 -15.358 -16.6019 -19.8124 -21.8561 -20.035 -18.228 -15.438 -14.5431 -27.9459 -32.5732 
-10.3074 5.25848 3.68431 -0.140469 18.9541 16.2407 20.2597 19.5286 3.6811 4.42873 5.14337 3.89908 
-47.4513 -45.6423 -47.0301 -45.0975 -31.9562 -32.9322 -32.1937 -32.2091 -44.763 -45.9709 -44.7935 -44.4907 
55.914 54.5864 57.539 55.8102 48.1651 48.8545 69.9932 71.0716 57.2904 56.2742 37.5249 36.5131 
54.9226 54.9746 55.7597 56.8504 51.7717 48.394 68.1462 71.1702 56.7336 58.1687 37.3324 36.57 
58.5405 58.3482 58.8442 60.469 70.4679 73.6403 69.3187 71.5622 55.8965 57.6515 55.5059 53.8212 
28.6837 36.7866 37.6862 37.7981 51.0921 50.0352 50.6092 51.9116 41.2233 39.6591 40.0697 37.9851 
57.5749 55.6898 58.1501 57.144 52.0583 49.9905 72.5641 72.7765 58.4781 58.4231 39.1706 37.6699 
58.8031 57.4851 38.1154 38.7882 49.8933 51.3404 70.0903 70.4194 39.6652 40.7025 38.1841 37.9312 
54.9129 56.8239 57.9956 57.7722 49.4837 51.2225 69.6181 70.1908 57.7284 58.3251 40.2294 38.8296 
37.8489 36.4325 39.3994 40.7954 70.3572 70.7005 53.3061 53.5652 39.7916 39.701 55.738 56.7871 
58.7033 61.2334 62.1947 63.9193 76.4371 71.9528 76.2733 77.005 61.6372 61.8769 57.6906 54.6472 
52.5438 58.5613 57.9377 59.5172 68.9075 71.3078 68.9713 71.0615 58.3115 59.3275 55.5719 -3.07539 
6.39617 37.9512 39.2448 40.8557 69.7998 68.079 52.7944 52.7129 40.0159 43.0417 56.5949 56.0603 
52.8306 57.0403 57.0052 57.3853 69.9729 70.1938 68.4281 70.1469 58.929 57.8886 58.4506 57.0771 
57.0802 57.1714 58.9835 58.8667 73.8664 67.3908 73.4639 75.215 59.0734 61.6129 57.9078 58.2816 
54.2811 58.119 51.5585 58.5492 68.0497 67.0154 68.3665 71.3199 57.4466 58.1564 54.5776 56.9243 
51.1629 59.4792 55.5774 58.7982 68.7518 70.0881 69.8156 69.2627 57.6264 58.2036 53.8741 56.1588 
59.6415 54.7193 56.0024 56.4799 71.4561 70.2591 68.8888 72.4969 57.0376 55.5739 58.2389 58.133 
53.3071 59.4883 57.491 59.6023 55.6832 50.6711 72.084 73.055 59.1788 60.8933 40.9817 41.965 
60.9669 57.6189 54.6063 56.0934 49.4933 46.7001 66.8694 69.0063 57.1348 56.8587 38.8819 35.924 
-267.471 54.7193 55.311 55.5944 49.8882 47.3513 70.9263 69.6007 55.5397 56.4534 38.5439 35.4851 
37.3341 38.3759 36.5947 36.0894 48.0317 47.2054 50.3275 53.3637 35.7424 36.69 37.7535 36.8078 



(inverted) sbs.hcal.adc.timeoffset =
-80.3221 -79.3956 -80.5344 -80.65 -64.5159 -67.3298 -67.9693 -64.9141 -77.4576 -79.9038 -84.5789 -79.5355 
-5.73885 -7.30995 13.0647 11.8208 8.61028 6.56659 8.38769 10.1947 12.9847 13.8796 0.476854 -4.15045 
-19.2188 -3.65296 -5.22713 -9.05191 10.0427 7.32928 11.3483 10.6172 -5.23034 -4.48271 -3.76807 -5.01236 
41.3163 43.1254 41.7376 43.6701 56.8114 55.8354 56.5739 56.5585 44.0047 42.7967 43.9742 44.277 
-56.9092 -58.2368 -55.2842 -57.013 -64.6581 -63.9687 -42.83 -41.7516 -55.5328 -56.549 -75.2983 -76.3101 
-59.8124 -59.7604 -58.9754 -57.8846 -62.9633 -66.3411 -46.5888 -43.5648 -58.0014 -56.5663 -77.4026 -78.165 
-55.4889 -55.6812 -55.1852 -53.5604 -43.5615 -40.3891 -44.7107 -42.4672 -58.1329 -56.3779 -58.5234 -60.2082 
-72.4761 -79.5306 -78.631 -78.5191 -65.225 -66.2819 -65.7079 -64.4055 -75.0939 -76.6581 -76.2475 -78.3321 
-58.6291 -60.5142 -58.0538 -59.06 -64.1457 -66.2135 -43.6399 -43.4275 -57.7258 -57.7808 -77.0334 -78.5341 
-57.0898 -58.4077 -77.7774 -77.1046 -65.9995 -64.5525 -45.8025 -45.1508 -76.997 -75.1903 -78.1039 -77.9616 
-61.951 -60.04 -58.8682 -59.0916 -67.3801 -65.6413 -47.1251 -47.5322 -59.1171 -59.7167 -76.6344 -78.0342 
-79.8519 -81.2683 -78.3014 -76.9054 -47.3436 -47.0003 -65.282 -64.7677 -77.6754 -76.8616 -59.4937 -60.9137 
-56.1485 -58.1078 -57.1465 -55.4219 -42.9041 -47.3884 -43.0679 -43.1648 -58.6566 -56.6419 -61.6506 -60.192 
-59.7897 -59.7251 -60.3487 -58.7692 -49.3789 -46.9786 -50.0793 -47.3923 -60.3399 -58.027 -61.0517 -1.13515 
-47.0164 -80.2304 -78.9368 -77.3259 -48.3818 -50.1026 -66.4305 -64.9711 -78.4517 -74.7557 -61.5867 -62.4855 
-63.0149 -61.3656 -61.4007 -61.0205 -48.4329 -48.212 -49.9777 -47.8663 -59.3538 -60.1789 -61.1673 -64.1134 
-61.9838 -61.5579 -59.7458 -59.8626 -44.8628 -51.3385 -45.2653 -43.7096 -60.4171 -57.9867 -60.8453 -60.4477 
-61.9436 -60.0936 -66.6541 -59.6634 -50.1629 -51.1972 -49.8461 -47.1913 -61.9615 -60.8418 -62.3308 -60.1521 
-54.7485 -57.0691 -60.9709 -57.7501 -47.7966 -46.4603 -46.7328 -48.0853 -59.536 -58.4122 -60.7458 -58.0653 
-65.3543 -62.8694 -61.5862 -61.1088 -46.1325 -47.3295 -48.6998 -45.0917 -60.551 -62.0148 -59.3497 -59.4557 
-55.5892 -59.5121 -61.5094 -59.3982 -63.3172 -68.3293 -46.9164 -45.9454 -59.8217 -58.1071 -78.0187 -77.0354 
-63.6209 -60.2545 -63.267 -61.7799 -68.3801 -71.1733 -51.004 -48.8671 -60.7385 -61.0147 -80.1247 -81.9494 
267.471 -62.7842 -62.1926 -61.9092 -67.6153 -70.1523 -46.5773 -47.9029 -61.9639 -61.0501 -78.9597 -82.0185 
-77.8135 -76.7717 -78.5529 -79.0582 -67.1158 -67.9422 -64.82 -61.7838 -79.4052 -78.4576 -77.3941 -78.3398 



