#HCal TDC offsets obtained 2_5_2024 for gmn config 11
#Offsets obtained from fits over TDC distributions.

sbs.hcal.tdc.offset =
-840.735 -840.735 -836.181 -845.421 -972.123 -949.746 -929.074 -949.683 -841.52 -838.041 -814.688 -846.017 
-834.731 -838.026 -842.205 -835.102 -966.604 -951.725 -970.853 -991.678 -832.656 -832.268 -867.959 -821.03 
-844.404 -874.278 -848.672 -836.831 -967.899 -962.919 -984.814 -987.292 -838.171 -843.958 -868.736 -853.448 
-843.391 -804.318 -815.382 -832.324 -938.638 -942.254 -930.956 -931.755 -826.408 -812.681 -825.472 -852.096 
-563.422 -563.422 -560.848 -557.584 -637.545 -662.232 -668.078 -677.104 -561.883 -550.276 -549.401 -534.416 
-833.582 -896.625 -831.543 -846.189 -663.443 -643.453 -951.755 -964.795 -839.544 -840.958 -540.789 -506.302 
-903.382 -938.075 -893.814 -897.099 -993.558 -983.395 -968.725 -991.64 -858.455 -858.755 -858.811 -789.961 
-842.982 -897.541 -857.671 -859.423 -955.799 -964.54 -970.258 -983.626 -879.251 -856.34 -870.563 -932.478 
-849.682 -857.145 -862.302 -851.746 -961.526 -958.622 -975.115 -981.459 -855.138 -853.602 -870.162 -836.209 
-876.863 -863.254 -862.574 -865.57 -949.163 -968.682 -974.954 -967.791 -856.598 -880.733 -870.034 -836.692 
-821.799 -864.909 -853.788 -859.943 -928.199 -950.842 -950.906 -954.442 -855.194 -856.846 -897.622 -853.356 
-850.253 -841.066 -851.335 -853.038 -944.915 -964.536 -966.235 -966.5 -842.736 -845.177 -837.439 -856.956 
-556.829 -573.638 -575.937 -578.598 -705.926 -682.816 -682.155 -676.185 -550.365 -564.203 -557.357 -547.137 
-819.059 -838.777 -820.926 -842.411 -913.659 -929.705 -915.288 -942.797 -833.963 -824.087 -807.778 -818.826 
-893.876 -843.726 -830.807 -837.959 -937.491 -920.192 -934.263 -943.925 -832.67 -876.989 -824.476 -812.146 
-541.115 -555.32 -813.644 -808.509 -936.086 -945.499 -648.052 -661.191 -825.515 -809.509 -837.312 -850.472 
-825.634 -829.223 -845.537 -847.109 -967.357 -930.29 -939.023 -977.418 -835.148 -848.256 -825.943 -845.939 
-994.751 -1028.75 -972.288 -1013.36 -908.166 -911.604 -1079.49 -1087.16 -979.486 -1004.04 -808.896 -796.383 
-833.51 -838.582 -776.723 -832.523 -1083.21 -1071.67 -918.13 -920.348 -819.418 -827.156 -975.116 -978.119 
-817.109 -837.593 -831.651 -816.655 -1090.87 -1094.06 -918.498 -945.643 -825.73 -812.15 -995.91 -979.524 
-819.817 -853.895 -423.391 -824.406 -604.817 -1072.91 -936.194 -942.13 -832.799 -836.472 -989.603 -976.617 
-884.504 -845.229 -808.466 -814.584 -921.217 -908.881 -904.148 -952.213 -835.34 -838.893 -835.087 -811.377 
-793.319 -819.873 -809.76 -825.776 -936.683 -916.873 -950.079 -952.885 -832.065 -814.926 -831.401 -1304.97 
-997.017 -974.497 -848.419 -871.073 -906.549 -935.043 -1077.33 -1112.74 -822.526 -821.457 -837.07 -808.74 



