#HCal TDC offsets obtained 12_16_2023 for gen config 2
#Offsets obtained from fits over TDC distributions.

sbs.hcal.tdc.offset =
-498.608 -510.419 -498.744 -509.719 -643.169 -608.24 -580.518 -597.766 -494.65 -494.058 -478.142 -509.655 
-498.846 -500.437 -515.038 -495.493 -620.732 -600.912 -756.151 -629.474 -494.173 -499.166 -518.933 -546.649 
-291.064 -537.906 -512.681 -517.995 -632.71 -616.429 -632.601 -653.273 -501.255 -490.904 -548.715 -540.576 
-469.821 -480.461 -490.052 -497.528 -609.282 -609.524 -600.61 -590.242 -481.467 -482.039 -503.243 -517.238 
-495.621 -482.623 -487.322 -490.022 -563.434 -592.612 -594.865 -605.605 -490.258 -493.432 -499.597 -497.135 
-513.783 -508.523 -498.302 -513.218 -593.73 -575.075 -607.082 -621.979 -497.381 -507.303 -495.509 -505.668 
-314.514 -582.685 -562.604 -560.98 -656.612 -658.391 -782.339 -647.409 -521.629 -520.955 -543.001 -536.386 
-530.081 -524.667 -521.912 -523.953 -621.757 -615.386 -628.706 -637.763 -529.376 -538.065 -548.514 -452.755 
-531.496 -520.734 -519.052 -509.297 -607.817 -600.312 -641.463 -595.908 -513.765 -513.721 -531.57 -536.262 
-576.06 -525.702 -518.857 -523.466 -589.147 -601.785 -623.449 -614.248 -505.69 -528.627 -550.043 -514.497 
-319.514 -536.467 -515.286 -524.051 -608.015 -610.349 -606.596 -619.25 -519.866 -510.3 -524.156 -547.663 
-531.585 -508.89 -522.471 -524.857 -639.761 -612.303 -643.772 -636.715 -503.774 -511.713 -507.922 -492.66 
-507.286 -525.771 -526.697 -517.676 -647.756 -632.66 -617.989 -622.798 -472.11 -503.131 -476.982 -545.287 
-505.081 -499.014 -452.336 -490.848 -563.444 -605.178 -578.123 -598.909 -490.567 -484.911 -452.679 -396.758 
123.145 -497.136 -489.422 -507.36 -600.61 -581.771 -597.63 -602.936 -496.736 -540.709 -505.428 -491.175 
-469.15 -492.824 -464.741 -471.412 -597.883 -614.286 -583.028 -592.978 -490.047 -481.503 -497.37 -504.774 
-466.728 -527.885 -510.562 -505.724 -629.661 -593.195 -620.262 -648.452 -499.83 -512.119 -487.601 -524.509 
-672.907 -674.64 -618.275 -650.28 -566.916 -573.506 -736.589 -754.058 -635.026 -671.249 -462.048 -466.286 
-482.196 -483.322 -445.232 -474.15 -727.53 -720.222 -567.12 -564.747 -465.456 -467.205 -617.524 -640.81 
-461.68 -461.255 -446.19 -447.399 -721.384 -722.388 -551.371 -574.248 -456.622 -440.196 -637.615 -620.922 
-446.194 -467.906 64.1634 -464.939 -712.932 -715.919 -575.243 -581.656 -474.216 -468.876 -643.647 -628.957 
-486.645 -491.434 -452.907 -464.774 -564.496 -548.059 -535.082 -586.892 -463.472 -484.163 -469.111 -476.964 
-470.146 -427.092 -436.357 -442.051 -557.887 -543.385 -562.151 -571.01 -442.905 -451.741 -459.414 -457.108 
-631.253 -637.883 -492.216 -499.486 -583.531 -560.534 -726.678 -765.325 -477.058 -492.452 -480.648 -486.859 



