#HCal ADCt offsets obtained 12_12_2023 for gmn config 14
#Offsets obtained from fits over ADCt distributions.

sbs.hcal.adc.timeoffset =
2.91264 3.83914 2.70034 2.58474 18.7189 15.9049 15.2654 18.3207 106.743 3.33094 -1.34416 -19.5267 
-11.1142 46.1737 66.5483 65.3044 62.0939 60.0502 61.8713 63.6783 66.4684 67.3632 53.9605 49.3332 
41.3092 59.9462 58.3721 54.5473 73.6419 70.9285 74.9475 74.2164 58.3689 59.1165 59.8311 58.5868 
27.9061 62.1302 60.7424 62.675 75.8163 74.8403 75.5788 75.5634 63.0095 61.8016 108.252 63.2818 
18.0051 55.3337 58.2863 56.5575 48.9124 49.8706 70.7145 71.8073 58.0377 60.2693 38.2722 41.0307 
49.0126 54.7649 55.55 56.6407 50.3462 48.1431 68.216 71.3409 58.054 59.6609 37.1488 36.3603 
-10.7536 21.7494 58.1252 59.7501 68.5954 72.4891 68.0741 71.4994 55.8654 57.8161 54.1174 52.6878 
-11.4028 34.2742 35.1738 34.6659 47.847 47.3779 48.057 49.641 38.9551 37.4948 37.9479 35.4727 
10.0535 51.9107 56.0685 55.0623 49.4999 48.1608 70.568 71.2276 56.3799 56.7002 37.5191 35.5882 
-7.40673 56.1591 36.7894 36.3955 48.0796 50.0558 69.216 69.4816 38.1265 39.5439 36.6765 88.6618 
81.731 55.3681 57.1281 56.3949 48.159 50.469 68.9859 68.9742 57.05 56.5765 38.4143 37.9621 
46.5737 33.9578 38.3871 39 68.8434 69.8869 52.394 52.7698 38.7468 39.1351 55.0394 54.7057 
59.2956 58.8992 59.8605 61.0008 73.9302 69.3809 74.0254 74.6239 59.035 60.0593 54.7356 53.3662 
5.26191 54.5815 55.8492 56.4907 66.9263 69.0428 66.7135 69.0826 55.9057 57.7983 54.3252 55.4319 
37.3102 36.3879 37.6815 38.4802 67.9855 66.6965 50.7585 51.255 38.6863 42.0094 55.478 57.6617 
51.1954 55.6336 55.5985 56.0361 67.8452 68.5702 66.9455 69.1826 57.8833 56.9849 56.7146 55.5679 
60.6504 55.495 57.3071 56.8137 71.8354 65.6942 72.0417 73.8272 57.1689 59.4078 55.7467 47.3474 
52.194 55.9621 49.4015 56.1325 65.501 64.6979 66.2848 69.3144 54.7224 55.8714 53.5318 54.9098 
52.6095 57.205 54.3627 57.0782 66.3803 68.4968 68.2491 66.8347 55.2927 55.8543 52.6806 54.7232 
6.37662 52.9466 53.9019 54.1843 69.7442 69.1851 66.7919 69.9617 54.7459 53.5532 55.0685 56.0325 
55.8636 56.5554 55.4739 56.1623 54.2086 52.1779 70.1015 70.834 57.0625 58.3374 34.7819 41.7425 
75.9539 56.4626 53.4501 54.9372 48.9054 46.1611 65.633 67.7694 55.8571 55.6448 38.745 34.2683 
-243.765 52.7297 53.3213 53.6047 48.4983 46.0796 69.6404 67.5557 52.3439 54.2407 34.8285 32.6024 
37.6976 -20.3536 -33.7717 36.6708 48.1785 47.0176 49.0068 51.1702 33.4654 34.4967 36.4238 41.2585 



(inverted) sbs.hcal.adc.timeoffset =
-43.8424 -42.9159 -44.0547 -44.1703 -28.0362 -30.8502 -31.4896 -28.4344 -141.944 -43.4241 -48.0992 -19.8299 
-28.7862 -89.2163 -68.8416 -70.0855 -73.296 -75.3397 -73.5186 -71.7116 -68.9216 -68.0267 -81.4295 -86.0568 
-70.8354 -58.3407 -59.9149 -63.7397 -44.6451 -47.3585 -43.3395 -44.0706 -59.9181 -59.1705 -58.4558 -59.7001 
-34.0411 -64.6472 -66.0349 -64.1024 -50.9611 -51.9371 -51.1986 -51.214 -63.7678 -64.9758 -109.071 -63.4955 
-19.0002 -58.9841 -56.0315 -57.7603 -65.4054 -64.9848 -43.5513 -42.4873 -56.2801 -60.5441 -76.0456 -80.8277 
-53.9024 -59.5507 -58.7657 -57.6749 -61.5378 -66.0902 -46.6586 -43.7355 -59.3219 -58.0586 -77.219 -77.9553 
13.8052 -19.0825 -54.4662 -52.8414 -41.689 -39.2379 -43.4661 -42.4044 -58.1018 -56.5425 -57.1349 -59.0748 
-32.3896 -77.0182 -76.1186 -75.3869 -61.9799 -63.6246 -63.1557 -62.1349 -72.8257 -74.4938 -74.1257 -75.8197 
-11.1077 -56.735 -55.9722 -56.9784 -61.5873 -64.3837 -41.6438 -41.8786 -55.6276 -56.0579 -75.3819 -76.4524 
9.11999 -57.0817 -76.4514 -74.7119 -64.1858 -63.2679 -44.9282 -44.213 -75.4583 -74.0317 -76.5963 -128.692 
-88.7691 -58.5842 -58.0008 -57.7143 -66.0554 -64.8878 -46.4929 -46.3156 -58.4388 -57.9682 -74.8193 -77.1667 
-88.5767 -78.7936 -77.2891 -75.11 -45.8298 -46.1867 -64.3698 -63.9723 -76.6306 -76.2957 -58.7951 -58.8323 
-56.7408 -55.7736 -54.8123 -52.5033 -40.3972 -44.8165 -40.82 -40.7837 -56.0545 -54.8244 -58.6956 -58.911 
-12.5079 -55.7453 -58.2602 -55.7427 -47.3977 -44.7136 -47.8215 -45.4134 -57.9341 -56.4977 -59.8049 -59.6425 
-77.9304 -78.6671 -77.3735 -74.9504 -46.5675 -48.7201 -64.3946 -63.5132 -77.1221 -73.7234 -60.4698 -64.0869 
-61.3796 -59.9589 -59.994 -59.6713 -46.3052 -46.5884 -48.4951 -46.902 -58.3081 -59.2752 -59.4312 -62.6042 
-65.554 -59.8816 -58.0694 -57.8096 -42.8318 -49.6419 -43.8431 -42.3218 -58.5127 -55.7816 -58.6842 -49.5135 
-59.8565 -57.9367 -64.4972 -57.2467 -47.6142 -48.8797 -47.7644 -45.1858 -59.2374 -58.5567 -61.285 -58.1377 
-56.1952 -54.7949 -59.7561 -56.0301 -45.4251 -44.869 -45.1663 -45.6573 -57.2023 -56.063 -59.5523 -56.6297 
-12.0894 -61.0967 -59.4858 -58.8131 -44.4206 -46.2555 -46.6029 -42.5565 -58.2592 -59.9941 -56.1793 -57.3552 
-58.1457 -56.5792 -59.4923 -55.9582 -61.8426 -69.836 -44.9339 -43.7244 -57.7054 -55.5513 -71.8189 -76.8129 
-78.608 -59.0982 -62.1108 -60.6237 -67.7923 -70.6343 -49.7676 -47.6302 -59.4608 -59.8008 -79.9878 -80.2937 
243.765 -60.7946 -60.2029 -59.9195 -66.2254 -68.8806 -45.2914 -45.8579 -58.7681 -58.8374 -75.2443 -79.1358 
-78.177 -18.0422 -8.18648 -79.6396 -67.2626 -67.7544 -63.4993 -59.5903 -77.1282 -76.2643 -76.0644 -82.7905 



