#HCal TDC offsets obtained 12_12_2023 for gmn config 8
#Offsets obtained from fits over TDC distributions.

sbs.hcal.tdc.offset =
-677.983 -677.25 -682.545 -681.236 -800.509 -778.513 -762.44 -792.248 -691.072 -691.617 -660.94 -732.205 
-661.342 -669.192 -685.56 -674.185 -794.389 -770.962 -791.342 -815.12 -655.253 -666.855 -714.977 -668.251 
-708.801 -701.778 -688.922 -675.374 -802.172 -791.955 -808.697 -811.509 -658.94 -669.256 -700.259 -689.764 
-677.233 -614.042 -668.05 -672.414 -776.546 -778.838 -765.166 -761.59 -655.497 -642.206 -658.651 -692.268 
-369.644 -652.649 -656.153 -661.404 -737.792 -759.005 -766.002 -773.753 -657.558 -645.53 -648.335 -641.425 
-958.489 -740.093 -615.446 -689.064 -498.161 -746.309 -1051.99 -796.08 -670.649 -675.034 -374.196 -618.72 
-1032.14 -762.91 -684.734 -733.097 -823.614 -809.941 -803.751 -817.073 -675.909 -689.124 -687.055 -624.332 
-750.451 -735.737 -658.235 -696.901 -791.984 -799.064 -801.074 -814.147 -709.629 -685.839 -709.547 -769.476 
-598.824 -697.937 -693.824 -682.62 -791.235 -786.821 -803.991 -810.069 -687.233 -678.449 -694.166 -669.079 
-704.739 -691.259 -696.617 -697.327 -782.179 -787.702 -795.502 -797.655 -685.145 -708.922 -698.754 -681.311 
-671.834 -675.617 -682.046 -688.68 -758.918 -785.614 -784.505 -788.077 -684.232 -692.812 -728.442 -659.272 
-734.614 -637.219 -684.485 -684.207 -779.243 -782.08 -789.603 -800.802 -675.981 -682.061 -674.757 -710.577 
-339.366 -700.571 -675.417 -670.07 -799.301 -774.711 -777.141 -773.043 -643.734 -655.369 -657.619 -639.186 
-865.982 -702.365 -637.649 -660.065 -731.088 -756.111 -743.129 -760.974 -649.993 -657.761 -634.017 -647.122 
-700.55 -627.437 -631.039 -678.739 -755.737 -745.266 -761.743 -770.381 -659.974 -701.581 -655.248 -653.534 
-353.822 -654.451 -917.309 -631.408 -764.6 -773.261 -477.63 -754.646 -923.779 -639.147 -654.785 -687.124 
-579.17 -683.693 -690.204 -667.485 -788.255 -750.213 -776.385 -801.521 -658.022 -673.479 -658.161 -659.768 
-822.799 -862.948 -784.94 -842.028 -730.315 -740.031 -908.498 -925.276 -804.369 -828.843 -623.9 -647.644 
-647.619 -633.987 -604.56 -685.082 -910.154 -896.677 -745.533 -746.158 -640.747 -646.066 -790.164 -840.902 
-584.295 -672.687 -631.495 -626.749 -915.244 -914.834 -738.561 -766.091 -642.352 -627.117 -806.754 -785.572 
-645.406 -690.716 -220.312 -1055.4 -426.737 -1356.85 -760.107 -763.306 -651.391 -652.259 -799.299 -810.325 
-683.902 -635.128 -643.309 -649.574 -755.434 -742.033 -735.588 -770.993 -644.216 -648.819 -644.324 -618.663 
-604.639 -663.25 -650.304 -651.802 -754.941 -726.513 -759.05 -754.316 -626.286 -620.758 -624.653 -587.972 
-704.885 -911.429 -696.255 -679.451 -705.847 -774.359 -868.317 -923.673 -630.106 -640.261 -660.618 -619.718 



