#HCal TDC offsets obtained 2_5_2024 for gmn config 14
#Offsets obtained from fits over TDC distributions.

sbs.hcal.tdc.offset =
-592.613 -602.687 -595.205 -591.858 -721.706 -701.269 -679.449 -708.11 -605.32 -600.548 -562.097 -607.632 
-585.855 -593.113 -597.439 -583.901 -702.995 -694.814 -714.069 -742.949 -583.927 -588.168 -619.23 -621.819 
-588.17 -620.449 -596.599 -589.842 -715.438 -706.53 -724.342 -726.536 -579.571 -588.617 -614.244 -602.853 
-569.506 -567.533 -565.391 -583.916 -691.198 -690.419 -679.21 -680.582 -571.897 -555.162 -576.97 -587.442 
-567.598 -570.479 -575.458 -568.016 -644.902 -673.549 -676.284 -681.423 -566.131 -556.317 -568.629 -565.03 
-588.004 -594.084 -587.663 -593.796 -677.486 -654.493 -693.894 -704.644 -581.395 -581.576 -556.319 -546.161 
-633.625 -681.165 -636.904 -649.624 -743.584 -743.53 -709.906 -728.235 -587.411 -594.787 -595.992 -533.051 
-597.155 -611.104 -612.637 -619.571 -715.974 -722.76 -724.958 -733.072 -623.836 -604.737 -613.862 -609.726 
-593.448 -606.717 -614.44 -604.827 -714.934 -711.842 -728.702 -728.324 -598.888 -589.325 -599.943 -583.728 
-617.035 -612.758 -612.531 -617.24 -701.49 -705.604 -717.266 -714.974 -601.802 -622.369 -599.113 -583.052 
-570.149 -605.632 -595.98 -604.807 -676.186 -697.986 -697.362 -700.19 -597.968 -596.194 -618.152 -608.429 
-584.988 -591.334 -601.039 -604.807 -691.741 -697.482 -703.445 -713.213 -592.767 -593.848 -580.27 -580.727 
-570.476 -587.285 -593.47 -594.895 -721.467 -697.747 -698.395 -692.178 -562.222 -572.564 -566.209 -560.876 
-556.065 -579.183 -561.726 -583.619 -653.603 -682.665 -663.592 -682.145 -572.431 -573.384 -537.42 -557.166 
-595.967 -577.25 -574.263 -585.925 -672.022 -662.353 -678.545 -683.141 -572.849 -620.146 -573.632 -560.988 
-550.362 -571.78 -549.518 -551.715 -677.476 -684.512 -655.418 -664.04 -566.843 -551.738 -576.497 -566.756 
-562.926 -583.704 -578.405 -580.08 -696.365 -660.119 -685.067 -709.558 -572.962 -589.31 -561.79 -592.351 
-748.579 -755.998 -716.334 -752.91 -651.533 -654.389 -824.263 -841.262 -726.753 -749.551 -545.238 -554.648 
-566.829 -593.705 -552.484 -583.089 -833.06 -825.027 -673.353 -672.656 -569.27 -570.557 -717.285 -728.577 
-569.261 -565.225 -567.827 -567.127 -836.163 -843.358 -669.111 -696.64 -566.254 -547.096 -741.28 -719.229 
-583.612 -573.991 -165.795 -569.905 -824.428 -821.468 -680.856 -685.217 -576.542 -574.226 -736.755 -719.708 
-595.702 -596.543 -562.565 -566.888 -671.26 -654.048 -644.814 -691.341 -569.441 -577.523 -570.964 -568.792 
-577.888 -548.867 -551.955 -561.99 -664.618 -645.836 -679.231 -678.556 -549.649 -558.469 -564.202 -546.197 
-719.429 -727.163 -572.739 -584.808 -664.041 -652.954 -834.098 -856.815 -564.659 -574.603 -568.218 -556.24 



