#HCal ADCt offsets obtained 2_6_2024 for gmn config 9
#Offsets obtained from fits over ADCt distributions.

sbs.hcal.adc.timeoffset =
28.1185 39.0969 27.7482 26.3938 42.8652 40.8945 40.4269 43.5326 32.1046 28.6931 4.17677 -43.6539 
28.146 26.8857 46.0216 45.1996 42.9896 40.5414 42.5303 44.0796 46.8696 48.1369 34.3617 9.94421 
33.4982 49.064 46.2483 43.9446 62.6692 60.0312 63.9846 63.5168 47.3397 48.7891 48.3456 48.6612 
45.2365 45.9098 44.9547 46.9786 61.0307 60.0937 60.5786 60.3025 47.5288 46.1122 47.2235 50.2152 
47.9373 44.4239 48.3014 46.9889 40.1119 41.0457 62.5662 63.4604 49.0084 47.6803 28.9282 -22.7272 
43.4674 43.8758 44.8507 46.8438 41.7318 38.6257 58.68 62.3799 48.0507 49.1558 27.799 -28.0372 
46.6943 47.1909 48.131 50.0562 60.9527 63.9996 59.6532 62.304 46.8526 48.3591 45.4524 9.83674 
24.9166 25.2393 26.6686 26.7407 40.3559 39.276 39.9416 41.2528 30.8595 29.0801 28.7701 -31.0969 
47.6834 44.5685 47.6501 46.8599 42.1758 40.0538 62.9125 62.7326 48.7827 48.6782 29.012 27.0306 
49.5019 47.9462 28.756 29.8595 41.3228 42.9616 61.5226 61.8272 30.3676 31.8933 28.9738 21.8323 
44.678 46.4233 47.8427 48.2678 40.4235 42.314 60.765 60.9158 48.8263 48.2433 30.2962 29.157 
26.1549 25.0331 28.8022 30.5173 60.461 60.9275 43.1407 43.4058 29.8539 30.2213 46.2083 44.5898 
46.8101 49.0542 50.6851 53.2533 65.5045 61.4114 65.6683 66.0315 50.719 51.2435 46.3916 46.9081 
44.0457 47.6971 47.2908 49.5265 58.7821 61.1643 58.5276 60.9057 48.1972 49.4513 46.5528 47.226 
26.4165 26.8955 28.8868 30.8957 60.0686 58.5335 42.8185 43.5599 30.2911 33.6943 46.2464 41.364 
42.3293 46.1329 46.6033 46.997 60.1941 60.2875 58.6626 60.2587 48.6538 47.603 47.8792 46.7002 
44.7987 45.5972 47.839 47.99 62.9009 56.5616 62.4544 63.585 47.4138 49.7606 46.3343 53.7673 
43.5739 46.6056 39.9825 47.1515 56.7061 55.3047 56.634 59.5339 45.639 46.6282 43.4515 36.1564 
45.4951 49.0981 45.3768 48.4603 58.304 59.3794 59.0564 58.2794 46.8248 47.858 44.2935 46.3324 
45.8826 43.6098 45.3927 46.2624 61.7801 59.8397 58.3553 61.99 46.883 45.4275 48.9359 76.8409 
47.1599 48.28 45.4281 49.2822 48.5961 40.2206 61.3746 62.1949 48.5129 50.2016 31.0532 25.1467 
47.1511 47.8263 44.3178 46.4077 39.5039 36.3039 56.3836 58.3996 46.8573 47.0047 28.4256 14.0621 
-253.499 44.7565 45.1485 45.4376 39.216 36.6429 59.6873 58.2425 44.5158 45.4826 27.0349 21.4532 
6.60779 28.7436 27.2461 26.6875 38.0088 36.8397 39.1042 41.9373 25.022 26.4299 27.6174 -45.6453 



(inverted) sbs.hcal.adc.timeoffset =
-69.0483 -78.1737 -69.1026 -67.9794 -52.1825 -55.8397 -56.6511 -53.6463 -67.3054 -68.7863 -53.6202 4.29729 
-68.0464 -69.9283 -48.3148 -49.9807 -54.1918 -55.8309 -54.1777 -52.1129 -49.3229 -48.8004 -61.8307 -46.6678 
-63.0244 -47.4585 -47.7912 -53.137 -33.6724 -36.4612 -32.3766 -33.371 -48.889 -48.8431 -46.9703 -49.7745 
-51.3716 -48.4268 -50.2472 -48.406 -36.1755 -37.1905 -36.1984 -35.9531 -48.2871 -49.2864 -48.0428 -50.4289 
-48.9325 -48.0742 -46.0466 -48.1917 -56.6049 -56.1599 -35.403 -34.1404 -47.2508 -47.9551 -66.7016 -17.0698 
-48.3572 -48.6616 -48.0664 -47.878 -52.9234 -56.5728 -37.1226 -34.7745 -49.3186 -47.5535 -67.8692 -13.5578 
-43.6427 -44.5239 -44.472 -43.1475 -34.0463 -30.7484 -35.0452 -33.209 -49.0891 -47.0854 -48.4699 -16.2237 
-68.709 -67.9833 -67.6134 -67.4617 -54.4888 -55.5227 -55.0403 -53.7467 -64.7301 -66.0791 -64.9479 -9.25008 
-48.7376 -49.3928 -47.5538 -48.776 -54.2632 -56.2768 -33.9883 -33.3836 -48.0304 -48.0359 -66.8748 -67.8948 
-47.7886 -48.8689 -68.418 -68.1759 -57.429 -56.1737 -37.2348 -36.5586 -67.6994 -66.3811 -68.8936 -61.8627 
-51.7161 -49.6394 -48.7153 -49.5872 -58.3199 -56.7327 -38.272 -38.2572 -50.2151 -49.6349 -66.7012 -68.3616 
-68.1579 -69.8689 -67.7042 -66.6273 -37.4474 -37.2273 -55.1165 -54.6083 -67.7377 -67.3819 -49.9639 -48.7165 
-44.2553 -45.9286 -45.6369 -44.7558 -31.9715 -36.847 -32.4629 -32.1913 -47.7385 -46.0085 -50.3516 -52.4529 
-51.2916 -48.8609 -49.7018 -48.7785 -39.2535 -36.8351 -39.6355 -37.2365 -50.2256 -48.1507 -52.0326 -51.4366 
-67.0367 -69.1747 -68.5788 -67.3659 -38.6506 -40.5571 -56.4547 -55.8181 -68.7269 -65.4083 -51.2383 -47.7893 
-52.5135 -50.4583 -50.9989 -50.6322 -38.6541 -38.3057 -40.2122 -37.9781 -49.0786 -49.8933 -50.5958 -53.7366 
-49.7023 -49.9838 -48.6013 -48.986 -33.8973 -40.5094 -34.2558 -32.0796 -48.7576 -46.1344 -49.2718 -55.9333 
-51.2364 -48.5802 -55.0782 -48.2658 -38.8193 -39.4865 -38.1136 -35.4053 -50.154 -49.3136 -51.2047 -39.3842 
-49.0808 -46.6879 -50.7702 -47.4121 -37.3488 -35.7516 -35.9736 -37.102 -48.7344 -48.0666 -51.1652 -48.2389 
-51.5953 -51.7598 -50.9765 -50.8913 -36.4565 -36.9101 -38.1663 -34.5848 -50.3964 -51.8684 -50.0467 -78.1636 
-49.442 -48.3038 -49.4465 -49.0781 -56.2301 -57.8787 -36.207 -35.0853 -49.1558 -47.4155 -68.0902 -60.2171 
-49.8051 -50.462 -52.9785 -52.0942 -58.3907 -60.7771 -40.5182 -38.2604 -50.461 -51.1607 -69.6684 -60.0875 
253.499 -52.8214 -52.0301 -51.7523 -56.9431 -59.4439 -35.3383 -36.5447 -50.9399 -50.0793 -67.4507 -67.9866 
-47.0872 -67.1394 -69.2043 -69.6563 -57.0928 -57.5765 -53.5968 -50.3574 -68.6848 -68.1975 -67.258 4.11331 



