#HCal ADCt offsets obtained 1_10_2024 for gen config 2
#Offsets obtained from fits over ADCt distributions.

sbs.hcal.adc.timeoffset =
113.798 116.142 114.833 114.907 131.587 128.814 128.366 131.499 118.757 114.879 108.261 112.062 
116.356 113.705 133.237 132.351 131.213 129.291 130.786 132.976 134.454 135.639 125.682 116.526 
106.159 136.158 134.919 131.551 151.44 148.645 153.027 152.429 135.359 135.62 135.512 132.924 
129.91 134.117 132.815 135.248 148.638 148.329 148.933 148.514 134.74 132.834 133.188 132.726 
133.859 132.911 136.764 135.194 128.232 129.693 150.589 151.789 137.105 134.653 115.419 112.686 
131.325 131.801 133.201 134.891 130.571 127.089 145.596 149.946 136.036 136.911 114.801 112.824 
134.167 133.628 136.736 138.664 149.389 152.862 148.083 150.251 134.51 135.478 132.175 128.749 
108.834 112.044 113.743 114.213 127.76 127.41 127.753 128.959 117.848 115.926 114.888 111.203 
132.75 130.32 134.033 133.066 128.525 127.384 150.203 149.834 135.408 134.647 114.472 112.096 
133.333 134.573 115.523 116.263 128.01 130.064 149.115 149.358 117.656 118.624 115.405 113.063 
128.275 132.783 135.402 135.166 127.238 129.83 148.419 148.541 136.318 135.635 117.123 114.291 
110.434 112.353 116.062 117.604 148.122 149.124 131.029 131.509 117.686 117.318 132.74 131.361 
132.424 136.542 137.868 142.084 153.417 150.099 153.383 153.104 137.615 138.793 132.292 130.338 
129.331 134.209 134.351 135.807 145.237 148.713 145.648 147.472 134.456 135.41 131.268 130.981 
110.853 113.148 115.598 116.912 145.954 144.387 129.121 129.74 116.846 119.924 131.918 129.683 
127.103 132.285 131.998 132.445 145.685 145.874 143.845 145.647 134.503 133.658 133.357 130.938 
130.363 132.147 133.299 133.758 148.933 142.078 148.41 150.195 133.733 136.443 133.248 132.176 
127.491 133.12 127.014 134.968 143.124 141.924 143.709 146.334 132.483 133.211 130.949 133.387 
132.097 135.241 131.265 134.9 144.681 146.622 145.539 144.793 133.142 133.777 130.613 132.651 
131.081 128.874 131.045 132.528 147.596 146.427 144.671 148.429 132.579 130.908 133.622 134.417 
132.79 134.564 132.947 135.507 135.023 125.677 147.42 147.652 133.841 135.768 115.628 117.94 
133.38 131.956 128.604 130.287 124.059 120.595 141.254 143.135 131.37 131.443 112.68 110.469 
52.376 128.22 129.079 129.599 123.882 121.325 145.589 144.32 129.561 130.238 112.761 108.607 
112.989 113.867 112.052 112.033 123.743 122.907 125.668 129.522 111.279 112.703 113.522 110.944 



(inverted) sbs.hcal.adc.timeoffset =
-22.66 -20.3161 -21.8107 -20.8772 -4.70473 -8.20513 -8.79507 -5.85781 -18.4115 -21.9754 -26.6281 -20.1553 
-20.5596 -23.2111 -2.27068 -2.49723 -5.20907 -9.10968 -6.51881 -3.92274 -2.46126 -1.27656 -10.5164 -20.3899 
-27.8613 -0.580639 -1.82034 -4.62022 13.7464 11.3416 15.329 14.0927 -1.61044 -0.552694 -0.112553 -1.29506 
-3.29457 -2.11453 -3.18439 -0.941788 12.3377 10.9271 11.3819 11.209 -1.24523 -2.56283 -0.988294 -0.910434 
0.412163 -3.44547 0.407735 -0.647526 -7.99302 -8.09164 13.3127 14.1353 -0.134135 -1.05955 -18.8941 -21.6044 
-4.509 -4.0327 -2.6332 -0.280173 -5.81165 -9.21259 9.43214 14.1119 -0.584945 0.44468 -20.8681 -21.0838 
1.57673 3.46105 1.95504 3.88354 14.129 16.6384 11.9519 14.8193 -1.01295 0.165994 -1.6673 -4.21789 
-21.6105 -22.8759 -21.1773 -21.0404 -7.26247 -8.61572 -7.81299 -6.52886 -16.9881 -18.874 -18.4347 -20.7048 
-2.47325 -4.90295 -1.19005 -2.15685 -6.86927 -8.96451 13.8483 13.7284 0.259702 -0.452993 -19.5621 -21.3379 
1.89416 -2.59705 -21.6472 -20.7067 -9.61032 -8.15324 10.9219 11.3903 -19.859 -18.2861 -21.3921 -21.7467 
-4.66131 -5.47969 -2.86089 -3.09679 -11.0707 -9.35513 9.04748 9.38006 -2.46681 -2.43349 -20.1237 -21.877 
-22.6826 -25.6843 -21.9752 -20.4327 9.37614 9.79807 -8.26871 -7.81638 -21.1598 -20.6034 -3.78543 -3.76583 
-1.59035 -0.988633 0.336867 4.55297 15.8868 10.9433 13.8213 14.8506 -0.675333 0.971478 -4.06349 -3.80569 
-4.73661 -2.58873 -2.44673 -0.991126 8.43977 9.50029 7.18435 9.28153 -2.79456 -1.47705 -4.01821 -4.46718 
-22.6994 -24.1186 -21.6681 -20.354 8.68747 7.12107 -9.67915 -8.95479 -21.3505 -17.9503 -4.52457 -5.67229 
-7.23857 -4.61417 -4.90107 -4.45457 8.78533 8.97503 6.94573 8.74803 -2.82304 -3.52248 -3.40606 -6.20074 
-5.02906 -4.27977 -3.12817 -2.66847 12.5065 5.65133 11.9837 13.7684 -2.69327 -0.876209 -3.99648 -4.62895 
-5.71111 -4.24081 -10.3476 -2.39301 5.76299 4.56309 6.34769 8.97269 -4.87781 -3.97799 -7.14683 -4.12976 
-6.14766 -1.0718 -5.0482 -1.4126 8.3684 10.3089 9.226 8.4801 -3.1712 -2.5355 -6.91573 -3.36517 
-5.46505 -7.7774 -5.6066 -4.1239 10.9443 9.7756 8.0191 11.7774 -4.073 -5.7431 -3.74149 -2.77975 
-5.39618 -2.65158 -4.26768 -1.70838 -2.19228 -11.5379 10.2048 10.4364 -3.37408 -1.44708 -21.5867 -19.4617 
-5.84541 -3.37168 -6.72308 -5.04038 -11.2683 -14.7326 5.92622 7.80732 -3.95768 -3.88498 -22.6478 -27.2383 
-82.3884 -7.19522 -6.33622 -5.81652 -11.5337 -14.0905 10.1736 8.90448 -5.85402 -5.17732 -22.6539 -26.8084 
-23.0177 -22.1395 -23.9554 -23.9738 -12.2644 -13.0999 -10.3389 -6.48456 -24.7284 -23.3035 -22.4854 -25.0633 



