#HCal TDC offsets obtained 1_10_2024 for gmn config 11
#Offsets obtained from fits over TDC distributions.

sbs.hcal.tdc.offset =
-854.285 -854.285 -849.731 -858.971 -985.673 -963.296 -942.624 -963.233 -855.07 -851.591 -820.184 -888.438 
-812.294 -812.294 -819.768 -812.665 -944.167 -929.288 -948.416 -969.241 -810.219 -809.831 -845.522 -798.593 
-834.624 -864.498 -838.892 -827.051 -958.119 -953.139 -975.034 -977.512 -828.391 -834.178 -858.956 -843.668 
-862.471 -823.398 -834.462 -851.404 -957.718 -961.334 -950.036 -950.835 -845.488 -831.761 -844.552 -871.176 
-580.375 -580.375 -577.801 -574.536 -654.497 -679.185 -685.031 -694.057 -578.836 -567.229 -566.354 -551.369 
-779.629 -908.416 -843.334 -857.98 -675.233 -655.244 -963.546 -976.586 -851.335 -852.749 -552.58 -518.093 
-915.114 -949.807 -905.546 -908.831 -1005.29 -995.127 -980.457 -1003.37 -868.783 -873.109 -870.543 -801.693 
-853.618 -908.177 -868.307 -870.059 -966.435 -975.176 -980.894 -994.262 -887.356 -866.976 -881.199 -943.114 
-848.239 -862.485 -867.642 -857.086 -966.866 -965.609 -979.952 -983.197 -859.113 -856.97 -875.502 -852.409 
-888.34 -874.731 -874.051 -877.047 -960.875 -968.194 -980.097 -979.25 -868.819 -892.21 -881.511 -846.924 
-861.522 -876.736 -865.615 -871.77 -940.026 -962.669 -966.367 -973.063 -866.106 -859.452 -909.449 -865.183 
-889.354 -853.14 -863.409 -865.112 -956.989 -963.021 -966.883 -978.574 -853.761 -853.64 -862.089 -886.812 
-557.01 -573.818 -576.118 -578.778 -706.106 -681.931 -683.146 -678.099 -552.331 -568.151 -559.261 -550.224 
-1029.47 -835.289 -817.438 -838.923 -910.171 -933.497 -916.933 -941.753 -836.482 -832.901 -795.068 -809.701 
-896.369 -846.219 -817.626 -840.452 -929.747 -922.652 -939.446 -946.525 -831.816 -879.482 -833.971 -728.76 
-537.08 -555.021 -813.345 -808.21 -935.787 -948.294 -647.272 -660.347 -825.731 -800.297 -831.002 -850.173 
-787.432 -822.959 -839.273 -840.845 -961.093 -919.927 -940.78 -971.154 -827.084 -843.563 -817.288 -789.551 
-992.761 -1026.76 -970.298 -1011.37 -906.176 -909.614 -1078.81 -1088.93 -980.479 -1002.05 -806.785 -837.484 
-846.722 -840.413 -778.554 -834.354 -1085.04 -1073.51 -922.86 -925.493 -821.249 -830.213 -970.803 -994.28 
-806.481 -839.073 -833.131 -818.135 -1092.35 -1095.54 -919.978 -947.123 -827.283 -807.21 -993.194 -977.959 
-817.042 -851.12 -420.616 -821.631 -602.042 -1070.14 -933.419 -939.355 -826.449 -833.697 -986.828 -988.337 
-882.845 -843.57 -806.807 -812.925 -919.558 -907.222 -902.824 -950.554 -826.928 -837.234 -836.562 -809.718 
-779.134 -779.134 -795.575 -811.591 -922.498 -902.688 -935.894 -938.7 -806.733 -817.998 -823.454 -809.985 
-868.683 -969.225 -850.377 -873.031 -908.507 -937.001 -1079.29 -1114.51 -827.995 -823.415 -833.415 -820.683 



