#HCal ADCt offsets obtained 12_12_2023 for gmn config 9
#Offsets obtained from fits over ADCt distributions.

sbs.hcal.adc.timeoffset =
27.9995 28.926 37.6431 27.9411 43.4564 40.7047 40.0121 45.1578 31.9298 29.5308 37.1504 33.8578 
-61.5476 26.6945 46.9738 45.3113 42.6603 41.1276 42.3757 44.437 46.9892 47.8841 36.1037 -29.7836 
16.1924 49.3764 47.8022 42.8591 63.4914 60.3054 64.2904 63.644 48.107 47.8688 49.5333 47.7563 
43.5705 47.3992 44.7274 47.2201 60.6329 60.4739 61.2439 61.0127 48.0362 46.4273 47.0008 47.6453 
49.2453 46.9072 47.4247 46.8494 39.6926 41.1092 62.5874 63.9716 50.0122 48.5909 29.1576 27.9911 
-5.63496 43.3512 44.8436 46.2395 42.0936 38.7554 58.7088 62.1677 48.3122 49.7833 28.3852 27.2809 
-5.16108 46.3685 47.9095 49.9951 60.3839 64.5136 60.0663 62.235 46.9956 48.8102 46.3942 45.1994 
-10.2683 25.4398 26.4848 27.1141 40.3704 39.6675 40.2731 41.5942 30.8337 29.6175 29.2652 27.9425 
4.54365 45.8571 47.273 46.9119 42.1931 40.442 62.9236 63.4784 48.7275 48.9631 29.6872 28.1361 
45.6269 48.2865 28.8825 29.7295 41.3944 43.1964 62.145 62.3927 30.9214 32.1903 29.5295 28.7964 
46.9452 46.6671 48.001 48.064 40.3838 42.6062 61.1676 61.2614 49.2716 49.0712 31.0144 29.0692 
26.9611 24.9913 28.3901 30.4808 60.4725 61.1811 43.482 43.8923 30.3688 30.4804 47.1639 46.3737 
37.3146 46.9355 50.3887 52.6795 66.101 61.4171 66.1223 66.3634 50.9845 52.1611 46.878 46.0261 
35.389 47.1207 47.1075 49.2696 59.2951 61.6147 58.8892 61.3362 48.4573 50.2332 46.488 47.8901 
30.0824 25.5374 28.4541 30.8375 60.1863 58.7716 43.1942 43.9444 30.9812 34.0796 47.0297 45.7615 
48.601 45.3309 46.2978 47.3709 59.9009 60.8124 58.9702 61.0041 49.3332 48.2193 47.7544 45.8652 
45.7349 45.1889 47.852 48.0371 63.3306 56.8364 63.0078 64.468 47.4841 50.119 46.535 46.831 
46.2647 46.2575 40.3906 47.2709 56.896 56.0379 56.9379 59.6562 45.4018 46.6064 44.3404 46.6252 
39.8291 48.8275 45.2978 48.8155 58.623 59.9258 59.3693 58.349 46.9132 47.9986 44.4268 47.5812 
33.2951 44.7706 44.9063 46.038 61.6267 60.844 58.7399 62.3208 46.8121 45.6072 48.5081 48.7885 
75.4608 48.3454 46.3761 47.8366 45.809 44.0876 62.0675 62.7682 48.7578 50.667 30.3268 31.0797 
20.2269 46.9376 44.8682 46.173 40.2233 37.3241 56.8778 58.9456 46.7195 46.7783 28.6798 26.7807 
-250.951 44.2938 45.3562 45.7781 40.1839 36.9037 60.4803 58.644 44.3945 45.5629 27.2087 20.9845 
29.2336 -7.23817 27.1927 27.0506 38.912 37.5609 40.072 42.4034 24.4694 26.2038 27.595 26.0557 



(inverted) sbs.hcal.adc.timeoffset =
-68.9293 -68.0028 -78.9975 -69.5267 -52.7737 -55.6499 -56.2363 -55.2715 -67.1306 -69.624 -86.5938 -73.2144 
21.6472 -69.7371 -49.267 -50.0924 -53.8625 -56.4171 -54.023 -52.4703 -49.4424 -48.5476 -63.5727 -6.94 
-45.7186 -47.7709 -49.345 -52.0515 -34.4946 -36.7354 -32.6824 -33.4982 -49.6562 -47.9227 -48.158 -48.8696 
-49.7055 -49.9161 -50.0199 -48.6475 -35.7777 -37.5707 -36.8637 -36.6633 -48.7945 -49.6015 -47.8201 -47.859 
-50.2404 -50.5575 -45.1699 -48.0523 -56.1856 -56.2234 -35.4242 -34.6516 -48.2546 -48.8657 -66.931 -67.7881 
0.745142 -48.1369 -48.0593 -47.2737 -53.2852 -56.7025 -37.1514 -34.5623 -49.58 -48.1809 -68.4554 -68.8759 
8.21268 -43.7015 -44.2505 -43.0864 -33.4775 -31.2624 -35.4583 -33.14 -49.232 -47.5366 -49.4117 -51.5864 
-33.5241 -68.1838 -67.4296 -67.8351 -54.5034 -55.9142 -55.3718 -54.0881 -64.7043 -66.6165 -65.443 -68.2895 
-5.59789 -50.6814 -47.1767 -48.828 -54.2804 -56.6649 -33.9994 -34.1294 -47.9752 -48.3208 -67.55 -69.0003 
-43.9137 -49.2091 -68.5445 -68.0459 -57.5006 -56.4085 -37.8572 -37.1241 -68.2532 -66.6781 -69.4493 -68.8268 
-53.9833 -49.8833 -48.8736 -49.3834 -58.2801 -57.025 -38.6746 -38.6028 -50.6604 -50.4628 -67.4194 -68.2738 
-68.9641 -69.8271 -67.2921 -66.5908 -37.4589 -37.4809 -55.4579 -55.0948 -68.2526 -67.641 -50.9195 -50.5003 
-34.7598 -43.8099 -45.3406 -44.1821 -32.568 -36.8527 -32.9169 -32.5232 -48.004 -46.9262 -50.838 -51.5709 
-42.6349 -48.2845 -49.5185 -48.5217 -39.7665 -37.2855 -39.9972 -37.667 -50.4857 -48.9326 -51.9678 -52.1006 
-70.7026 -67.8166 -68.1461 -67.3077 -38.7683 -40.7951 -56.8303 -56.2026 -69.417 -65.7936 -52.0215 -52.1867 
-58.7852 -49.6563 -50.6933 -51.0061 -38.3609 -38.8306 -40.5198 -38.7235 -49.758 -50.5096 -50.4711 -52.9016 
-50.6385 -49.5755 -48.6143 -49.033 -34.327 -40.7842 -34.8092 -32.9626 -48.8278 -46.4929 -49.4725 -48.997 
-53.9272 -48.2321 -55.4863 -48.3852 -39.0092 -40.2197 -38.4175 -35.5276 -49.9167 -49.2917 -52.0935 -49.8531 
-43.4147 -46.4173 -50.6913 -47.7673 -37.6678 -36.298 -36.2865 -37.1716 -48.8229 -48.2073 -51.2985 -49.4877 
-39.0078 -52.9206 -50.4902 -50.6669 -36.3031 -37.9144 -38.5509 -34.9156 -50.3254 -52.0481 -49.619 -50.1113 
-77.7429 -48.3691 -50.3945 -47.6326 -53.4431 -61.7458 -36.8999 -35.6586 -49.4007 -47.8808 -67.3638 -66.1501 
-22.881 -49.5732 -53.5289 -51.8595 -59.1101 -61.7973 -41.0124 -38.8064 -50.3232 -50.9343 -69.9226 -72.8061 
250.951 -52.3587 -52.2378 -52.0928 -57.911 -59.7047 -36.1313 -36.9462 -50.8187 -50.1596 -67.6245 -67.5179 
-69.713 -31.1576 -69.1509 -70.0194 -57.9961 -58.2977 -54.5645 -50.8235 -68.1322 -67.9714 -67.2356 -67.5877 



