#HCal TDC offsets obtained 2_6_2024 for gmn config 4
#Offsets obtained from fits over TDC distributions.

sbs.hcal.tdc.offset =
-907.326 -923.595 -911.138 -915.756 -1046.31 -1026.56 -1012.37 -1036.73 -927.662 -920.227 -888.004 -923.059 
-893.021 -912.31 -914.216 -901.788 -1029.78 -1016.85 -1037.15 -1065.3 -909.693 -909.28 -933.804 -938.236 
-902.214 -931.262 -913.742 -906.463 -1037.07 -1029.07 -1060.34 -1055.43 -902.659 -911.532 -938.21 -924.699 
-877.561 -883.641 -886.95 -904.183 -1012.31 -1014.54 -1001.05 -1001.64 -895.6 -883.864 -902.108 -909.025 
-609.559 -614.166 -628.455 -622.797 -702.238 -728.318 -734.302 -741.75 -625.496 -616.474 -620.791 -616.041 
-903.48 -910.751 -903.598 -916.931 -734.723 -712.979 -1019.53 -1034.54 -910.675 -909.691 -617.189 -604.09 
-956.043 -947.78 -954.381 -958.272 -1064.5 -1055.09 -1032.55 -1053.26 -913.885 -923.363 -924.881 -912.44 
-910.725 -928.933 -928.351 -932.565 -1029.83 -1034.48 -1040.64 -1053.73 -947.069 -929.086 -942.296 -926.435 
-911.15 -920.154 -925.169 -917.928 -1031.13 -1027.5 -1049.07 -1047.72 -923.939 -919.504 -932.02 -913.812 
-933.503 -928.565 -929.782 -935.681 -1020.97 -1026.59 -1038.24 -1037.37 -922.994 -947.136 -930.101 -909.705 
-888.771 -924.219 -915.346 -927.804 -1001.02 -1024.13 -1024.31 -1026.95 -925.205 -923.915 -935.344 -928.38 
-904.207 -908.081 -920.236 -924.746 -1018.43 -1025.28 -1031.06 -1039.62 -915.81 -917.609 -907.297 -899.145 
-633.826 -629.673 -632.129 -652.264 -768.763 -752.648 -752.407 -746.596 -616.008 -627.506 -619.952 -612.962 
-864.459 -887.279 -874.326 -899.415 -970.48 -1002.8 -984.231 -1004.65 -895.49 -897 -862.001 -876.052 
-906.776 -892.799 -893.003 -904.969 -996.021 -986.316 -1002.9 -1010.65 -897.686 -937.975 -893.823 -879.002 
-594.79 -618.088 -869.205 -871.158 -1001.73 -1010.38 -715.513 -725.727 -890.007 -876.018 -897.906 -885.2 
-875.393 -898.684 -897.302 -900.476 -1023.44 -988.705 -1015.37 -1036.86 -891.984 -909.75 -879.128 -910.783 
-1056.17 -1073.09 -1031.42 -1068.84 -971.816 -975.832 -1147.02 -1161.68 -1042.84 -1065.14 -863.125 -867.299 
-874.529 -908.797 -865.345 -896.254 -1146.79 -1138.26 -985.194 -983.306 -878.364 -879.883 -1031.43 -1045.9 
-870.521 -874.376 -880.66 -881.733 -1159.29 -1154.8 -981.302 -1005.98 -879.123 -862.907 -1049.67 -1036.04 
-893.64 -886.111 -389.984 -886.633 -663.672 -1136.76 -998.602 -1002.6 -889.768 -886.345 -1051.85 -1034.06 
-904.864 -912.176 -876.917 -883.339 -992.09 -974.909 -965.426 -1008.03 -887.694 -893.011 -889.982 -884.786 
-838.93 -865.322 -867.181 -877.441 -982.777 -965.901 -996.03 -993.835 -866.039 -878.111 -883.458 -863.86 
-1035.66 -1043.18 -884.705 -900.128 -980.383 -966.589 -1143.16 -1167.93 -878.903 -893.454 -888.48 -874.38 



