#HCal TDC offsets obtained 1_10_2024 for gmn config 11
#Offsets obtained from fits over TDC distributions.

sbs.hcal.tdc.offset =
652.873 652.873 657.427 648.187 521.485 543.862 564.534 543.925 652.088 655.567 686.974 618.72 
-493.141 -493.141 -500.615 -493.512 -625.014 -610.135 -629.263 -650.088 -491.066 -490.678 -526.369 -479.44 
-201.831 -231.705 -206.099 -194.258 -325.326 -320.346 -342.241 -344.719 -195.598 -201.385 -226.163 -210.875 
257.135 296.208 285.144 268.202 161.888 158.272 169.57 168.771 274.118 287.845 275.054 248.43 
567.905 567.905 570.479 573.744 493.783 469.095 463.249 454.223 569.444 581.051 581.926 596.911 
-589.323 229.541 294.623 279.977 462.723 482.713 174.411 161.371 286.622 285.208 585.376 619.863 
216.537 181.844 226.105 222.82 126.361 136.524 151.194 128.279 268.697 258.542 261.108 329.958 
283.617 229.058 268.928 267.176 170.8 162.059 156.341 142.973 247.348 270.259 256.036 194.121 
-573.42 -587.666 -592.823 -582.267 -692.047 -688.49 -705.636 -711.191 -591.333 -586.121 -600.683 -577.59 
-619.751 -606.142 -605.462 -608.458 -692.286 -699.226 -709.353 -710.679 -599.486 -623.621 -612.922 -599.827 
-600.653 -615.867 -604.746 -610.901 -679.157 -701.8 -701.864 -705.4 -602.657 -607.804 -648.58 -604.314 
-620.161 -583.947 -594.216 -595.919 -687.796 -692.327 -698.091 -709.381 -585.617 -588.058 -580.32 -617.619 
-554.203 -571.011 -573.311 -575.971 -703.299 -680.19 -682.382 -678.091 -549.144 -558.291 -555.606 -539.823 
-500.606 -563.824 -545.973 -567.458 -638.706 -665.708 -649.085 -668.088 -556.071 -557.966 -532.825 -553.944 
-627.681 -577.531 -548.938 -571.764 -661.236 -652.041 -668.068 -676.826 -567.954 -610.794 -564.762 -559.594 
-263.368 -281.308 -539.632 -534.497 -662.074 -671.487 -375.998 -384.368 -551.619 -535.497 -550.848 -576.46 
-513.991 -549.518 -565.832 -567.404 -687.652 -650.585 -673.843 -697.713 -555.443 -568.551 -551.468 -566.234 
-723.064 -757.067 -700.601 -741.677 -636.479 -639.917 -808.437 -825.144 -707.799 -732.35 -530.768 -555.413 
-579.964 -573.655 -511.796 -567.596 -818.286 -806.748 -653.203 -655.061 -554.491 -560.955 -710.189 -759.451 
-531.107 -563.699 -557.757 -542.761 -816.977 -820.17 -644.604 -671.749 -549.161 -538.256 -722.016 -697.95 
307.15 273.072 703.576 302.561 522.15 54.0531 190.773 184.837 294.168 290.495 137.364 134.976 
-615.339 -576.064 -539.301 -545.419 -652.052 -639.716 -637.776 -683.048 -563.204 -569.728 -565.922 -542.212 
-508.763 -508.763 -525.204 -541.22 -652.127 -632.317 -665.523 -668.329 -547.509 -550.83 -546.845 -501.306 
-610.529 -711.071 -592.223 -614.877 -650.353 -678.847 -821.138 -846.28 -556.14 -565.261 -580.874 -561.691 



