#HCal ADCt offsets obtained 12_12_2023 for gmn config 11
#Offsets obtained from fits over ADCt distributions.

sbs.hcal.adc.timeoffset =
85.3973 86.3238 85.185 85.0694 101.204 98.3896 97.7501 100.805 88.2618 85.8156 81.1405 86.1839 
41.4479 31.9377 52.3124 51.0684 47.8579 45.8142 47.6353 49.4423 52.2324 53.1272 39.7245 35.0972 
4.20985 6.34665 4.77248 0.9477 20.0423 17.3289 21.3479 20.6168 4.76927 5.5169 6.23154 4.98725 
14.1513 54.8656 53.4778 55.4104 68.5517 67.5757 68.3142 68.2988 55.7449 54.537 55.7144 56.0172 
42.1185 56.9933 59.9459 58.217 50.572 51.2614 72.4001 73.4785 59.6973 58.6811 39.9318 38.92 
56.9577 57.0097 57.7947 58.8855 53.8068 50.429 70.1813 73.2053 58.7686 60.2037 39.3675 38.6051 
-3.20177 59.9926 60.4887 62.1135 72.1124 75.2848 70.9632 73.2067 57.5409 59.296 57.1504 55.4657 
26.1264 37.8476 38.7472 38.8591 52.1531 51.0962 51.6702 52.9726 42.2843 40.7201 41.1307 39.0461 
57.708 55.823 58.2833 57.2771 52.1915 50.1237 72.6972 72.9096 58.6113 58.5563 39.3037 37.803 
58.4148 57.0968 37.7272 38.4 49.5051 50.9521 69.7021 70.1925 38.8923 40.3143 37.5983 37.543 
54.2106 56.1216 57.2933 57.0699 48.7815 50.5203 68.9762 69.059 57.0353 57.0338 39.5272 38.1274 
37.9466 36.5302 39.4971 40.8931 70.4549 70.7982 52.9602 53.3469 40.0062 40.3678 57.0703 56.8848 
60.6259 60.9113 61.8726 63.5972 76.115 71.6307 75.9512 76.2686 60.8387 61.966 57.3685 56.5761 
55.5586 58.5996 57.976 59.5555 68.9458 71.3461 68.6275 71.0161 58.1673 59.8318 56.4416 57.0763 
38.3046 37.4751 38.7687 40.3796 69.3237 67.6029 51.7966 52.4856 39.3968 42.7577 56.1188 55.4021 
54.1795 57.1089 57.0738 57.454 70.0416 70.2625 68.4968 70.4119 59.0592 58.1264 57.9132 55.7534 
56.4303 56.6888 58.501 58.3841 73.3839 66.9082 72.9814 74.6348 58.2102 60.6952 57.4133 57.7991 
55.1482 57.9921 51.4316 58.4223 67.9228 66.8885 68.2396 71.0437 56.722 57.6368 55.1029 57.3655 
56.7871 59.785 55.8832 59.104 69.0575 70.3938 70.1213 69.1686 57.6251 58.4756 55.1441 57.6267 
55.1509 53.9322 55.2153 55.6928 70.669 69.472 68.1017 71.7098 56.2506 54.7868 57.4518 57.3459 
57.261 58.3901 56.3928 58.504 54.585 49.5729 70.9858 71.9568 58.0806 59.7951 39.8835 40.8668 
57.0586 57.0678 54.0553 55.5424 48.9422 46.149 66.3183 68.4552 56.5838 56.3076 37.7642 35.3729 
-267.471 53.2273 53.8189 54.1024 48.3962 45.8593 69.4343 68.1087 54.0477 54.9614 37.0519 33.9931 
38.2537 39.2955 37.5143 37.009 48.9513 48.125 51.2471 54.2833 36.662 37.6096 38.6731 37.7274 



(inverted) sbs.hcal.adc.timeoffset =
-126.327 -125.401 -126.539 -126.655 -110.521 -113.335 -113.974 -110.919 -123.463 -125.909 -130.584 -125.541 
-81.3483 -74.9803 -54.6056 -55.8495 -59.0601 -61.1038 -59.2827 -57.4756 -54.6856 -53.7908 -67.1935 -71.8208 
-33.736 -4.74113 -6.3153 -10.1401 8.95451 6.24111 10.2601 9.52901 -6.31851 -5.57088 -4.85624 -6.10053 
-20.2863 -57.3825 -58.7703 -56.8377 -43.6965 -44.6725 -43.934 -43.9494 -56.5032 -57.7112 -56.5337 -56.2309 
-43.1137 -60.6436 -57.691 -59.4199 -67.0649 -66.3756 -45.2369 -44.1585 -57.9397 -58.9559 -77.7052 -78.717 
-61.8475 -61.7955 -61.0104 -59.9197 -64.9984 -68.3761 -48.6239 -45.5999 -60.0365 -58.6014 -79.4377 -80.2001 
6.25337 -57.3257 -56.8297 -55.2048 -45.206 -42.0336 -46.3552 -44.1117 -59.7774 -58.0223 -60.1679 -61.8526 
-69.9188 -80.5916 -79.692 -79.5801 -66.286 -67.3429 -66.7689 -65.4665 -76.1549 -77.7191 -77.3085 -79.3931 
-58.7623 -60.6473 -58.187 -59.1932 -64.2788 -66.3466 -43.773 -43.5606 -57.859 -57.914 -77.1665 -78.6672 
-56.7015 -58.0195 -77.3892 -76.7164 -65.6113 -64.1642 -45.4143 -44.9239 -76.2241 -74.8021 -77.5181 -77.5734 
-61.2487 -59.3377 -58.166 -58.3894 -66.6778 -64.939 -46.4832 -46.4004 -58.424 -58.4255 -75.9322 -77.332 
-79.9496 -81.366 -78.3991 -77.0031 -47.4413 -47.098 -64.936 -64.5494 -77.89 -77.5284 -60.8259 -61.0114 
-58.0711 -57.7857 -56.8244 -55.0998 -42.582 -47.0663 -42.7458 -42.4284 -57.8582 -56.731 -61.3285 -62.1209 
-62.8045 -59.7634 -60.3871 -58.8075 -49.4172 -47.0169 -49.7355 -47.3469 -60.1957 -58.5312 -61.9214 -61.2868 
-78.9248 -79.7543 -78.4607 -76.8498 -47.9057 -49.6265 -65.4327 -64.7438 -77.8326 -74.4717 -61.1106 -61.8273 
-64.3637 -61.4342 -61.4693 -61.0892 -48.5016 -48.2807 -50.0464 -48.1313 -59.484 -60.4167 -60.6299 -62.7898 
-61.3339 -61.0754 -59.2632 -59.3801 -44.3803 -50.856 -44.7828 -43.1294 -59.554 -57.069 -60.3509 -59.9651 
-62.8107 -59.9668 -66.5273 -59.5366 -50.0361 -51.0703 -49.7193 -46.9151 -61.2369 -60.3221 -62.856 -60.5934 
-60.3727 -57.3748 -61.2766 -58.0558 -48.1023 -46.766 -47.0385 -47.9912 -59.5347 -58.6843 -62.0158 -59.5332 
-60.8636 -62.0823 -60.7992 -60.3217 -45.3454 -46.5424 -47.9127 -44.3046 -59.7639 -61.2277 -58.5626 -58.6686 
-59.5431 -58.4139 -60.4112 -58.3 -62.219 -67.2311 -45.8182 -44.8472 -58.7234 -57.0089 -76.9205 -75.9372 
-59.7126 -59.7034 -62.716 -61.2289 -67.829 -70.6222 -50.4529 -48.316 -60.1875 -60.4636 -79.007 -81.3983 
267.471 -61.2922 -60.7006 -60.4171 -66.1233 -68.6603 -45.0853 -46.4109 -60.4718 -59.5581 -77.4677 -80.5265 
-78.7331 -77.6913 -79.4725 -79.9778 -68.0354 -68.8618 -65.7396 -62.7034 -80.3248 -79.3772 -78.3137 -79.2594 



