#HCal ADCt offsets obtained 12_15_2023 for gmn config 11
#Offsets obtained from fits over ADCt distributions.

sbs.hcal.adc.timeoffset =
-7.74605 -6.81955 -7.95835 -8.07395 8.06021 5.24623 4.60675 7.66201 -4.88155 -7.32775 -12.0028 -6.95945 
43.8769 42.3058 62.6805 61.4366 58.2261 56.1824 58.0035 59.8105 62.6005 63.4954 50.0926 45.4653 
46.4297 61.9955 60.4214 56.5966 75.6912 72.9778 76.9968 76.2657 60.4182 61.1658 61.8804 60.6361 
59.1049 60.9139 59.5261 61.4587 74.6 73.624 74.3625 74.3471 61.7932 60.5853 61.7627 62.0655 
54.8524 53.5248 56.4774 54.7485 47.1035 47.7929 68.9316 70.01 56.2288 55.2126 36.4633 35.4515 
59.6649 59.717 60.502 61.5927 56.514 53.1363 72.8885 75.9125 61.4759 62.911 42.0747 41.3123 
63.4532 63.2609 63.7569 65.3817 75.3806 78.553 74.2314 76.4749 60.8092 62.5642 60.4187 58.7339 
20.7579 41.3815 42.2811 42.393 55.687 54.6301 55.2041 56.5065 45.8182 44.254 44.6646 42.58 
62.5952 60.7102 63.1705 62.1643 57.0786 55.0109 77.5844 77.7968 63.4985 63.4435 44.1909 42.6902 
63.7636 62.4456 43.076 43.7488 54.8539 56.3009 75.0509 75.612 44.4142 45.3275 42.5041 42.8918 
59.5558 61.4668 62.6385 62.4151 54.1267 55.8655 74.5648 74.5703 62.3996 62.1716 44.8723 43.4725 
42.7762 41.3598 44.3267 45.7227 75.2845 75.6278 57.709 58.4489 45.0124 45.1974 62.0361 61.4042 
35.8867 65.7755 66.7368 68.4614 80.9792 76.4949 80.8154 81.3025 65.8795 66.6902 62.2327 60.8028 
-30.4444 63.2247 62.6011 64.1806 73.5709 75.9712 73.2526 75.4232 62.6178 64.505 59.9173 59.9056 
42.2806 42.2829 43.5765 45.1874 74.1315 72.4107 56.5803 57.5171 44.3062 47.8095 60.9266 59.8824 
56.6036 61.5205 61.4854 61.8656 74.4532 74.6741 72.9084 74.961 63.6257 62.913 62.6228 61.0929 
37.9834 61.5399 63.3521 63.2353 78.235 71.7593 77.8325 80.5463 63.9331 66.0166 62.3758 61.9934 
58.2302 62.8535 56.2929 63.2836 72.7842 71.7499 73.101 75.7493 62.1379 62.9118 59.5878 61.2611 
63.0854 64.3186 60.4168 63.6376 73.5911 74.9274 74.6549 73.7284 62.7115 62.6031 58.7369 60.9461 
60.2793 59.3647 60.6478 61.1253 76.1016 74.9046 73.5343 77.1424 61.6831 60.2193 62.8843 62.7784 
62.2874 63.6583 61.661 63.7722 59.8532 54.8411 76.254 77.225 63.3488 65.0633 45.1517 45.8145 
63.2174 62.0109 58.9983 60.4854 53.8853 51.0921 71.2614 73.3983 61.5268 61.2507 43.4468 40.316 
-267.471 58.692 59.2837 59.5671 53.861 51.324 74.899 73.5734 59.5124 60.4262 42.5166 40.0643 
42.0821 43.2937 41.5125 41.0072 52.9495 52.1232 55.2453 58.2815 40.6602 41.6078 42.6713 40.037 



(inverted) sbs.hcal.adc.timeoffset =
-33.1838 -32.2573 -33.3961 -33.5117 -17.3775 -20.1915 -20.831 -17.7757 -30.3193 -32.7655 -37.4406 -32.3972 
-83.7773 -85.3484 -64.9738 -66.2177 -69.4282 -71.4719 -69.6508 -67.8438 -65.0537 -64.1589 -77.5616 -82.1889 
-75.9559 -60.39 -61.9642 -65.789 -46.6944 -49.4078 -45.3888 -46.1199 -61.9674 -61.2198 -60.5051 -61.7494 
-65.2399 -63.4309 -64.8186 -62.8861 -49.7448 -50.7208 -49.9823 -49.9977 -62.5515 -63.7595 -62.582 -62.2792 
-55.8475 -57.1751 -54.2225 -55.9514 -63.5964 -62.9071 -41.7684 -40.69 -54.4712 -55.4874 -74.2367 -75.2485 
-64.5547 -64.5027 -63.7177 -62.6269 -67.7056 -71.0834 -51.3311 -48.3071 -62.7438 -61.3087 -82.1449 -82.9073 
-60.4016 -60.5939 -60.0979 -58.4731 -48.4742 -45.3018 -49.6234 -47.3799 -63.0456 -61.2906 -63.4362 -65.1209 
-64.5503 -84.1255 -83.2259 -83.114 -69.82 -70.8768 -70.3028 -69.0004 -79.6888 -81.253 -80.8424 -82.927 
-63.6494 -65.5345 -63.0742 -64.0803 -69.166 -71.2338 -48.6602 -48.4478 -62.7462 -62.8012 -82.0537 -83.5544 
-62.0503 -63.3683 -82.738 -82.0652 -70.9601 -69.513 -50.7631 -50.3434 -81.746 -79.8153 -82.4239 -82.9222 
-66.5939 -64.6829 -63.5112 -63.7346 -72.023 -70.2842 -52.0718 -51.9117 -63.7884 -63.5632 -81.2773 -82.6771 
-84.7792 -86.1956 -83.2287 -81.8327 -52.2709 -51.9276 -69.6848 -69.6514 -82.8962 -82.358 -65.7918 -65.5308 
-33.3318 -62.6499 -61.6886 -59.964 -47.4462 -51.9305 -47.61 -47.4623 -62.899 -61.4553 -66.1927 -66.3475 
23.1984 -64.3885 -65.0121 -63.4326 -54.0423 -51.642 -54.3606 -51.754 -64.6462 -63.2044 -65.3971 -64.1162 
-82.9008 -84.5621 -83.2685 -81.6576 -52.7135 -54.4343 -70.2165 -69.7753 -82.742 -79.5235 -65.9184 -66.3076 
-66.7878 -65.8458 -65.8809 -65.5008 -52.9132 -52.6923 -54.458 -52.6804 -64.0505 -65.2033 -65.3394 -68.1292 
-42.8871 -65.9265 -64.1144 -64.2312 -49.2314 -55.7071 -49.6339 -49.0409 -65.2768 -62.3905 -65.3133 -64.1594 
-65.8927 -64.8281 -71.3886 -64.3979 -54.8974 -55.9317 -54.5806 -51.6207 -66.6529 -65.5972 -67.341 -64.489 
-66.671 -61.9084 -65.8102 -62.5894 -52.6359 -51.2996 -51.5721 -52.551 -64.6212 -62.8118 -65.6086 -62.8526 
-65.992 -67.5148 -66.2317 -65.7542 -50.778 -51.975 -53.3453 -49.7372 -65.1964 -66.6602 -63.9952 -64.1011 
-64.5695 -63.6821 -65.6794 -63.5682 -67.4872 -72.4993 -51.0864 -50.1154 -63.9916 -62.2771 -82.1887 -80.8849 
-65.8714 -64.6465 -67.659 -66.1719 -72.7721 -75.5653 -55.396 -53.2591 -65.1305 -65.4067 -84.6896 -86.3414 
267.471 -66.757 -66.1653 -65.8819 -71.5881 -74.125 -50.55 -51.8756 -65.9366 -65.0229 -82.9324 -86.5977 
-82.5615 -81.6895 -83.4707 -83.976 -72.0336 -72.86 -69.7378 -66.7016 -84.323 -83.3754 -82.3119 -81.569 



