#HCal TDC offsets obtained 12_12_2023 for gmn config 9
#Offsets obtained from fits over TDC distributions.

sbs.hcal.tdc.offset =
-392.228 -392.228 -387.674 -396.914 -523.616 -501.239 -480.567 -501.176 -393.013 -389.534 -358.127 -426.381 
-380.576 -380.576 -388.05 -380.947 -512.449 -497.57 -516.698 -537.523 -378.501 -378.113 -413.804 -366.875 
-392.228 -422.102 -396.496 -384.655 -515.723 -510.743 -532.638 -535.116 -385.995 -391.782 -416.56 -401.272 
-392.228 -353.155 -364.219 -381.161 -487.475 -491.091 -479.793 -480.592 -375.245 -361.518 -374.309 -400.933 
-99.4017 -99.4017 -96.8274 -93.5633 -173.524 -198.211 -204.057 -213.083 -97.8627 -86.2561 -85.3807 -70.396 
-372.693 -435.463 -370.381 -385.027 -202.28 -182.291 -490.593 -503.633 -378.382 -379.796 -79.6269 -45.1398 
105.131 70.4384 114.699 111.414 14.9554 25.1184 39.7884 16.8734 157.291 147.136 149.702 218.552 
-374.542 -429.101 -389.231 -390.983 -487.359 -496.1 -501.818 -515.186 -410.811 -387.9 -402.123 -464.038 
-365.369 -379.615 -384.772 -374.216 -483.996 -480.439 -497.585 -503.14 -383.282 -378.07 -392.632 -369.539 
-401.631 -388.022 -387.342 -390.338 -474.166 -481.106 -491.233 -492.559 -381.366 -405.501 -394.802 -381.707 
-381.608 -396.822 -385.701 -391.856 -460.112 -482.755 -482.819 -486.355 -383.612 -388.759 -429.535 -385.269 
-416.449 -380.235 -390.504 -392.207 -484.084 -488.615 -494.379 -505.669 -381.905 -384.346 -376.608 -413.907 
-91.3203 -108.129 -110.428 -113.089 -240.417 -217.307 -219.499 -215.209 -86.2617 -95.4079 -92.7236 -76.9405 
-299.965 -363.183 -345.332 -366.817 -438.065 -465.067 -448.444 -467.447 -355.43 -357.325 -332.184 -353.303 
-421.392 -371.242 -342.649 -365.475 -454.947 -445.752 -461.779 -470.537 -361.665 -404.505 -358.473 -353.305 
-65.234 -83.1747 -341.499 -336.364 -463.941 -473.354 -177.864 -186.234 -353.486 -337.364 -352.715 -378.327 
-310.613 -346.14 -362.454 -364.026 -484.274 -447.207 -470.465 -494.335 -352.065 -365.173 -348.09 -362.856 
-515.762 -549.765 -493.299 -534.375 -429.177 -432.615 -601.135 -617.842 -500.497 -525.048 -323.466 -348.111 
-368.436 -362.127 -300.268 -356.068 -606.758 -595.22 -441.675 -443.533 -342.963 -349.427 -498.661 -547.923 
-329.716 -362.308 -356.366 -341.37 -615.586 -618.779 -443.213 -470.358 -347.77 -336.865 -520.625 -496.559 
-352.139 -386.217 44.2874 -356.728 -137.139 -605.236 -468.516 -474.452 -365.121 -368.794 -521.925 -524.313 
-420.833 -381.558 -344.795 -350.913 -457.546 -445.21 -443.27 -488.542 -368.698 -375.222 -371.416 -347.706 
-314.264 -314.264 -330.705 -346.721 -457.628 -437.818 -471.024 -473.83 -353.01 -356.331 -352.346 -306.807 
582.695 482.153 601.001 578.347 542.871 514.377 372.086 346.944 637.084 627.963 612.35 631.533 



