#HCal ADCt offsets obtained 1_10_2024 for gmn config 7
#Offsets obtained from fits over ADCt distributions.

sbs.hcal.adc.timeoffset =
39.1244 40.0509 38.9121 38.7965 54.9307 52.1167 51.4772 54.5325 41.9889 39.5427 34.8676 39.911 
40.3982 38.5714 59.2017 57.9578 55.9025 54.1019 54.5247 56.3317 59.1218 60.1915 46.6139 3.60875 
45.1585 60.7243 59.1501 55.3254 74.42 71.7066 75.7256 74.9945 59.1469 59.9184 12.2354 59.3507 
67.1813 68.9903 67.6025 69.5351 82.6764 81.7004 82.4389 82.4235 69.8696 68.6617 69.8391 70.1419 
58.7462 57.4186 60.3712 58.6423 50.9973 51.6867 72.8254 73.9038 60.1226 59.1064 40.3571 39.3453 
57.5838 57.6358 58.4208 59.5116 54.4329 51.3198 70.8074 73.8314 59.3948 60.8299 39.9936 39.2312 
61.9867 61.7944 62.2904 63.9152 73.9141 77.0865 72.9946 75.9278 59.3427 61.0977 58.9522 57.2674 
38.3542 38.8784 39.778 39.8899 52.7174 52.6379 53.1231 54.6021 43.3151 41.7509 42.1615 40.0769 
59.1108 57.2257 59.686 58.6799 53.4127 51.6569 74.1 74.6482 60.014 59.959 40.7065 39.2058 
60.7627 59.4448 40.0751 40.7479 51.9935 53.8007 72.5347 72.2916 41.2402 42.6622 39.9462 39.8909 
56.8639 58.7749 59.9466 59.7232 51.9488 53.2127 71.7862 72.0072 59.6885 59.6871 42.1804 40.7806 
40.2168 38.8004 41.7673 42.3141 73.0322 73.3384 55.7489 55.9465 42.2764 42.638 59.3404 59.1549 
62.7968 63.0822 64.0435 65.7681 78.4305 74.4588 78.1004 78.8774 63.0096 64.1369 59.5394 58.747 
57.1153 60.1563 59.5327 61.1122 70.8865 73.055 70.0142 72.9153 59.724 61.3885 57.9984 58.633 
40.3693 39.5398 40.8334 42.4443 71.3861 69.7615 53.8812 54.8839 42.1323 44.8224 58.1835 57.4668 
56.0266 58.956 58.9209 59.3011 71.8786 72.2371 70.5319 72.4625 60.9062 59.9735 59.7603 57.6005 
58.6326 58.8911 60.7033 60.5865 74.9966 69.2209 75.3195 77.5666 61.5915 62.8975 59.6157 60.0014 
57.8496 60.6935 54.133 61.1237 70.3159 69.5373 71.5103 73.9771 60.0076 60.3382 57.8043 60.0669 
59.0727 62.0706 58.1688 61.3896 71.3431 73.3391 73.2303 71.5954 60.0516 60.7612 57.4297 59.9123 
57.8514 56.6328 57.9159 58.3934 73.3696 72.1726 70.8037 74.2697 58.9511 57.4874 60.1524 60.0464 
59.784 60.9132 58.9158 61.0271 57.108 52.096 73.5088 73.9307 60.6036 62.3181 42.4065 43.3898 
59.8758 59.885 56.8724 58.3595 51.7594 48.9662 69.1355 71.2724 59.4009 59.1248 40.5814 38.1901 
-239.234 56.9937 57.5853 57.8688 52.1626 49.6257 73.2007 71.8751 57.8141 58.7278 40.8183 37.7595 
39.9009 40.9427 39.1615 38.6562 50.5985 49.7722 52.8943 55.9026 38.3092 39.2568 40.3203 39.3746 



(inverted) sbs.hcal.adc.timeoffset =
-80.0542 -79.1277 -80.2665 -80.3821 -64.248 -67.062 -67.7014 -64.6462 -77.1897 -79.6359 -84.311 -79.2676 
-80.2986 -81.614 -61.495 -62.7389 -67.1046 -69.3914 -66.172 -64.365 -61.575 -60.855 -74.0829 -40.3323 
-74.6847 -59.1188 -60.693 -64.5178 -45.4232 -48.1366 -44.1176 -44.8487 -60.6962 -59.9724 -10.8601 -60.464 
-73.3163 -71.5073 -72.895 -70.9625 -57.8212 -58.7972 -58.0587 -58.0741 -70.6279 -71.8359 -70.6584 -70.3556 
-59.7413 -61.0689 -58.1163 -59.8452 -67.4902 -66.8009 -45.6622 -44.5838 -58.365 -59.3812 -78.1305 -79.1423 
-62.4736 -62.4216 -61.6365 -60.5458 -65.6245 -69.2669 -49.25 -46.226 -60.6626 -59.2275 -80.0638 -80.8262 
-58.9351 -59.1274 -58.6314 -57.0066 -47.0077 -43.8353 -48.3866 -46.8328 -61.5791 -59.8241 -61.9697 -63.6544 
-82.1466 -81.6224 -80.7228 -80.6109 -66.8503 -68.8846 -68.2218 -67.096 -77.1857 -78.7499 -78.3393 -80.4239 
-60.165 -62.05 -59.5897 -60.5959 -65.5 -67.8798 -45.1758 -45.2992 -59.2617 -59.3167 -78.5693 -80.07 
-59.0494 -60.3674 -79.7371 -79.0643 -68.0996 -67.0128 -48.2469 -47.023 -78.572 -77.15 -79.866 -79.9213 
-63.902 -61.991 -60.8192 -61.0426 -69.8452 -67.6315 -49.2932 -49.3486 -61.0773 -61.0787 -78.5854 -79.9852 
-82.2198 -83.6362 -80.6693 -78.4241 -50.0186 -49.6382 -67.7248 -67.149 -80.1602 -79.7986 -63.0961 -63.2816 
-60.242 -59.9566 -58.9953 -57.2707 -44.8975 -49.8944 -44.895 -45.0372 -60.0291 -58.9019 -63.4994 -64.2918 
-64.3612 -61.3202 -61.9438 -60.3643 -51.3579 -48.7258 -51.1222 -49.2461 -61.7525 -60.088 -63.4781 -62.8435 
-80.9895 -81.819 -80.5254 -78.9145 -49.9681 -51.7851 -67.5173 -67.1421 -80.5681 -76.5364 -63.1754 -63.8921 
-66.2108 -63.2813 -63.3164 -62.9363 -50.3386 -50.2553 -52.0815 -50.1819 -61.3311 -62.2638 -62.477 -64.6369 
-63.5362 -63.2777 -61.4656 -61.5824 -45.993 -53.1687 -47.1209 -46.0612 -62.9352 -59.2713 -62.5532 -62.1674 
-65.5121 -62.6681 -69.2287 -62.238 -52.4291 -53.7191 -52.9899 -49.8485 -64.5226 -63.0235 -65.5574 -63.2948 
-62.6583 -59.6604 -63.5622 -60.3414 -50.3879 -49.7113 -50.1475 -50.418 -61.9613 -60.9698 -64.3014 -61.8187 
-63.5642 -64.7828 -63.4997 -63.0222 -48.046 -49.243 -50.6147 -46.8645 -62.4645 -63.9283 -61.2632 -61.3692 
-62.0661 -60.9369 -62.9342 -60.823 -64.7421 -69.7541 -48.3412 -46.8211 -61.2465 -59.532 -79.4435 -78.4602 
-62.5298 -62.5206 -65.5331 -64.046 -70.6462 -73.4394 -53.2701 -51.1332 -63.0046 -63.2808 -81.8242 -84.2155 
239.234 -65.0586 -64.467 -64.1835 -69.8897 -72.4267 -48.8517 -50.1773 -64.2382 -63.3245 -81.2341 -84.2929 
-80.3803 -79.3385 -81.1197 -81.625 -69.6826 -70.509 -67.3868 -64.3227 -81.972 -81.0244 -79.9609 -80.9066 



