#HCal ADCt offsets obtained 12_12_2023 for gmn config 11
#Offsets obtained from fits over ADCt distributions.

sbs.hcal.adc.timeoffset =
-3.70141 -2.77491 -3.91371 -4.02931 12.1049 9.29087 8.65139 11.7067 -0.836908 -3.28311 -7.95821 -2.91481 
14.7016 41.6954 62.0701 60.8262 57.6157 55.572 57.3931 59.2001 61.9901 62.885 49.4822 44.8549 
-79.1715 8.77478 7.2006 3.37583 22.4704 19.757 23.776 23.0449 7.1974 7.94502 8.65966 7.41537 
54.5341 56.3431 54.9554 56.8879 70.0292 69.0532 69.7917 69.7763 57.2225 56.0145 57.1919 57.4947 
58.2638 56.9362 59.8888 58.1599 50.5149 51.2043 72.343 73.4214 59.6402 58.624 39.8747 38.8629 
56.5903 56.6423 57.4273 58.5181 53.4394 50.0616 69.8139 72.8379 58.4012 59.8363 39.0001 38.2377 
-3.62398 60.8929 61.389 63.0138 73.0127 76.1851 71.8635 74.107 58.4412 60.1963 58.0507 56.366 
-7.42772 39.2007 40.1003 40.2122 53.5063 52.4494 53.0234 -1.90187 43.7486 41.2385 41.0019 40.3992 
58.7485 58.4727 60.933 59.9269 54.8412 52.7734 74.897 75.5594 61.4925 60.9512 41.7142 40.4528 
57.2671 60.3793 41.0096 41.6824 52.7875 54.2346 72.1145 72.8631 42.7016 42.1642 40.1707 36.5774 
32.9838 59.5654 60.7372 60.5138 52.2253 -10.223 73.6178 72.3841 60.7692 60.3763 42.1642 41.5712 
35.9992 -22.7181 41.9263 43.3223 72.8841 73.4574 56.8272 57.1774 42.2239 41.8527 57.7887 59.0076 
60.4254 63.6579 64.6192 66.3439 78.8616 74.3773 82.2637 79.7922 63.5534 64.1508 57.7472 53.7089 
20.1716 60.7321 60.1084 61.688 71.0783 72.2919 70.3773 73.3739 59.9821 60.7915 56.8544 33.9706 
42.201 40.3785 41.6721 43.283 72.2271 70.5063 54.5501 55.3734 42.8065 45.4902 35.6498 56.5469 
-43.5359 59.2823 59.2472 59.6274 72.215 72.4359 70.7395 72.9629 60.9798 59.4329 59.6164 58.2714 
-34.3113 59.2996 61.1118 60.9949 75.9947 69.519 75.8381 77.4144 61.645 63.4515 59.89 60.3422 
55.2478 60.5212 53.9607 60.9514 70.4519 81.5824 70.7199 73.7642 59.8001 59.5645 57.4266 58.4497 
62.2601 62.3005 58.3987 61.6195 71.573 72.9093 72.6368 71.3372 59.8259 61.4889 58.8373 59.4788 
60.403 57.4385 58.7216 59.1991 74.1753 72.9783 71.608 75.9253 59.2993 58.955 60.1138 59.4087 
61.5961 62.2036 60.2063 62.3175 58.3984 53.3864 74.7993 75.7703 61.4752 62.8803 42.3909 45.0157 
62.031 59.7601 56.7476 58.2347 51.6345 48.8413 69.0106 71.2313 58.7239 59.5714 41.9932 40.5421 
-271.841 57.0229 57.6145 57.898 52.1918 49.6549 73.2299 71.9043 57.8433 56.1829 41.0586 41.3371 
40.1155 -4.5116 39.7352 39.2299 51.1723 50.3459 54.8196 137.199 36.9456 38.0325 40.894 39.2612 



(inverted) sbs.hcal.adc.timeoffset =
-37.2284 -36.3019 -37.4407 -37.5563 -21.4221 -24.2361 -24.8756 -21.8203 -34.3639 -36.8101 -41.4852 -36.4418 
-54.602 -84.738 -64.3634 -65.6073 -68.8178 -70.8615 -69.0404 -67.2334 -64.4433 -63.5485 -76.9512 -81.5785 
49.6453 -7.16925 -8.74343 -12.5682 6.52638 3.81298 7.83198 7.10088 -8.74663 -7.99901 -7.28437 -8.52866 
-60.6691 -58.8601 -60.2478 -58.3153 -45.174 -46.15 -45.4115 -45.4269 -57.9807 -59.1887 -58.0113 -57.7085 
-59.2589 -60.5865 -57.634 -59.3628 -67.0078 -66.3185 -45.1798 -44.1014 -57.8826 -58.8988 -77.6481 -78.6599 
-61.4801 -61.428 -60.643 -59.5523 -64.631 -68.0087 -48.2565 -45.2325 -59.6691 -58.234 -79.0703 -79.8327 
6.67558 -58.226 -57.73 -56.1051 -46.1063 -42.9339 -47.2555 -45.012 -60.6777 -58.9226 -61.0682 -62.7529 
-36.3647 -81.9447 -81.0451 -80.9332 -67.6392 -68.6961 -68.1221 -10.592 -77.6192 -78.2375 -77.1797 -80.7462 
-59.8027 -63.2971 -60.8367 -61.8429 -66.9286 -68.9964 -45.9728 -46.2104 -60.7402 -60.3089 -79.577 -81.317 
-55.5538 -61.3019 -80.6716 -79.9988 -68.8937 -67.4467 -47.8267 -47.5945 -80.0334 -76.652 -80.0905 -76.6078 
-40.0219 -62.7816 -61.6098 -61.8332 -70.1217 -4.19578 -51.1248 -49.7255 -62.1579 -61.768 -78.5692 -80.7758 
-78.0022 -22.1177 -80.8283 -79.4323 -49.8705 -49.7572 -68.803 -68.3799 -80.1077 -79.0133 -61.5444 -63.1343 
-57.8706 -60.5323 -59.5711 -57.8464 -45.3286 -49.8129 -49.0583 -45.952 -60.5729 -58.9159 -61.7072 -59.2537 
-27.4176 -61.8959 -62.5195 -60.94 -51.5497 -47.9627 -51.4853 -49.7047 -62.0105 -59.4909 -62.3342 -38.1811 
-82.8212 -82.6577 -81.3641 -79.7532 -50.8091 -52.5299 -68.1862 -67.6316 -81.2423 -77.2042 -40.6416 -62.9722 
33.3516 -63.6076 -63.6427 -63.2626 -50.675 -50.4541 -52.2891 -50.6823 -61.4047 -61.7232 -62.333 -65.3078 
29.4076 -63.6862 -61.874 -61.9909 -46.9911 -53.4668 -47.6395 -45.909 -62.9888 -59.8253 -62.8275 -62.5082 
-62.9103 -62.4958 -69.0564 -62.0657 -52.5652 -65.7642 -52.1996 -49.6356 -64.3151 -62.2498 -65.1798 -61.6775 
-65.8458 -59.8903 -63.7921 -60.5713 -50.6178 -49.2815 -49.554 -50.1598 -61.7355 -61.6975 -65.709 -61.3853 
-66.1157 -65.5886 -64.3055 -63.828 -48.8517 -50.0487 -51.419 -48.5201 -62.8127 -65.3959 -61.2247 -60.7315 
-63.8782 -62.2273 -64.2247 -62.1134 -66.0325 -71.0445 -49.6317 -48.6607 -62.118 -60.0941 -79.4279 -80.0861 
-64.6851 -62.3957 -65.4083 -63.9212 -70.5213 -73.3145 -53.1452 -51.0921 -62.3276 -63.7274 -83.236 -86.5675 
271.841 -65.0878 -64.4962 -64.2127 -69.9189 -72.4559 -48.8809 -50.2065 -64.2674 -60.7796 -81.4744 -87.8705 
-80.5949 -33.8842 -81.6934 -82.1987 -70.2564 -71.0827 -69.3122 -145.619 -80.6084 -79.8001 -80.5346 -80.7932 



