#HCal ADCt offsets obtained 12_12_2023 for gmn config 4
#Offsets obtained from fits over ADCt distributions.

sbs.hcal.adc.timeoffset =
29.9958 30.9223 29.7835 29.6679 44.5134 42.5402 42.2172 45.7856 33.5001 31.2404 24.8329 27.103 
29.8842 28.3131 48.6878 47.4438 43.8074 42.2879 43.5821 45.8094 48.6078 49.5026 37.199 31.4726 
34.1852 50.2845 48.7104 44.8856 64.0876 61.5062 65.7259 65.1369 48.8014 49.235 49.9704 48.9251 
46.2912 48.1002 46.7124 48.645 62.1531 61.139 62.0996 61.7742 48.8478 47.1633 47.8489 49.2518 
49.4325 48.1049 51.0575 49.3287 41.5448 42.6847 63.6973 64.9148 50.8795 49.5136 30.4306 30.0316 
47.6415 47.6935 48.4786 48.6192 44.5601 41.4677 60.8594 63.6942 49.3026 51.0329 29.7417 29.2889 
51.8987 51.7064 52.2024 53.8273 63.8855 67.6968 63.3573 64.8256 48.9917 50.7272 48.3803 45.4767 
27.669 29.4892 30.3888 30.2882 43.8515 43.2271 43.4857 44.4314 33.7082 32.1294 32.5297 30.6877 
51.1749 49.2898 51.7502 50.744 45.6979 43.9747 66.2776 67.2623 51.975 51.6657 31.5858 31.2699 
52.6688 51.3508 31.9811 32.2578 43.4403 45.5224 64.2571 64.7789 33.2553 34.2974 31.2682 31.7969 
48.0384 49.9494 51.1211 50.8977 42.3358 44.5522 62.9932 63.1223 51.1181 50.6834 31.7993 31.9551 
29.932 28.5156 31.4825 32.0505 62.3627 63.0283 45.1138 45.4118 31.7888 32.3813 47.9549 48.775 
51.9681 52.2535 53.2147 54.9394 67.0828 63.0839 67.7772 67.7931 52.3768 53.0789 48.4619 45.9704 
47.2928 50.3339 49.7103 51.2898 60.4321 63.0368 60.5436 62.7961 50.033 51.9173 47.423 48.5031 
28.0836 30.0913 31.3849 32.9958 62.0882 60.4907 44.6869 45.257 31.9115 35.3859 48.7349 47.0388 
43.465 48.906 48.8709 49.2511 61.3541 62.0384 60.0431 62.042 50.9769 50.0652 50.0637 47.4399 
47.7876 49.1176 50.9298 50.8129 65.2989 59.2429 65.2627 67.3524 50.8163 53.4665 49.7096 50.2924 
45.55 50.6052 44.0447 51.0354 58.9216 59.4469 60.8662 63.8938 49.5507 50.4658 47.6988 49.2268 
48.7731 52.6518 48.75 51.9708 61.6375 63.7652 63.439 62.6362 50.6209 51.0396 47.2819 49.1871 
43.8665 46.9018 48.1849 48.6624 63.6386 63.2293 61.6508 65.2015 49.9653 47.5383 49.3107 49.225 
49.1974 50.2287 48.2314 50.3426 46.4236 42.9946 63.6276 64.581 49.9105 51.0996 30.5635 31.0948 
47.0038 47.8994 44.8868 46.3739 39.7738 38.2895 57.5021 59.4612 47.555 46.6449 28.1346 25.9257 
-249.448 45.1177 45.7093 45.9928 40.2866 37.7496 61.3246 60.6077 45.2368 46.4028 28.8084 25.9774 
30.4673 31.5091 29.7279 29.2226 41.165 40.3386 43.2926 46.2971 28.5064 30.2158 30.8867 29.6359 



(inverted) sbs.hcal.adc.timeoffset =
-70.9256 -69.9991 -71.1379 -71.2535 -53.8307 -57.4855 -58.4414 -55.8993 -68.7009 -71.3336 -74.2763 -66.4596 
-69.7846 -71.3557 -50.981 -52.2249 -55.0095 -57.5774 -55.2294 -53.8427 -51.061 -50.1661 -64.668 -68.1962 
-63.7114 -48.679 -50.2532 -54.078 -35.0908 -37.9362 -34.1179 -34.9911 -50.3506 -49.289 -48.5951 -50.0384 
-52.4262 -50.6171 -52.0049 -50.0724 -37.2979 -38.2358 -37.7194 -37.4248 -49.6061 -50.3375 -48.6682 -49.4655 
-50.4277 -51.7553 -48.8027 -50.5315 -58.0377 -57.7989 -36.5341 -35.5948 -49.1219 -49.7885 -68.204 -69.8286 
-52.5313 -52.4793 -51.6943 -49.6534 -55.7517 -59.4148 -39.302 -36.0888 -50.5705 -49.4305 -69.8119 -70.8839 
-48.8471 -49.0395 -48.5434 -46.9186 -36.9791 -34.4456 -38.7493 -35.7306 -51.2282 -49.4535 -51.3978 -51.8637 
-71.4614 -72.2332 -71.3336 -71.0092 -57.9844 -59.4738 -58.5844 -56.9253 -67.5788 -69.1284 -68.7075 -71.0347 
-52.2291 -54.1142 -51.6539 -52.66 -57.7852 -60.1977 -37.3534 -37.9133 -51.2227 -51.0234 -69.4486 -72.1341 
-50.9555 -52.2735 -71.6431 -70.5742 -59.5465 -58.7345 -39.9693 -39.5103 -70.5871 -68.7852 -71.188 -71.8273 
-55.0765 -53.1655 -51.9938 -52.2172 -60.2321 -58.9709 -40.5002 -40.4637 -52.5069 -52.075 -68.2043 -71.1597 
-71.935 -73.3514 -70.3845 -68.1605 -39.3491 -39.3281 -57.0896 -56.6143 -69.6726 -69.5419 -51.7105 -52.9017 
-49.4132 -49.1278 -48.1666 -46.4419 -33.5498 -38.5195 -34.5718 -33.9529 -49.3963 -47.8439 -52.4219 -51.5152 
-54.5388 -51.4977 -52.1213 -50.5418 -40.9035 -38.7076 -41.6516 -39.1269 -52.0614 -50.6167 -52.9028 -52.7137 
-68.7038 -72.3705 -71.0769 -69.466 -40.6702 -42.5143 -58.323 -57.5152 -70.3473 -67.0999 -53.7268 -53.464 
-53.6492 -53.2314 -53.2665 -52.8863 -39.8141 -40.0566 -41.5927 -39.7614 -51.4017 -52.3555 -52.7803 -54.4763 
-52.6912 -53.5042 -51.692 -51.8089 -36.2953 -43.1907 -37.0641 -35.847 -52.1601 -49.8403 -52.6472 -52.4584 
-53.2125 -52.5798 -59.1404 -52.1497 -41.0348 -43.6287 -42.3458 -39.7652 -54.0657 -53.1512 -55.452 -52.4546 
-52.3588 -50.2416 -54.1434 -50.9226 -40.6823 -40.1374 -40.3562 -41.4588 -52.5305 -51.2482 -54.1536 -51.0936 
-49.5793 -55.0518 -53.7687 -53.2912 -38.315 -40.2997 -41.4618 -37.7963 -53.4787 -53.9791 -50.4216 -50.5477 
-51.4795 -50.2525 -52.2498 -50.1386 -54.0576 -60.6528 -38.46 -37.4714 -50.5533 -48.3134 -67.6005 -66.1652 
-49.6578 -50.535 -53.5475 -52.0604 -58.6606 -62.7627 -41.6367 -39.322 -51.1587 -50.8009 -69.3774 -71.9511 
249.448 -53.1826 -52.591 -52.3075 -58.0137 -60.5506 -36.9756 -38.9099 -51.6609 -50.9995 -69.2242 -72.5108 
-70.9467 -69.9049 -71.6861 -72.1914 -60.249 -61.0754 -57.7852 -54.7172 -72.1692 -71.9834 -70.5273 -71.1679 



