#HCal TDC offsets obtained 12_15_2023 for gmn config 11
#Offsets obtained from fits over TDC distributions.

sbs.hcal.tdc.offset =
-982.737 -982.737 -978.183 -987.423 -1114.13 -1091.75 -1071.08 -1091.69 -983.522 -980.043 -948.636 -1016.89 
-276.452 325.635 318.161 325.264 193.762 208.641 189.513 168.688 327.71 328.098 -886.315 339.336 
314.214 284.34 309.946 321.787 190.719 195.699 173.804 171.326 320.447 314.66 -897.232 305.17 
312.301 351.374 340.31 323.368 217.054 213.438 224.736 223.937 329.284 343.011 -649.264 -885.084 
-548.019 605.157 607.732 610.996 531.035 506.348 500.502 491.476 606.696 618.303 -555.432 634.163 
-841.069 -903.839 -838.757 -853.403 -670.657 -650.667 -958.969 -972.009 -846.758 -848.172 -548.003 -513.516 
-915.887 -950.58 -906.319 -909.604 -1006.06 -995.9 -981.23 -1004.15 -863.727 -873.882 -871.316 -802.466 
-850.329 -904.888 -865.018 -866.77 -963.146 -971.887 -977.605 -990.973 -886.598 -863.687 -877.91 -939.825 
-849.789 -864.035 -869.192 -858.636 -968.416 -964.859 -982.005 -987.56 -867.702 -862.49 -877.052 -853.959 
-889.74 -876.131 -875.451 -878.447 -962.275 -969.215 -979.342 -980.668 -869.475 -893.61 -882.911 -869.816 
-862.75 -877.964 -866.843 -872.998 -941.254 -963.897 -963.961 -967.497 -864.754 -869.901 -910.677 -866.411 
-888.919 -852.705 -862.974 -864.677 -956.554 -961.085 -966.849 -978.139 -854.375 -856.816 -849.078 -886.377 
-555.636 -572.444 -574.744 -577.404 -704.732 -681.623 -683.815 -679.524 -550.577 -559.724 -557.039 -541.256 
-772.512 -835.73 -817.879 -839.364 -910.612 -937.614 -920.991 -939.994 -827.977 -829.872 -804.731 -825.85 
-897.261 -847.111 -818.518 -841.344 -930.816 -921.621 -937.648 -946.406 -837.534 -880.374 -834.342 -829.174 
-537.095 -555.036 -813.36 -808.225 -935.802 -945.215 -649.725 -658.095 -825.347 -809.225 -824.576 -850.188 
-786.501 -822.028 -838.342 -839.914 -960.162 -923.095 -946.353 -970.223 -827.953 -841.061 -823.978 -838.744 
-989.625 -1023.63 -967.162 -1008.24 -903.04 -906.478 -1075 -1091.71 -974.36 -998.911 -797.329 -821.974 
-849.998 -843.689 -781.83 -837.63 -1088.32 -1076.78 -923.237 -925.095 -824.525 -830.989 -980.223 -1029.48 
-809.618 -842.21 -836.268 -821.272 -1095.49 -1098.68 -923.115 -950.26 -827.672 -816.767 -1000.53 -976.461 
-818.56 -852.638 -422.134 -823.149 -603.56 -1071.66 -934.937 -940.873 -831.542 -835.215 -988.346 -990.734 
-884.162 -844.887 -808.124 -814.242 -920.875 -908.539 -906.599 -951.871 -832.027 -838.551 -834.745 -811.035 
-778.582 -778.582 -795.023 -811.039 -921.946 -902.136 -935.342 -938.148 -817.328 -820.649 -816.664 -771.125 
-871.375 -971.917 -853.069 -875.723 -911.199 -939.693 -1081.98 -1107.13 -816.986 -826.107 -841.72 -822.537 



