#HCal ADCt offsets obtained 2_5_2024 for gmn config 14
#Offsets obtained from fits over ADCt distributions.

sbs.hcal.adc.timeoffset =
27.2958 28.2223 27.0835 26.9679 43.1021 40.2881 39.6486 42.7039 30.1603 27.7141 23.039 28.0824 
27.8105 26.2394 46.6141 45.3702 42.1597 40.116 41.9371 43.7441 46.5341 47.429 34.0262 29.3989 
32.9976 48.5635 46.9893 43.1645 62.2591 59.5457 63.5647 62.8336 46.9861 47.7337 48.4484 47.2041 
44.6932 46.5022 45.1145 47.047 60.1883 59.2123 59.9508 59.9354 47.3816 46.1736 47.3511 47.6539 
47.0388 45.7111 48.6637 46.9349 39.2898 39.9792 61.1179 62.1963 48.4151 47.3989 28.6496 27.6378 
45.2644 45.3164 46.1015 47.1922 42.1135 38.7358 58.488 61.512 47.0754 48.5105 27.6742 26.9118 
48.1864 47.9941 48.4901 50.1149 60.1138 63.2862 58.9646 61.2081 45.5424 47.2974 45.1518 43.4671 
23.9021 24.4263 25.3259 25.4378 38.7319 37.675 38.249 39.5514 28.863 27.2988 27.7094 25.6248 
45.391 43.506 45.9663 44.9601 39.8744 37.9545 60.3802 60.5926 46.2943 46.2393 26.9867 25.486 
47.2308 45.9129 26.5432 27.216 38.3211 40.8182 59.2721 59.0085 27.7083 29.1303 26.4143 26.359 
44.3416 46.2526 47.4244 47.201 39.056 40.6472 59.2491 59.19 47.1663 47.1649 29.6582 28.2584 
27.4763 26.0599 29.0268 30.4228 60.2415 60.7666 43.2803 42.8766 29.5359 29.8975 46.6 46.4145 
49.1539 49.4393 50.4005 52.1252 64.6429 60.1586 65.6557 64.7965 49.3667 50.4939 45.8965 45.1041 
43.8687 46.9098 46.2862 47.8657 57.256 59.5218 58.2234 59.3263 46.4775 48.142 44.7518 45.3864 
28.1006 27.2711 28.5647 30.1756 59.7235 57.7727 41.5927 42.2816 29.1928 32.5537 45.9148 45.1981 
43.5521 46.4815 46.4464 46.8266 59.4142 59.6351 57.8694 59.7845 48.4318 47.499 47.2859 45.126 
45.837 46.0955 47.9077 47.7908 62.7906 56.3149 62.3881 64.0415 47.6169 50.1019 46.82 47.2058 
43.9629 46.8069 40.2463 47.237 56.7376 55.7033 57.4597 60.2251 45.5367 46.4515 43.9176 46.1803 
44.0634 47.0613 43.1595 46.3803 56.3338 57.6701 57.3976 56.4449 44.9014 45.7519 42.4204 44.903 
43.8196 42.6009 43.884 44.3615 59.3378 58.1408 56.7705 60.3786 44.9193 43.4555 46.1205 46.0146 
46.7052 47.8344 45.8371 47.9483 44.0293 39.0172 60.4301 61.4011 47.5249 49.2394 29.3278 30.3111 
46.4337 46.4429 43.4304 44.9175 38.3173 35.5241 55.6934 57.8303 45.9589 45.6827 27.1393 24.748 
-243.765 43.7283 44.3199 44.6033 38.8972 36.3602 59.9352 58.6096 44.5486 45.4624 27.5528 24.494 
27.1323 28.1741 26.3929 25.8876 37.83 37.0036 40.1257 43.1619 25.5406 26.4882 27.5517 26.606 



(inverted) sbs.hcal.adc.timeoffset =
-68.2256 -67.2991 -68.4379 -68.5535 -52.4194 -55.2333 -55.8728 -52.8176 -65.3611 -67.8073 -72.4824 -67.439 
-67.7109 -69.282 -48.9074 -50.1513 -53.3618 -55.4055 -53.5844 -51.7774 -48.9873 -48.0925 -61.4952 -66.1225 
-62.5238 -46.958 -48.5321 -52.3569 -33.2623 -35.9757 -31.9567 -32.6878 -48.5353 -47.7877 -47.0731 -48.3174 
-50.8282 -49.0192 -50.407 -48.4744 -35.3331 -36.3091 -35.5706 -35.586 -48.1399 -49.3478 -48.1704 -47.8676 
-48.0339 -49.3615 -46.4089 -48.1377 -55.7828 -55.0934 -33.9547 -32.8763 -46.6575 -47.6737 -66.423 -67.4348 
-50.1542 -50.1022 -49.3172 -48.2264 -53.3051 -56.6829 -36.9306 -33.9066 -48.3432 -46.9081 -67.7444 -68.5068 
-45.1348 -45.3271 -44.8311 -43.2062 -33.2074 -30.035 -34.3566 -32.1131 -47.7788 -46.0238 -48.1693 -49.8541 
-67.6945 -67.1703 -66.2707 -66.1588 -52.8648 -53.9217 -53.3477 -52.0453 -62.7336 -64.2978 -63.8872 -65.9718 
-46.4452 -48.3303 -45.87 -46.8762 -51.9618 -54.1775 -31.456 -31.2436 -45.542 -45.597 -64.8495 -66.3502 
-45.5176 -46.8355 -66.2052 -65.5324 -54.4273 -54.0303 -34.9843 -33.7399 -65.0401 -63.6181 -66.3341 -66.3894 
-51.3797 -49.4687 -48.297 -48.5204 -56.9524 -55.066 -36.7561 -36.5314 -48.5551 -48.5565 -66.0632 -67.463 
-69.4793 -70.8957 -67.9288 -66.5328 -37.2279 -37.0664 -55.2561 -54.0791 -67.4197 -67.0581 -50.3556 -50.5411 
-46.599 -46.3136 -45.3524 -43.6277 -31.1099 -35.5942 -32.4503 -30.9563 -46.3862 -45.259 -49.8564 -50.6488 
-51.1147 -48.0736 -48.6972 -47.1177 -37.7274 -35.1926 -39.3314 -35.6571 -48.5059 -46.8414 -50.2316 -49.597 
-68.7208 -69.5503 -68.2567 -66.6458 -38.3055 -39.7963 -55.2288 -54.5398 -67.6286 -64.2677 -50.9066 -51.6233 
-53.7363 -50.8069 -50.842 -50.4618 -37.8742 -37.6533 -39.419 -37.5039 -48.8566 -49.7894 -50.0025 -52.1624 
-50.7406 -50.4821 -48.6699 -48.7868 -33.787 -40.2627 -34.1895 -32.5361 -48.9607 -46.4757 -49.7576 -49.3718 
-51.6254 -48.7815 -55.342 -48.3513 -38.8508 -39.8851 -38.9393 -36.0965 -50.0517 -49.1369 -51.6708 -49.4081 
-47.6491 -44.6512 -48.553 -45.3322 -35.3786 -34.0423 -34.3148 -35.2675 -46.8111 -45.9606 -49.2921 -46.8095 
-49.5323 -50.751 -49.4679 -48.9904 -34.0142 -35.2112 -36.5815 -32.9734 -48.4326 -49.8964 -47.2314 -47.3373 
-48.9873 -47.8582 -49.8555 -47.7443 -51.6633 -56.6754 -35.2625 -34.2915 -48.1677 -46.4532 -66.3648 -65.3815 
-49.0877 -49.0785 -52.0911 -50.604 -57.2041 -59.9973 -39.828 -37.6911 -49.5626 -49.8387 -68.3821 -70.7734 
243.765 -51.7932 -51.2015 -50.9181 -56.6243 -59.1612 -35.5862 -36.9118 -50.9728 -50.0591 -67.9686 -71.0274 
-67.6117 -66.5699 -68.3511 -68.8564 -56.914 -57.7404 -54.6183 -51.582 -69.2034 -68.2558 -67.1923 -68.138 



