#HCal TDC offsets obtained 12_12_2023 for gmn config 14
#Offsets obtained from fits over TDC distributions.

sbs.hcal.tdc.offset =
-607.597 -607.597 -603.043 -612.283 -738.985 -716.608 -695.936 -716.545 -608.382 -604.903 -573.496 -641.75 
-595.945 -595.945 -603.419 -596.316 -727.818 -712.939 -732.067 -752.892 -593.87 -593.482 -629.173 -582.244 
-607.597 -637.471 -611.865 -600.024 -731.092 -726.112 -748.007 -750.485 -601.364 -607.151 -631.929 -616.641 
-607.597 -568.524 -579.588 -596.53 -702.844 -706.46 -695.162 -695.961 -590.614 -576.887 -589.678 -616.302 
-314.771 -314.771 -312.196 -308.932 -388.893 -413.58 -419.426 -428.452 -313.232 -301.625 -300.75 -285.765 
179.369 116.599 181.681 167.035 349.781 369.771 61.4689 48.4289 173.68 172.266 472.435 506.922 
125.632 90.939 135.2 131.915 35.456 45.619 60.289 37.374 177.792 167.637 170.203 239.053 
176.563 122.004 161.874 160.122 63.7459 55.0049 49.2869 35.9189 140.294 163.205 148.982 87.0669 
191.956 177.71 172.553 183.109 73.3294 76.8864 59.7404 54.1854 174.043 179.255 164.693 187.786 
155.778 169.387 170.067 167.071 83.2431 76.3031 66.1761 64.8501 176.043 151.908 162.607 175.702 
181.319 166.105 177.226 171.071 102.815 80.1717 80.1077 76.5717 179.315 174.168 133.392 177.658 
155.196 191.41 181.141 179.438 87.5613 83.0303 77.2663 65.9763 189.74 187.299 195.037 157.738 
474.49 457.681 455.382 452.721 325.393 348.503 346.311 350.601 479.548 470.402 473.086 488.869 
265.04 201.822 219.673 198.188 126.94 99.9381 116.561 97.5581 209.575 207.68 232.821 211.702 
147.617 197.767 226.36 203.534 114.062 123.257 107.23 98.4719 207.344 164.504 210.536 215.704 
506.209 488.268 229.944 235.079 107.502 98.0894 393.579 385.209 217.957 234.079 218.728 193.116 
254.951 219.424 203.11 201.538 81.2901 118.357 95.0991 71.2291 213.499 200.391 217.474 202.708 
47.8587 13.8557 70.3217 29.2457 134.444 131.006 -37.5143 -54.2213 63.1237 38.5727 240.155 215.51 
203.011 209.32 271.179 215.379 -35.311 -23.773 129.772 127.914 228.484 222.02 72.786 23.524 
-545.085 -577.677 -571.735 -556.739 -830.955 -834.148 -658.582 -685.727 -563.139 -552.234 -735.994 -711.928 
-567.508 -601.586 -171.082 -572.097 -352.508 -820.605 -683.885 -689.821 -580.49 -584.163 -737.294 -739.682 
-636.202 -596.927 -560.164 -566.282 -672.915 -660.579 -658.639 -703.911 -584.067 -590.591 -586.785 -563.075 
-529.633 -529.633 -546.074 -562.09 -672.997 -653.187 -686.393 -689.199 -568.379 -571.7 -567.715 -522.176 
153.534 52.9918 171.84 149.186 113.71 85.2158 -57.0752 -82.2172 207.923 198.802 183.189 202.372 



