#HCal ADCt offsets obtained 12_12_2023 for gmn config 9
#Offsets obtained from fits over ADCt distributions.

sbs.hcal.adc.timeoffset =
28.2466 29.1731 28.0343 27.9187 44.0529 41.2389 40.5994 43.6547 31.1111 28.6649 23.9898 29.0332 
28.7613 27.1902 47.5649 46.321 43.1104 41.0667 42.8878 44.6949 47.4849 48.3798 34.977 30.3497 
33.9484 49.5143 47.9401 44.1153 63.2099 60.4965 64.5155 63.7844 47.9369 48.6845 49.3992 48.1549 
45.644 47.453 46.0653 47.9978 61.1391 60.1631 60.9016 60.8862 48.3324 47.1244 48.3019 48.6046 
48.2139 46.8863 49.8389 48.1101 40.465 41.1544 62.2931 63.3715 49.5903 48.5741 29.8248 28.813 
46.2666 46.3186 47.1036 48.1944 43.1157 39.738 59.4902 62.5142 48.0776 49.5127 28.6764 27.914 
46.5145 46.3221 46.8182 48.443 58.4419 61.6143 57.2927 59.5362 43.8704 45.6255 43.4799 41.7952 
26.8153 27.3395 28.2391 28.351 41.645 40.5882 41.1622 42.4646 31.7762 30.212 30.6226 28.538 
48.1844 46.2993 48.7597 47.7535 42.6678 40.6 63.1736 63.386 49.0877 49.0327 29.7801 28.2794 
49.5681 48.2502 28.8805 29.5533 40.6584 42.1055 60.8554 61.3458 30.0456 31.4676 28.7516 28.6963 
45.1924 47.1034 48.2752 48.0518 39.7633 41.5021 59.958 60.0408 48.0171 48.0157 30.509 29.1092 
27.71 26.2936 29.2605 30.6565 60.2183 60.5616 42.7236 43.1103 29.7696 30.1312 46.8337 46.6482 
49.9889 50.2743 51.2356 52.9602 65.478 60.9937 65.3142 65.6316 50.2018 51.329 46.7315 45.9391 
45.0885 48.1296 47.506 49.0855 58.4758 60.8761 58.1575 60.5461 47.6973 49.3618 45.9716 46.6062 
28.4014 27.5719 28.8655 30.4764 59.4205 57.6997 41.8934 42.5824 29.4936 32.8545 46.2156 45.4989 
43.6194 46.5488 46.5137 46.8939 59.4815 59.7024 57.9367 59.8518 48.4991 47.5663 47.3532 45.1933 
46.2597 46.5182 48.3304 48.2135 63.2133 56.7376 62.8108 64.4642 48.0396 50.5246 47.2427 47.6285 
44.8803 47.7242 41.1637 48.1544 57.6549 56.6206 57.9717 60.7758 46.454 47.3688 44.8349 47.0976 
46.9187 49.9166 46.0148 49.2356 59.1891 60.5254 60.2529 59.3002 47.7567 48.6072 45.2757 47.7583 
45.8551 44.6365 45.9196 46.3971 61.3733 60.1763 58.806 62.4141 46.9548 45.4911 48.1561 48.0501 
47.5705 48.6996 46.7023 48.8135 44.8945 39.8824 61.2953 62.2663 48.3901 50.1046 30.193 31.1763 
47.3845 47.3937 44.3812 45.8683 39.2681 36.4749 56.6442 58.7811 46.9097 46.6335 28.0901 25.6988 
-250.951 44.679 45.2707 45.5541 39.848 37.311 60.886 59.5604 45.4994 46.4132 28.5036 25.4448 
74.3456 75.3874 73.6062 73.1009 85.0433 84.2169 87.339 90.3753 72.7539 73.7015 74.765 73.8193 



(inverted) sbs.hcal.adc.timeoffset =
-69.1764 -68.2499 -69.3887 -69.5043 -53.3701 -56.1841 -56.8236 -53.7683 -66.3119 -68.7581 -73.4332 -68.3898 
-68.6617 -70.2328 -49.8581 -51.1021 -54.3126 -56.3563 -54.5352 -52.7282 -49.9381 -49.0433 -62.446 -67.0733 
-63.4746 -47.9087 -49.4829 -53.3077 -34.2131 -36.9265 -32.9075 -33.6386 -49.4861 -48.7385 -48.0239 -49.2681 
-51.779 -49.97 -51.3577 -49.4252 -36.2839 -37.2599 -36.5214 -36.5368 -49.0906 -50.2986 -49.1212 -48.8184 
-49.2091 -50.5367 -47.5841 -49.3129 -56.958 -56.2686 -35.1299 -34.0515 -47.8327 -48.8489 -67.5982 -68.61 
-51.1564 -51.1044 -50.3194 -49.2286 -54.3073 -57.6851 -37.9328 -34.9088 -49.3454 -47.9103 -68.7466 -69.509 
-43.4629 -43.6552 -43.1592 -41.5343 -31.5355 -28.3631 -32.6847 -30.4412 -46.1069 -44.3518 -46.4974 -48.1821 
-70.6077 -70.0835 -69.1839 -69.072 -55.778 -56.8349 -56.2609 -54.9585 -65.6468 -67.211 -66.8004 -68.885 
-49.2386 -51.1237 -48.6634 -49.6695 -54.7552 -56.823 -34.2494 -34.037 -48.3354 -48.3903 -67.6429 -69.1436 
-47.8549 -49.1728 -68.5425 -67.8697 -56.7646 -55.3176 -36.5676 -36.0772 -67.3774 -65.9554 -68.6714 -68.7267 
-52.2306 -50.3196 -49.1478 -49.3712 -57.6597 -55.9209 -37.465 -37.3822 -49.4059 -49.4073 -66.914 -68.3138 
-69.713 -71.1294 -68.1625 -66.7665 -37.2047 -36.8614 -54.6994 -54.3128 -67.6534 -67.2918 -50.5893 -50.7748 
-47.4341 -47.1487 -46.1874 -44.4628 -31.945 -36.4293 -32.1088 -31.7914 -47.2212 -46.094 -50.6915 -51.4839 
-52.3345 -49.2934 -49.917 -48.3375 -38.9472 -36.5469 -39.2655 -36.8769 -49.7257 -48.0612 -51.4514 -50.8168 
-69.0216 -69.8511 -68.5575 -66.9466 -38.0025 -39.7233 -55.5296 -54.8406 -67.9294 -64.5685 -51.2074 -51.9241 
-53.8036 -50.8742 -50.9093 -50.5291 -37.9415 -37.7206 -39.4863 -37.5712 -48.9239 -49.8567 -50.0698 -52.2297 
-51.1633 -50.9048 -49.0926 -49.2095 -34.2097 -40.6854 -34.6122 -32.9588 -49.3834 -46.8984 -50.1803 -49.7945 
-52.5427 -49.6988 -56.2593 -49.2686 -39.7681 -40.8024 -39.4513 -36.6472 -50.969 -50.0542 -52.5881 -50.3254 
-50.5043 -47.5064 -51.4082 -48.1874 -38.2339 -36.8976 -37.1701 -38.1228 -49.6663 -48.8158 -52.1474 -49.6648 
-51.5679 -52.7865 -51.5034 -51.0259 -36.0497 -37.2467 -38.617 -35.0089 -50.4682 -51.9319 -49.2669 -49.3729 
-49.8526 -48.7234 -50.7207 -48.6095 -52.5285 -57.5406 -36.1277 -35.1567 -49.0329 -47.3184 -67.23 -66.2467 
-50.0385 -50.0293 -53.0419 -51.5547 -58.1549 -60.9481 -40.7788 -38.6419 -50.5134 -50.7895 -69.3329 -71.7242 
250.951 -52.744 -52.1523 -51.8689 -57.5751 -60.112 -36.537 -37.8626 -51.9236 -51.0099 -68.9194 -71.9782 
-114.825 -113.783 -115.564 -116.07 -104.127 -104.954 -101.832 -98.7954 -116.417 -115.469 -114.406 -115.351 



