#HCal TDC offsets obtained 9_13_2023 for db tdc offset timestamp none and for tdc calib timestamp none
#Offsets obtained from fits over TDC distributions.
--------[ 2021-11-25 00:00:00 ]
sbs.hcal.tdc.offset =
-594.375 -540.803 -563.035 -596.773 -723.475 -703.386 -664.857 -685.466 -592.872 -582.752 -533.488 -626.24 
-573.794 -573.794 -572.34 -580.806 -669.953 -664.002 -692.059 -737.382 -578.36 -580.26 -633.808 -801.165 
-592.087 -621.961 -596.355 -568.945 -700.013 -686.104 -707.999 -710.477 -579.213 -567.143 -616.419 -601.131 
-549.732 -555.302 -564.078 -581.02 -671.765 -675.381 -655.154 -655.953 -559.535 -527.95 -549.67 -558.437 
-299.261 -533.692 -548.974 -536.782 -616.743 -398.071 -656.204 -674.159 -541.081 -286.115 -546.456 -549.329 
-583.768 -566.181 -563.599 -569.317 -672.285 -625.509 -665.954 -703.492 -571.6 -546.228 -279.486 -506.215 
-609.053 -331.246 -286.985 -629.556 -717.086 -706.923 -701.182 -715.168 -565.822 -575.977 -582.339 -575.989 
-567.76 -577.676 -589.09 -602.058 -689.506 -707.175 -701.677 -715.045 -610.67 -590.047 -595.341 -585.828 
-576.444 -579.474 -586.919 -574.075 -677.214 -680.298 -697.444 -696.358 -583.141 -562.36 -594.779 -571.686 
-601.49 -599.097 -589.489 -592.485 -685.241 -683.253 -684.451 -685.777 -574.584 -598.719 -588.02 -574.925 
-556.969 -590.04 -569.991 -585.074 -653.33 -693.83 -693.894 -686.214 -585.759 -581.977 -629.394 -585.128 
-573.953 -580.094 -592.651 -594.354 -677.302 -688.474 -694.238 -707.816 -584.052 -577.564 -576.467 -571.411 
-570.253 -569.204 -310.287 -574.164 -440.276 -669.454 -671.646 -676.284 -547.337 -556.484 -544.871 -564.802 
-528.897 -556.401 -529.622 -560.035 -640.212 -649.357 -641.662 -660.665 -557.577 -559.472 -516.474 -537.593 
-587.824 -573.389 -562.653 -565.334 -654.806 -645.611 -654.997 -672.684 -554.883 -267.366 -560.62 -564.38 
-265.093 -571.036 -534.717 -529.582 -666.088 -675.501 -377.723 -647.31 -555.633 -539.511 -572.719 -578.186 
-548.474 -575.072 -555.672 -575.101 -686.421 -649.354 -670.324 -694.194 -563.14 -567.32 -559.165 -573.931 
-753.623 -742.983 -713.303 -754.379 -640.252 -634.762 -812.21 -828.917 -720.501 -762.909 -534.541 -559.186 
-568.295 -582.131 -547.058 -567.143 -817.833 -797.367 -652.75 -654.608 -545.11 -542.645 -700.808 -714.355 
-567.577 -555.526 -540.656 -561.374 -826.661 -829.854 -654.288 -670.217 -549.917 -530.083 -731.7 -698.706 
-554.286 -561.578 -155.572 -558.875 -830.357 -807.383 -679.591 -667.67 -567.268 -562.012 -721.784 -699.674 
-587.265 -581.417 -564.799 -561.988 -659.693 -656.285 -627.56 -690.689 -544.059 -1318.44 -564.634 -558.781 
-569.982 -543.196 -532.852 -546.58 -657.487 -622.108 -673.171 -673.689 -528.371 -540.621 -536.636 -535.739 
-708.245 -710.572 -547.081 -603.162 -658.783 -651.563 -820.639 -836.853 -546.713 -573.691 -562.518 -534.407 




