#HCal TDC offsets obtained 9_5_2023 for db tdc offset timestamp none and for tdc calib timestamp none
#Offsets obtained from fits over TDC distributions.
--------[ 2022-01-12 00:00:00 ]
sbs.hcal.tdc.offset =
-1277.28 -1297.44 -1270.08 -1270.7 -1402.48 -1375.44 -1356.5 -1402.06 -1299.36 -1285.65 -1251.15 -1269.26 
-1261.04 -1279.67 -1276.35 -1258.45 -1376.35 -1361.89 -1384.85 -1400.56 -1267.38 -1270.04 -1296.06 -1329.18 
-1253.25 -1295 -1275.26 -1257.51 -1385.81 -1375.93 -1408.1 -1400.65 -1250.66 -1259.82 -1293.11 -1287.45 
-1212.93 -1252.82 -1243.44 -1258.27 -1363.57 -1349.58 -1343.64 -1347.86 -1244.41 -1233.6 -1255.26 -1256.36 
-1234.38 -1239.85 -1258.98 -1249.6 -1324.13 -1353.32 -1356.42 -1360.66 -1246.9 -1239.29 -1254.37 -1266.48 
-1281.97 -1222.06 -1273.76 -1276.91 -1361.66 -1336.39 -1373.42 -1388.05 -1266.16 -1243.97 -1248.31 -1268.79 
-1317.67 -1279.24 -1329.76 -1330.22 -1431.12 -1441.43 -1392.06 -1408.77 -1270.74 -1280.36 -1286.47 -1345.03 
-1288.61 -1266.53 -1302.62 -1306.8 -1401.26 -1404.21 -1407.97 -1416.34 -1309.23 -1299.98 -1308.41 -1234.36 
-1302.58 -1297.21 -1303.35 -1278.67 -1407.09 -1403.76 -1425.18 -1416.37 -1286.51 -1285.4 -1294.78 -1290.16 
-1306.87 -1304.7 -1289.66 -1309.49 -1394.73 -1398.79 -1411.13 -1407.55 -1289.69 -1317.38 -1295.06 -1270.27 
-1241.25 -1291.9 -1279.32 -1292.82 -1368.61 -1391.24 -1390.25 -1391.03 -1292.89 -1288.3 -1276.23 -1312.27 
-1239.36 -1275.65 -1283.17 -1279.69 -1378.54 -1387.48 -1393.46 -1399.87 -1280.3 -1282.66 -1271.31 -1227.66 
-1298.9 -1273.11 -1269.25 -1273.04 -1399.78 -1383.07 -1382.98 -1374.26 -1246.83 -1261.03 -1255.7 -1265.21 
-1280.1 -1257.34 -1241.5 -1266.51 -1333.96 -1368.84 -1348.76 -1369.08 -1265.9 -1270.13 -1231.88 -1238.91 
-1244.31 -1255.54 -1277.95 -1277.04 -1363.87 -1354.18 -1371.74 -1377.17 -1263.32 -1307.83 -1268.78 -1241.54 
-1235.98 -1263.99 -1221.48 -1240.25 -1364.97 -1373.31 -1346.75 -1358.7 -1259.16 -1246.57 -1281.65 -1229.63 
-1286.24 -1297.11 -1257.81 -1269.54 -1386.85 -1354.49 -1376.39 -1406.49 -1268.67 -1291.67 -1251.99 -1301.71 
-1455.82 -1434.34 -1406.7 -1437.73 -1344.88 -1349.32 -1522.68 -1535.98 -1420.7 -1443.83 -1244.96 -1227.58 
-1228.6 -1293.97 -1270.39 -1274 -1521.49 -1517.1 -1366.7 -1361.94 -1256.45 -1252.45 -1410.52 -1386.13 
-1275.48 -1228.56 -1247.83 -1249.31 -1533.3 -1531.41 -1358.09 -1374.8 -1252.4 -1233.4 -1427.19 -1424.13 
-1286.73 -1231.71 -8843.34 -1258.12 -822.274 -1510.76 -1369.48 -1369.25 -1256.81 -1247.76 -1427.24 -1381.69 
-1244.14 -1288.52 -1254.1 -1258.23 -1366.13 -1334.3 -1325.79 -1364.67 -1244.05 -1252.69 -1246.15 -1273.08 
-2158.36 -1257.63 -1245.65 -1246.84 -1341.57 -1328.53 -1356.17 -1350.28 -1213.37 -1230.32 -1244.99 -1263.06 
-1513.77 -1431.55 -1237.04 -1240.11 -1361.25 -1305.67 -1516.32 -1541.88 -1246.82 -1260.91 -1236.21 -1246.56 




