#HCal TDC offsets obtained 8_4_2023 for db tdc offset timestamp none and for tdc calib timestamp none
#Offsets obtained from fits over TDC distributions.
--------[ 2022-02-02 00:00:00 ]
sbs.hcal.tdc.offset =
-682.214 -684.288 -668.197 -674.167 -808.452 -774.163 -776.751 -779.973 -673.475 -681.977 -634.393 -684.704 
-669.644 -673.389 -677.198 -660.43 -789.135 -776.303 -790.829 -800.537 -648.824 -655.589 -679.065 -1069.95 
-662.411 -707.845 -672.575 -666.303 -794.807 -788.157 -797.524 -809.691 -655.523 -663.932 -690.59 -683.37 
-647.986 -655.642 -652.495 -669.525 -773.608 -776.73 -756.308 -750.833 -640.409 -649.105 -646.588 -666.97 
-651.888 -657.367 -667.776 -665.097 -742.47 -762.82 -746.808 -764.923 -639.545 -630.139 -636.201 -640.462 
-685.737 -681.333 -680.213 -691.072 -777.671 -754.752 -790.66 -788.776 -651.686 -668.329 -626.956 -623.982 
-726.244 -726.789 -734.193 -737.701 -830.609 -834.049 -804.995 -814.491 -674.652 -666.031 -668.398 -689.293 
-682.223 -696.796 -699.308 -703.838 -799.395 -805.335 -811.419 -820.526 -706.549 -688.865 -694.825 -683.266 
-671.666 -683.076 -689.501 -682.458 -793.306 -791.153 -807.516 -810.684 -680.427 -667.551 -674.271 -667.375 
-703.299 -692.22 -689.166 -689.84 -770.461 -777.269 -791.163 -793.635 -679.189 -696.268 -692.065 -663.245 
-652.133 -679.183 -678.253 -684.451 -752.585 -774.943 -777.221 -782.304 -683.513 -669.481 -699.89 -691.138 
-671.998 -675.122 -684.52 -688.85 -776.743 -782.772 -788.354 -799.212 -677.817 -676.043 -670.38 -658.968 
-680.834 -664.888 -664.004 -672.258 -794.034 -771.834 -779.158 -774.263 -646.512 -658.683 -643.246 -643.107 
-641.98 -646.775 -637.184 -653.952 -722.195 -751.795 -735.867 -761.254 -655.428 -661.787 -616.813 -635.041 
-677.669 -654.571 -645.945 -655.627 -742.179 -732.71 -748.165 -759.152 -656.727 -688.405 -665.566 -639.658 
-635.328 -653.159 -623.299 -623.171 -748.376 -757.472 -729.995 -741.365 -651.521 -642.264 -672.596 -652.13 
-652.158 -669.434 -660.711 -655.828 -775.018 -741.788 -766.886 -790.042 -660.926 -675.078 -656.534 -680.182 
-838.527 -839.875 -791.225 -834.094 -737.107 -733.74 -902.102 -927.109 -808.267 -832.535 -635.283 -639.3 
-647.729 -668.582 -635.47 -664.573 -912.443 -895.144 -750.978 -748.154 -644.128 -647.1 -798.444 -818.822 
-650.362 -646.537 -647.184 -644.101 -913.221 -916.459 -736.239 -768.435 -646.71 -632.947 -825.763 -797.254 
-665.008 -658.635 -738.217 -645.826 -895.293 -892.152 -752.659 -757.916 -658.314 -661.636 -824.185 -798.97 
-685.367 -682.273 -648.225 -642.204 -746.997 -731.744 -729.233 -771.854 -647.156 -657.33 -661.315 -657.954 
-650.17 -647.291 -645.991 -646.115 -749.476 -724.589 -760.906 -751.309 -632.612 -643.604 -640.721 -624.598 
-813.064 -819.019 -663.936 -677.721 -749.876 -742.339 -921.059 -932.418 -655.437 -671.202 -647.723 -634.229 




