#HCal TDC offsets obtained 9_13_2023 for db tdc offset timestamp none and for tdc calib timestamp none
#Offsets obtained from fits over TDC distributions.
--------[ 2022-02-02 00:00:00 ]
sbs.hcal.tdc.offset =
-389.915 -389.915 -385.361 -394.601 -521.303 -498.926 -478.254 -498.863 -390.7 -387.221 -355.814 -424.068 
-378.263 -378.263 -385.737 -378.634 -510.136 -495.257 -514.385 -535.21 -376.188 -375.8 -411.491 -364.562 
-389.915 -419.789 -394.183 -382.342 -513.41 -508.43 -530.325 -532.803 -383.682 -389.469 -414.247 -398.959 
-389.915 -350.842 -361.906 -378.848 -485.162 -488.778 -477.48 -478.279 -372.932 -359.205 -371.996 -398.62 
-97.0889 -97.0889 -94.5146 -91.2505 -171.211 -195.899 -201.745 -210.771 -95.5499 -83.9433 -83.0679 -68.0832 
-370.38 -433.15 -368.068 -382.714 -199.968 -179.978 -488.28 -501.32 -376.069 -377.483 -77.3141 -42.827 
-431.379 -466.072 -421.811 -425.096 -521.555 -511.392 -496.722 -519.637 -379.219 -389.374 -386.808 -317.958 
-372.229 -426.788 -386.918 -388.67 -485.046 -493.787 -499.505 -512.873 -408.498 -385.587 -399.81 -461.725 
-363.056 -377.302 -382.459 -371.903 -481.683 -478.126 -495.272 -500.827 -380.969 -375.757 -390.319 -367.226 
-399.318 -385.709 -385.029 -388.025 -471.853 -478.793 -488.92 -490.246 -379.053 -403.188 -392.489 -379.394 
-379.295 -394.509 -383.388 -389.543 -457.799 -480.442 -480.506 -484.042 -381.299 -386.446 -427.222 -382.956 
-414.136 -377.922 -388.191 -389.894 -481.771 -486.302 -492.066 -503.356 -379.592 -382.033 -374.295 -411.594 
-89.0075 -105.816 -108.115 -110.776 -238.104 -214.994 -217.186 -212.896 -83.9489 -93.0951 -90.4108 -74.6277 
-297.652 -360.87 -343.019 -364.504 -435.752 -462.754 -446.131 -465.134 -353.117 -355.012 -329.871 -350.99 
-419.079 -368.929 -340.336 -363.162 -452.634 -443.439 -459.466 -468.224 -359.352 -402.192 -356.16 -350.992 
-62.9212 -80.8619 -339.186 -334.051 -461.628 -471.041 -175.551 -183.921 -351.173 -335.051 -350.402 -376.014 
-308.3 -343.827 -360.141 -361.713 -481.961 -444.894 -468.152 -492.022 -349.752 -362.86 -345.777 -360.543 
-513.449 -547.452 -490.986 -532.062 -426.864 -430.302 -598.822 -615.529 -498.184 -522.735 -321.153 -345.798 
-366.123 -359.814 -297.955 -353.755 -604.445 -592.907 -439.362 -441.22 -340.65 -347.114 -496.348 -545.61 
-327.403 -359.995 -354.053 -339.057 -613.273 -616.466 -440.9 -468.045 -345.457 -334.552 -518.312 -494.246 
-349.826 -383.904 46.6002 -354.415 -134.826 -602.923 -466.203 -472.139 -362.808 -366.481 -519.612 -522 
-418.52 -379.245 -342.482 -348.6 -455.233 -442.897 -440.957 -486.229 -366.385 -372.909 -369.103 -345.393 
-311.951 -311.951 -328.392 -344.408 -455.315 -435.505 -468.711 -471.517 -350.697 -354.018 -350.033 -304.494 
-396.642 -497.184 -378.336 -400.99 -436.466 -464.96 -607.251 -632.393 -342.253 -351.374 -366.987 -347.804 




