#HCal TDC offsets obtained 9_13_2023 for db tdc offset timestamp none and for tdc calib timestamp none
#Offsets obtained from fits over TDC distributions.
--------[ 2021-11-25 00:00:00 ]
sbs.hcal.tdc.offset =
-852.167 -856.958 -846.065 -846.94 -972.796 -954.049 -938.431 -962.05 -855.437 -848.971 -821.531 -861.416 
-838.893 -845.459 -846.412 -832.829 -955.693 -943.593 -965.076 -980.287 -836.23 -838.666 -864.599 -865.976 
-840.189 -873.474 -850.083 -836.485 -963.761 -956.272 -976.561 -976.827 -833.979 -841.679 -865.751 -856.826 
-814.342 -816.786 -815.411 -831.577 -934.945 -937.152 -923.371 -925.56 -823.85 -814.266 -832.885 -841.777 
-545.925 -549.229 -553.148 -547.195 -622.289 -648.281 -652.033 -660.037 -548.588 -542.042 -548.37 -552.344 
-843.028 -843.09 -833.088 -841.144 -655.457 -632.762 -939.939 -950.656 -829.787 -829.285 -540.928 -537.382 
-890.758 -893.023 -836.474 -891.424 -982.404 -983.501 -954.034 -973.516 -837.494 -847.53 -849.661 -904.993 
-849.44 -862.705 -859.359 -858.123 -954.694 -955.858 -965.286 -972.006 -870.845 -857.262 -868.239 -864.886 
-852.33 -853.295 -855.983 -845.922 -952.901 -948.844 -967.473 -967.798 -845.997 -840.405 -857.585 -844.514 
-869.022 -861.063 -859.666 -862.25 -943.076 -949.079 -960.529 -957.849 -847.531 -874.686 -856.759 -844.551 
-830.883 -860.916 -849.241 -857.374 -926.405 -947.956 -946.91 -949.545 -849.867 -850.715 -859.976 -860.111 
-848.225 -844.274 -852.542 -858.787 -946.366 -951.609 -956.179 -964.384 -845.368 -846.59 -839.923 -838.199 
-596.899 -576.792 -572.192 -572.838 -704.518 -677.325 -680.066 -672.457 -545.803 -557.957 -556.269 -554.632 
-806.765 -828.789 -811.606 -833.797 -900.272 -931.455 -912.805 -932.74 -825.361 -830.299 -798.331 -815.336 
-850.313 -830.574 -828.331 -838.424 -924.942 -916.046 -932.863 -939.6 -829.546 -758.437 -831.902 -825.013 
-541.065 -558.942 -806.755 -807.303 -933.394 -943.76 -645.338 -655.778 -824.569 -807.461 -834.524 -827.37 
-822.273 -840.901 -836.89 -839.991 -954.438 -922.885 -946.639 -966.511 -830.352 -844.373 -819.874 -853.251 
-1008.4 -1014.54 -973.41 -1008.8 -908.34 -913.504 -1080.21 -1093.98 -976.306 -999.146 -805.132 -815.837 
-823.609 -850.244 -806.69 -836.652 -1083.82 -1076.04 -921.38 -920.686 -816.704 -819.762 -971.624 -992.67 
-824.583 -817.918 -819.861 -819.625 -1090.72 -1092.71 -917.819 -943.757 -817.256 -802.719 -992.835 -981.869 
-840.268 -830.055 -820.9 -824.912 -1080.83 -1076.18 -935.918 -940.723 -828.838 -828.465 -991.65 -981.028 
-852.5 -857.128 -820.393 -826.009 -932.077 -914.416 -906.37 -944.374 -827.572 -834.126 -831.001 -829.811 
-837.031 -812.747 -810.297 -820.031 -920.817 -903.657 -933.19 -929.979 -804.198 -816.142 -821.266 -809.12 
-987.326 -992.807 -831.613 -844.262 -919.566 -906.015 -1082.38 -1105.36 -820.196 -831.458 -824.975 -820.379 




