#HCal TDC offsets obtained 8_16_2023 for db tdc offset timestamp none and for tdc calib timestamp none
#Offsets obtained from fits over TDC distributions.
--------[ 2021-11-13 00:00:00 ]
sbs.hcal.tdc.offset =
-877.823 -899.161 -875.427 -881.368 -1000.35 -989.116 -969.461 -994.211 -885.594 -880.659 -847.683 -892.295 
-869.41 -879.874 -871.632 -866.44 -986.28 -977.763 -992.279 -996.537 -860.029 -870.491 -901.531 -884.867 
-860.567 -898.827 -878.51 -870.027 -994.468 -983.358 -1010.03 -1003.91 -863.391 -871.924 -895.471 -892.744 
-851.098 -848.4 -850.468 -856.185 -960.134 -968.259 -953.523 -957.52 -852.437 -841.08 -859.781 -877.392 
-571.201 -572.295 -589.076 -578.669 -654.339 -672.942 -682.43 -684.049 -576.983 -573.607 -580.159 -580.133 
-871.575 -877.56 -867.108 -872.531 -685.757 -666.463 -966.027 -976.094 -859.308 -860.111 -570.133 -572.391 
-925.398 -905.571 -912.994 -912.352 -1012.87 -1019.45 -985.927 -1005.17 -865.382 -876.616 -880.277 -884.815 
-880.435 -893.906 -881.637 -886.255 -983.344 -983.437 -991.805 -1005.61 -900.637 -883.506 -891.102 -901.543 
-880.204 -885.104 -883.823 -880.256 -991.005 -976.275 -991.552 -1000.87 -876.723 -876.126 -886.621 -878.576 
-896.794 -893.109 -894.154 -895.883 -980.169 -973.252 -990.438 -987.556 -876.143 -900.639 -884.416 -877.369 
-867.676 -894.482 -881.078 -886.205 -959.981 -983.643 -978.221 -978.114 -878.463 -872.082 -894.895 -892.606 
-879.852 -877.94 -883.764 -881.782 -977.325 -979.561 -983.746 -994.663 -867.717 -875.299 -871.652 -876.01 
-609.741 -599.993 -595.012 -596.637 -725.542 -703.057 -709.745 -699.008 -568.706 -580.849 -584.66 -585.597 
-847.286 -853.384 -841.808 -858.217 -928.797 -960.976 -941.3 -962.902 -853.251 -858.999 -830.684 -849.069 
-885.222 -863.676 -851.832 -868.372 -959.613 -947.733 -962.497 -967.25 -856.546 -886.063 -853.396 -858.654 
-571.677 -592.143 -838.373 -831.658 -962.554 -968.76 -677.482 -685.786 -853.308 -838.019 -867.228 -863.532 
-857.918 -866.831 -866.645 -861.502 -980.681 -947.558 -970.912 -992.961 -854.344 -874.586 -845.823 -880.894 
-1027.25 -1047.1 -1002.57 -1031.07 -937.013 -935.82 -1105.01 -1122.26 -1003.16 -1028.86 -834.133 -843.724 
-851.21 -881.209 -837.316 -863.249 -1106.81 -1098.39 -944.825 -944.2 -848.245 -850.103 -1000.04 -1022.63 
-854.046 -850.304 -843.37 -842.151 -1115.27 -1123.21 -945.998 -968.614 -848.982 -832.407 -1022.05 -1010.16 
-871.231 -863.402 -851.849 -849.306 -1092.41 -1099.86 -965.241 -966.713 -853.744 -855.56 -1021.7 -1010.66 
-875.378 -890.182 -852.458 -853.445 -961.056 -938.802 -936.326 -973.304 -850.852 -857.899 -859.234 -866.508 
-867.709 -844.513 -840.048 -851.32 -950.686 -929.557 -957.792 -956.443 -835.887 -843.611 -848.864 -831.48 
-1030.12 -1028.52 -862.867 -872.957 -950.613 -930.189 -1110.72 -1131.48 -849.237 -861.147 -857.62 -852.903 




