#HCal TDC offsets obtained 9_12_2023 for db tdc offset timestamp none and for tdc calib timestamp none
#Offsets obtained from fits over TDC distributions.
--------[ 2022-01-12 00:00:00 ]
sbs.hcal.tdc.offset =
-2532.67 -597.737 -572.813 -584.53 -663.879 -699.917 -666.564 -711.124 -583.116 -568.448 -560.086 -599.634 
-2416.98 -587.435 -608.907 -578.538 -694.772 -681.472 -3768.48 -3975.24 -2396.38 -569.875 -2746.89 -622.497 
-2532.67 -2829.28 -2575.04 -569.273 -714.354 -691.441 -3926.74 -3951.34 -597.165 -585.397 -615.412 -602.609 
-2532.67 -546.513 -559.245 -558.782 -688.328 -698.053 -673.612 -667.786 -559.414 -553.258 -572.302 -581.405 
-332.203 -332.203 -558.718 -552.652 -633.873 -682.478 -656.946 -657.821 -559.385 -558.43 -550.546 -568.147 
-576.902 -596.106 -586.86 -586.625 -668.024 -650.012 -691.304 -694.561 -564.939 -572.336 -546.426 -546.846 
-647.968 -3288.8 -2849.35 -2881.97 -728.216 -726.709 -704.055 -717.627 -581.201 -587.087 -587.38 -599.705 
-611.421 -602.449 -605.748 -595.162 -707.65 -714.025 -718.553 -723.677 -597.9 -591.153 -606.092 -599.005 
-596.295 -585.561 -2458.64 -591.325 -712.044 -707.352 -721.033 -728.414 -582.948 -581.995 -597.437 -567.762 
-592.958 -606.767 -602.921 -603.924 -698.521 -695.47 -705.944 -698.064 -582.944 -609.316 -598.43 -575.76 
-579.861 -592.225 -586.292 -600 -671.843 -694.165 -691.818 -691.354 -591.383 -593.055 -598.438 -597.15 
-578.498 -588.37 -600.296 -596.573 -682.151 -690.957 -692.262 -704.032 -587.218 -582.739 -571.248 -579.137 
-324.122 -340.93 -343.23 -345.891 -717.369 -701.43 -695.276 -692.621 -549.021 -562.747 -554.627 -559.426 
-542.083 -558.476 -554.17 -601.774 -645.003 -675.425 -660.296 -673.27 -565.764 -564.549 -535.933 -548.249 
-575.132 -578.25 -568.552 -575.364 -663.951 -657.513 -673.176 -674.156 -564.579 -2654.56 -564.108 -556.428 
-518.151 -578.466 -546.67 -543.539 -670.116 -673.412 -653.092 -655.327 -564.254 -529.694 -561.06 -561.75 
-553.471 -582.47 -565.525 -567.21 -700.351 -657.043 -681.861 -681.039 -562.551 -587.578 -540.537 -589.244 
-768.441 -762.493 -720.927 -744.816 -642.061 -644.617 -821.428 -833.077 -728.088 -740.204 -536.749 -552.161 
-562.01 -591.41 -530.042 -568.995 -841.718 -4548.09 -647.327 -654.381 -560.951 -559.344 -710.517 -724.474 
-560.428 -565.104 -571.493 -561.966 -827.351 -827.251 -666.145 -3308.39 -556.316 -543.736 -727.276 -713.657 
-587.647 -572.263 -188.514 -567.833 -0 -4647.53 -3290.1 -678.699 -566.356 -563.047 -726.066 -716.042 
-600.426 -602.691 -564.988 -565.204 -699.475 -655.257 -636.133 -687.759 -560.396 -573.378 -565.709 -564.432 
-1758.6 -555.72 -548.027 -554.494 -650.581 -652.33 -717.454 -692.229 -555.245 -566.952 -563.225 -544.835 
-716.719 -735.426 -553.371 -588.12 -639.391 -659.4 -822.885 -842.277 -551.159 -568.646 -564.421 -560.028 




