#HCal TDC offsets obtained 5_10_2023 for db tdc offset timestamp none
#Offsets obtained from fits over TDC distributions.
sbs.hcal.tdc.offset =
-271.461 -285.99 -268.412 -274.415 -403.707 -376.717 -351.952 -396.487 -288.99 -279.011 -247.692 -269.591 
-257.217 -266.306 -270.35 -258.226 -384.799 -368.88 -388.017 -404.797 -264.105 -268.518 -297.299 -287.764 
-259.249 -292.192 -272.68 -260.099 -389.97 -382.435 -414.552 -409.77 -257.362 -267.334 -295.676 -282.925 
-240.327 -241.398 -243.849 -257.73 -363.66 -352.207 -351.165 -353.48 -249.244 -238.677 -256.846 -273.184 
26.6782 28.0254 16.2078 23.1548 -54.2341 -79.468 -86.1992 -95.0096 19.9217 27.9208 23.0498 24.219 
-268.141 -268.235 -260.247 -271.592 -87.6799 -64.66 -370.952 -387.63 -266.449 -247.275 24.1884 35.5741 
-311.635 -308.064 -312.228 -312.973 -417.66 -419.473 -384.918 -406.551 -269.754 -281.218 -282.465 -255.924 
-268.28 -284.967 -282.222 -285.297 -379.333 -384.101 -392.114 -405.608 -301.588 -284.713 -299.612 -285.274 
-273.422 -275.592 -278.198 -255.169 -382.539 -377.935 -400.536 -398.582 -277.193 -275.732 -288.331 -273.507 
-290.99 -281.647 -268.448 -287.206 -371.926 -377.89 -390.057 -390.006 -277.948 -303.728 -289.358 -268.129 
-248.587 -280.215 -268.437 -278.714 -351.511 -374.83 -376.048 -379.701 -281.13 -282.245 -295.167 -290.185 
-265.079 -262.219 -272.589 -264.291 -366.989 -375.496 -382.163 -391.526 -271.18 -275.715 -266.469 -260.102 
14.7321 15.8483 14.7395 8.34679 -116.645 -100.658 -102.288 -98.0091 28.9705 33.0349 19.2386 22.4744 
-221.465 -242.467 -225.332 -249.019 -317.287 -350.019 -332.424 -354.659 -248.721 -253.064 -222.076 -233.925 
-268.278 -246.443 -231.709 -254.296 -343.727 -333.95 -351.379 -361.03 -250.563 -289.599 -252.336 -228.561 
51.6035 29.1853 -208.013 -221.004 -346.754 -356.447 -62.9183 -74.4378 -242.317 -230.992 -255.498 -238.059 
-230.839 -252.705 -237.287 -248.092 -366.91 -333.111 -361.303 -383.744 -242.364 -264.75 -237.5 -269.531 
-418.844 -422.226 -380.311 -415.469 -316.352 -320.954 -494.61 -508.895 -394.219 -419.731 -222.208 -219.376 
-230.493 -260.883 -215.927 -245.453 -493.858 -485.507 -332.919 -332.842 -230.672 -234.484 -390.794 -398.469 
-237.783 -227.078 -234.983 -222.301 -508.74 -504.677 -330.783 -348.055 -232.711 -219.593 -408.225 -398.541 
-255.748 -242.492 -220.272 -241.627 669.643 -490.855 -351.488 -354.965 -244.186 -241.042 -409.559 -382.655 
-266.639 -266.884 -231.29 -236.087 -334.486 -317.809 -317.193 -358.597 -240.524 -246.617 -243.672 -246.645 
-1088.96 -216.05 -220.578 -228.896 -329.39 -314.52 -344.54 -342.202 -214.86 -225.735 -231.82 -219.74 
-384.881 -398.026 -237.322 -254.629 -331.16 -317.76 -491.498 -518.921 -224.52 -236.911 -235.937 -234.531 


