#HCal TDC offsets obtained 8_10_2023 for db tdc offset timestamp none and for tdc calib timestamp none
#Offsets obtained from fits over TDC distributions.
--------[ 2022-01-12 00:00:00 ]
sbs.hcal.tdc.offset =
-600.874 -610.434 -606.436 -599.337 -727.451 -711 -697.104 -725.865 -609.965 -600.259 -584.676 -621.464 
-588.189 -607.093 -611.481 -597.782 -720.2 -701.806 -721.874 -683.576 -582.448 -597.1 -617.678 -616.144 
-599.761 -629.061 -613.739 -597.393 -715.01 -707.597 -729.135 -728.448 -588.11 -601.143 -626.913 -626.021 
-567.52 -579.105 -575.896 -595.998 -697.591 -693.857 -685.467 -678.099 -576.7 -572.851 -593.212 -610.726 
-580.06 -582.058 -588.457 -580.947 -653.675 -680.557 -678.283 -685.877 -570.586 -567.184 -578.206 -581.445 
-608.926 -606.834 -599.546 -606.101 -689.726 -665.426 -701.893 -710.478 -587.258 -586.396 -568.621 -576.975 
-645.551 -640.421 -650.139 -661.362 -749.798 -759.118 -719.759 -738.167 -597.38 -606.224 -614.013 -610.915 
-613.56 -626.254 -626.39 -629.848 -728.287 -735.46 -737.891 -745.95 -629.143 -614.607 -630.154 -622.051 
-612.973 -615.88 -621.882 -617.332 -727.397 -724.034 -740.424 -738.222 -597.528 -602.531 -616.631 -605.846 
-630.012 -619.94 -619.151 -629.092 -714.672 -717.429 -729.672 -723.28 -606.948 -630.992 -618.23 -604.343 
-588.732 -622.654 -608.173 -616.384 -688.061 -707.824 -709.716 -711.546 -604.126 -609.295 -613.279 -619.835 
-601.629 -603.273 -613.263 -609.262 -701.233 -701.66 -706.931 -721.979 -594.412 -605.959 -600.384 -606.866 
-604.737 -598.532 -596.566 -601.886 -724.98 -701.157 -704.282 -702.033 -571.387 -581.415 -582.648 -572.939 
-578.44 -581.308 -571.457 -592.343 -664.313 -689.771 -666.336 -692.01 -579.461 -583.577 -552.752 -577.696 
-604.315 -586.764 -581.019 -594.139 -676.236 -669.497 -683.474 -691.667 -583.06 -604.802 -593.012 -576.339 
-563.831 -579.118 -557.023 -557.791 -683.015 -691.015 -662.753 -671.691 -572.369 -561.107 -594.6 -597.118 
-577.16 -592.969 -585.775 -587.371 -704.592 -669.344 -693.524 -717.774 -580.399 -595.582 -578.175 -622.207 
-756.4 -769.706 -722.275 -759.121 -658.901 -661.791 -830.114 -850.61 -736.464 -755.943 -563.231 -566.718 
-586.934 -612.746 -566.408 -592.473 -843.289 -828.143 -685.676 -685.034 -582.884 -577.116 -730.159 -747.931 
-578.456 -575.038 -571.904 -577.439 -848.494 -847.325 -679.648 -700.678 -575.733 -553.511 -752.034 -742.473 
-600.294 -588.36 -540.793 -575.476 -831.158 -826.556 -689.046 -691.883 -580.296 -585.585 -742.422 -741.63 
-602.67 -606.221 -571.208 -575.798 -680.941 -663.243 -653.569 -696.67 -582.493 -590.161 -578.673 -596.887 
-592.216 -569.064 -559.352 -567.969 -671.998 -652.595 -685.303 -683.753 -558.917 -569.863 -571.67 -573.489 
-744.816 -754.178 -591.039 -603.176 -677.965 -658.222 -837.34 -860.96 -574.943 -586.279 -583.609 -587.324 




