#HCal TDC offsets obtained 9_5_2023 for db tdc offset timestamp none and for tdc calib timestamp none
#Offsets obtained from fits over TDC distributions.
--------[ 2022-01-12 00:00:00 ]
sbs.hcal.tdc.offset =
-9343.82 -1301.77 -1254.28 -1277.49 -1421.78 -1384.22 -1349.35 -1402.62 -1306.04 -1267.16 -1253.54 -1263.21 
-9202.4 -1274.55 -1264.35 -1253.65 -1373.19 -1354.08 -1387.37 -10667.7 -9270.78 -1268.43 -1281 -1332.69 
-9222.57 -9549.64 -9355.58 -1263.4 -1399.45 -1376.95 -10764.8 -1389.47 -1244.09 -1261.05 -1297.8 -1279.59 
-9037.16 -1233.02 -1234.6 -1250.62 -1357.42 -1352.16 -1328.55 -1333.75 -1234.32 -1231.88 -1259.76 -1245.04 
-1248.98 -1237.13 -1240.63 -1254.74 -1319.49 -1361.72 -1363.9 -1356.93 -1250.18 -1238.48 -1244.03 -1272.55 
-1287.84 -1224.48 -1283.87 -1272.72 -1360.12 -1337.31 -1368.91 -1381.93 -1263.09 -1236.01 -1249.05 -1262.39 
-1319.78 -9707.23 -9748.57 -9755.97 -1427.25 -1448.68 -1389.79 -1410.46 -1268.75 -1276.04 -1282.67 -1361.58 
-1280.06 -1270.12 -1294 -1300.36 -1399.08 -1409.01 -1403.03 -1422.2 -1304.37 -1287.63 -1316.5 -1232.29 
-1306.6 -1294.85 -9410.71 -1285.32 -1412.43 -1412.87 -1432.84 -1410.92 -1278.67 -1282.93 -1294.39 -1279.21 
-1306 -1292.52 -1288.74 -1315.18 -1397.86 -1403.01 -1415.5 -1406.51 -1288.1 -1321.38 -1290.8 -1274.13 
-1239.3 -1293.41 -1273.56 -1286.99 -1370 -1389.99 -1394.88 -1382.5 -1294.84 -1283.03 -1258.71 -1312 
-1226.54 -1273.54 -1284.72 -1275.05 -1372.69 -1382.5 -1389.87 -1396.04 -1278.23 -1277.29 -1269.35 -1227.51 
-6502.82 -6491.01 -1261.96 -1266.54 -1408.53 -1383.24 -1383.08 -1372.7 -1239.78 -1257.42 -1252.55 -1261.85 
-1268.26 -1249.35 -1237.41 -1263.47 -1335.41 -1366.59 -1345.44 -1360.83 -1259.45 -1267.89 -1229.4 -1235.5 
-1238.42 -1252.16 -1281.85 -1268.28 -1361.46 -1349.7 -1365.53 -1374.61 -1263.75 -9523.88 -1269.44 -1236.38 
-1223.4 -1263.82 -1222.48 -1242.76 -1361.13 -1369.45 -1342.11 -1347.55 -1257.21 -1244.75 -1278.48 -1228.61 
-1272.76 -1298.15 -1259.63 -1272.59 -1381.8 -1346.17 -1376.43 -1391.25 -1269.04 -1291.61 -1246.38 -1300.94 
-1460.3 -1430.74 -1400.05 -1431.31 -1336.8 -1343.7 -1519.7 -1538.91 -1416.08 -1448.81 -1241.34 -1222.57 
-1431.05 -1292.64 -1260.47 -1278.46 -1514.29 -1515.69 -1366.97 -1363.61 -1256.73 -1251.92 -1407.97 -1391.53 
-1285.23 -1237.33 -1249.92 -1243.87 -1540.49 -1535.04 -1357.84 -1382.72 -1254.25 -1235.96 -1394.81 -1424.56 
-1293.64 -1232.67 -8843.34 -1259.48 -814.971 -1494.61 -1383.28 -1369.58 -1252.94 -1252.66 -1422.56 -1369.31 
-1264.48 -1291.3 -1266.67 -1250.4 -1367.75 -1343.49 -1307.96 -1352.14 -1243.56 -1250.13 -1242.25 -1271.52 
-17460.4 -1259.6 -1248.73 -1252.37 -1329.87 -1334.1 -1377.68 -1368.25 -1201.32 -1223.22 -1241.28 -1264.07 
-1516.8 -1420.16 -1232.48 -1249.23 -1366.37 -1308.72 -1507.4 -1535.76 -1250.98 -1266.37 -1232.11 -1229.38 




