#HCal TDC offsets obtained 8_10_2023 for db tdc offset timestamp none and for tdc calib timestamp none
#Offsets obtained from fits over TDC distributions.
--------[ 2021-11-25 00:00:00 ]
sbs.hcal.tdc.offset =
-862.967 -867.357 -866.867 -865.241 -994.356 -963.103 -958.623 -974.511 -864.393 -856.35 -849.638 -892.317 
-848.518 -865.171 -855.885 -848.756 -967.541 -957.19 -976.138 -983.874 -844.319 -860.894 -875.463 -864.578 
-853.624 -883.292 -861.119 -846.254 -976.949 -970.514 -984.091 -986.648 -850.81 -862.182 -878.745 -871.524 
-823.481 -826.225 -827.62 -845.177 -943.666 -948.294 -932.915 -937.525 -843.143 -836.453 -851.301 -858.848 
-559.339 -561.358 -562.679 -559.561 -635.43 -657.043 -660.866 -670.195 -565.161 -560.926 -564.381 -576.739 
-858.9 -860.37 -848.384 -850.482 -666.273 -642.938 -949.421 -959.893 -844.404 -840.036 -563.494 -557.079 
-901.777 -894.936 -902.595 -900.375 -997.477 -998.193 -963.136 -985.809 -854.704 -866.193 -861.364 -856.133 
-866.455 -878.281 -867.739 -872.909 -968.145 -964.148 -977.766 -981.018 -884.743 -870.554 -887.189 -883.506 
-875.306 -866.968 -866.325 -858.816 -965.609 -958.093 -980.661 -976.657 -861.538 -867.61 -876.617 -858.799 
-878.871 -873.942 -871.776 -874.977 -951.123 -963.342 -972.374 -970.593 -863.008 -892.385 -867.174 -869.383 
-843.871 -872.506 -860.65 -871.151 -935.507 -958.382 -956.085 -958.837 -863.402 -868.807 -868.295 -869.298 
-870.664 -853.644 -862.002 -868.966 -955.782 -960.578 -964.523 -973.04 -860.55 -863 -856.376 -852.469 
-604.099 -584.664 -579.501 -582.67 -706.61 -687.628 -689.082 -682.129 -557.556 -568.25 -570.48 -579.6 
-825.936 -837.8 -820.867 -843.103 -909.035 -939.507 -922.425 -944.812 -835.08 -847.901 -816.995 -835.286 
-859.473 -840.512 -837.838 -847.867 -933.617 -924.842 -941.564 -947.985 -843.334 -880.981 -844.788 -840.412 
-559.466 -568.79 -816.006 -816.576 -941.719 -953.092 -655.167 -664.734 -835.835 -823.469 -847.55 -839.379 
-840.157 -850.923 -845.883 -848.984 -963.073 -931.884 -955.812 -973.991 -839.168 -854.438 -843.019 -884.821 
-1023.53 -1024.13 -982.789 -1017.99 -917.81 -923.015 -1089.46 -1102.6 -985.673 -1007.83 -819.664 -839.328 
-836.623 -866.709 -815.459 -845.553 -1097.21 -1083.75 -930.649 -929.74 -828.471 -830.551 -982.464 -1014.82 
-838.01 -831.209 -829.103 -829.272 -1103.45 -1102.77 -927.19 -954.508 -828.44 -813.693 -1010.07 -1004.11 
-853.482 -844.296 -828.189 -836.894 -0 -1086.44 -945.824 -952.357 -839.628 -838.182 -1000.55 -1007.04 
-869.073 -866.125 -830.719 -835.214 -946.808 -923.786 -918.932 -953.275 -842.816 -841.841 -842.653 -848.234 
-846.554 -838.763 -829.51 -836.234 -930.162 -913.141 -942.342 -939.606 -821.117 -836.696 -845.582 -833.844 
-1010.81 -1015.23 -845.48 -855.147 -929.159 -915.95 -1096.79 -1119.73 -832.211 -842.072 -840.238 -835.651 




