#HCal TDC offsets obtained 9_13_2023 for db tdc offset timestamp none and for tdc calib timestamp none
#Offsets obtained from fits over TDC distributions.
--------[ 2022-02-02 00:00:00 ]
sbs.hcal.tdc.offset =
-658.482 -664.18 -650.493 -654.457 -785.224 -763.405 -749.224 -767.744 -661.447 -661.64 -622.099 -648.723 
-647.302 -651.494 -655.547 -640.897 -767.239 -753.713 -774.081 -789.956 -638.919 -642.476 -667.785 -1020.71 
-646.925 -689.963 -662.054 -645.249 -775.555 -766.017 -785.424 -789.24 -640.368 -646.019 -674.137 -645.731 
-628.628 -634.993 -632.472 -648.949 -751.904 -753.403 -735.438 -734.716 -627.709 -620.987 -633.734 -630.119 
-630.242 -637.821 -647.508 -645.008 -721.666 -743.472 -737.175 -742.122 -623.703 -616.906 -621.653 -614.198 
-657.71 -660.106 -660.883 -672.925 -761.391 -736.687 -770.001 -768.886 -639.46 -640.89 -614.697 -589.585 
-697.939 -708.159 -716.774 -722.059 -816.531 -814.502 -786.317 -798.795 -648.908 -653.522 -657.357 -646.019 
-658.887 -678.023 -681.336 -687.61 -785.237 -790.553 -793.843 -799.489 -684.993 -666.996 -675.778 -650.772 
-658.239 -666.009 -673.863 -667.049 -779.206 -776.331 -791.951 -791.839 -660.687 -653.044 -663.405 -638.938 
-681.769 -675.279 -673.898 -676.447 -758.576 -764.141 -776.502 -775.443 -660.367 -682.269 -668.098 -640.201 
-639.139 -673.784 -663.612 -670.949 -742.031 -763.086 -763.264 -764.779 -663.323 -659.862 -678.985 -658.509 
-650.85 -658.313 -668.912 -675.162 -764.659 -769.911 -771.685 -782.6 -658.516 -657.611 -648.95 -631.856 
-666.828 -656.436 -656.417 -659.731 -786.568 -762.945 -765.767 -758.413 -627.723 -638.887 -631.069 -612.522 
-620.807 -639.349 -624.243 -646.803 -714.581 -744.54 -726.327 -746.196 -637.963 -640.289 -603.702 -601.312 
-658.818 -639.877 -638.639 -648.139 -734.743 -724.659 -739.682 -747.936 -638.941 -680.544 -639.618 -602.579 
-614.708 -638.068 -614.264 -615.335 -740.688 -749.589 -722.747 -734.114 -634.469 -620.397 -643.877 -612.093 
-631.32 -654.519 -646.545 -649.357 -767.432 -733.459 -758.361 -782.81 -642.794 -656.969 -631.004 -636.681 
-817.471 -825.401 -784.722 -820.744 -723.557 -727.94 -896.146 -909.534 -790.085 -812.458 -611.623 -602.554 
-618.674 -651.464 -618.621 -648.896 -898.08 -888.389 -735.153 -731.147 -628.916 -630.196 -781.443 -784.669 
-622.163 -627.046 -631.791 -630.719 -901.162 -903.96 -729.281 -754.8 -628.218 -613.292 -803.694 -769.161 
-635.804 -639.697 -692.221 -633.848 -887.834 -884.548 -744.705 -747.286 -640.168 -640.728 -802.922 -769.161 
-662.986 -664.319 -628.97 -634.567 -738.924 -724.178 -714.14 -756.369 -635.435 -644.997 -638.09 -621.727 
-638.041 -617.717 -621.731 -627.641 -732.353 -715.747 -745.103 -742.79 -613.409 -624.301 -627.801 -596.374 
-776.342 -787.167 -640.038 -654.478 -732.467 -719.037 -897.346 -916.722 -630.069 -643.82 -631.593 -600.289 




