#HCal TDC offsets obtained 8_4_2023 for db tdc offset timestamp none and for tdc calib timestamp none
#Offsets obtained from fits over TDC distributions.
--------[ 2022-01-22 00:00:00 ]
sbs.hcal.tdc.offset =
-703.195 -711.508 -695.676 -699.417 -829.429 -806.204 -792.172 -815.641 -703.245 -698.011 -665.924 -692.988 
-689.625 -679.63 -701.484 -684.208 -808.364 -795.277 -816.135 -831.991 -682.231 -684.958 -699.899 -696.317 
-689.262 -729.223 -705.272 -690.611 -816.605 -807.484 -828.3 -827.071 -680.598 -686.844 -708.19 -695.049 
-666.465 -672.566 -672.503 -687.175 -793.163 -793.411 -777.755 -778.209 -669.648 -648.441 -664.213 -680.052 
-650.496 -673.963 -663.389 -675.265 -751.368 -775.942 -779.451 -784.417 -660.651 -657.122 -658.892 -659.406 
-682.713 -696.896 -691.983 -698.735 -783.603 -759.789 -797.374 -807.748 -680.545 -669.5 -649.864 -643.48 
-741.059 -745.053 -747.66 -744.981 -836.904 -836.998 -809.743 -826.577 -673.786 -693.289 -686.379 -699.428 
-695.927 -716.057 -713.653 -714.281 -808.774 -813.576 -816.972 -828.868 -718.079 -693.673 -715.472 -699.618 
-701.776 -706.341 -711.127 -699.699 -808.434 -805.104 -820.047 -822.642 -696.284 -693.248 -704.24 -678.673 
-710.119 -714.576 -712.871 -716.595 -799.319 -803.086 -813.251 -811.267 -698.572 -722.563 -697.733 -674.484 
-671.278 -697.896 -701.854 -709.269 -781.592 -801.876 -801.148 -801.186 -701.866 -695.315 -715.764 -706.02 
-689.924 -696.396 -703.892 -708.431 -797.545 -803.449 -807.712 -816.562 -693.948 -692.358 -677.884 -677.019 
-708.164 -692.439 -687.72 -690.789 -816.477 -792.643 -799.643 -793.812 -663.49 -674.442 -673.074 -658.065 
-656.657 -676.59 -660.477 -681.889 -750.061 -780.786 -762.554 -783.37 -674.012 -681.249 -633.609 -651.899 
-689.088 -681.409 -676.674 -687.263 -774.95 -766.508 -782.117 -790.485 -675.803 -717.588 -683.279 -660.382 
-655.316 -678.345 -658.065 -657.09 -783.9 -792.626 -766.664 -777.088 -674.673 -657.953 -672.5 -667.48 
-659.492 -693.651 -686.918 -688.462 -807.56 -773.438 -797.297 -820.668 -681.047 -696.544 -671.021 -701.668 
-856.757 -863.814 -821.465 -855.577 -758.17 -761.827 -931.897 -944.869 -827.618 -852.944 -638.618 -656.48 
-664.015 -693.421 -654.699 -681.352 -929.909 -911.746 -768.103 -767.808 -667.845 -668.583 -818.407 -832.209 
-665.647 -664.396 -670.403 -666.685 -936.612 -939.62 -766.369 -792.067 -664.669 -653.535 -840.755 -817.476 
-681.115 -681.401 -684.987 -672.933 -928.141 -914.171 -786.58 -791.127 -680.922 -678.498 -835.05 -816.965 
-692.659 -708.701 -673.692 -677.472 -783.966 -767.559 -758.338 -797.2 -680.529 -674.116 -664.666 -665.21 
-676.282 -652.475 -664.42 -674.151 -775.765 -759.015 -787.649 -782.822 -651.249 -668.682 -667.482 -642.199 
-829.849 -835.612 -691.659 -686.531 -771.427 -749.333 -940.476 -954.805 -668.493 -684.534 -677.212 -658.296 




