#HCal TDC offsets obtained 9_13_2023 for db tdc offset timestamp none and for tdc calib timestamp none
#Offsets obtained from fits over TDC distributions.
--------[ 2021-10-21 00:00:00 ]
sbs.hcal.tdc.offset =
-919.722 -930.611 -913.011 -922.481 -1053.02 -1028.53 -1016.77 -1043.35 -930.634 -925.52 -889.523 -931.848 
-912.538 -913.42 -919.351 -908.615 -1037.14 -1020.1 -1039.36 -1065.95 -911.853 -914.031 -940.459 -926.125 
-910.449 -939.988 -919.541 -909.828 -1042.76 -1035.26 -1065.38 -1058.84 -905.584 -915.672 -943.371 -930.227 
-890.72 -890.714 -893.635 -908.357 -1017.5 -1017.88 -1003.56 -1005.28 -899.663 -887.496 -904.727 -914.924 
-630.125 -619.039 -633.09 -628.505 -707.483 -733.057 -739.105 -746.385 -629.891 -620.951 -624.216 -619.378 
-913.01 -914.885 -909.669 -922.528 -740.874 -718.259 -1024.78 -1041.17 -917.888 -917.573 -622.32 -606.818 
-948.907 -955.431 -959.965 -963.79 -1069.42 -1065.69 -1038.82 -1059.36 -921.333 -931.508 -929.892 -916.329 
-918.756 -933.889 -932.127 -937.404 -1033.76 -1038.63 -1046.26 -1059.33 -953.524 -934.96 -949.204 -932.817 
-921.786 -922.926 -928.675 -919.626 -1036.6 -1031.98 -1053.42 -1052.23 -929.325 -926.164 -937.707 -920.187 
-933.608 -930.247 -934.427 -939.297 -1025.73 -1031.77 -1037.25 -1042.89 -929.833 -954.532 -938.111 -912.456 
-895.312 -926.57 -914.705 -930.445 -1004.5 -1028.36 -1028.94 -1032.55 -932.1 -932.717 -943.313 -934.323 
-909.036 -910.265 -923.496 -927.779 -1020.76 -1025.84 -1034.7 -1043.66 -921.022 -925.916 -913.861 -906.487 
-633.252 -631.45 -635.237 -652.752 -770.598 -753.968 -755.833 -750.279 -621.926 -628.357 -627.844 -622.205 
-868.571 -890.969 -877.134 -901.968 -972.121 -1004.86 -986.548 -1007.82 -900.341 -902.988 -864.884 -883.157 
-914.404 -897.074 -896.134 -908.125 -999.143 -989.27 -1006.25 -1014.92 -902.954 -942.02 -900.901 -888.891 
-597.724 -621.893 -872.768 -874.882 -1004.09 -1012.91 -718.634 -729.648 -895.404 -882.985 -904.692 -892.331 
-879.062 -904.303 -900.607 -903.35 -1025.34 -991.048 -1018.71 -1040.69 -897.114 -916.99 -887.459 -912.798 
-1069 -1075.99 -1034.95 -1071.95 -974.709 -979.14 -1151.42 -1165.85 -1048.86 -1072.71 -866.168 -879.42 
-881.164 -913.109 -867.023 -901.662 -1149.82 -1144.53 -991.447 -988.073 -883.652 -883.966 -1042.47 -1059.91 
-885.576 -878.691 -888.401 -889.212 -1166.99 -1164.73 -991.601 -1017.81 -885.5 -873.287 -1060.73 -1045.98 
-903.61 -893.581 -872.961 -895.556 -0 -1147.04 -1008.34 -1011.58 -898.393 -894.869 -1061.85 -1045.15 
-910.713 -917.905 -883.311 -889.874 -999.195 -981.917 -973.091 -1014.51 -894.335 -899.385 -894.759 -894.019 
-1758.6 -869.763 -873.217 -883.985 -986.603 -970.263 -1001.08 -1000.09 -870.339 -880.776 -884.125 -869.317 
-1039.92 -1049.59 -893.551 -905.639 -984.989 -970.517 -1146.76 -1172.9 -879.304 -891.584 -886.274 -878.365 




