#HCal TDC offsets obtained 9_14_2023 for db tdc offset timestamp none
#Offsets obtained from fits over TDC distributions.
none
sbs.hcal.tdc.offset =
-592.326 -598.35 -586.266 -588.11 -724.104 -695.42 -681.187 -704.96 -596.505 -591.917 -560.825 -600.95 
-581.307 -589.931 -593.472 -578.407 -701.195 -686.079 -708.896 -743.831 -575.626 -576.319 -604.11 -603.977 
-582.817 -626.801 -597.894 -580.019 -705.817 -697.829 -717.957 -718.741 -574.409 -580.584 -608.113 -600.538 
-561.744 -559.592 -559.029 -577.177 -682.54 -683.514 -667.3 -671.001 -564.11 -552.54 -571.811 -582.926 
-562.467 -564.926 -569.704 -561.574 -638.397 -667.215 -666.54 -672.015 -558.752 -549.677 -559.448 -557.697 
-586.066 -587.986 -581.851 -589.645 -672.869 -650.428 -687.092 -698.424 -572.397 -571.955 -550.847 -548.558 
-633.09 -633.834 -639.407 -643.075 -734.691 -739.365 -704.151 -722.296 -578.676 -587.469 -590.824 -595.305 
-594.049 -609.25 -609.43 -612.757 -713.295 -720.651 -722.901 -729.921 -613.465 -597.588 -608.727 -608.574 
-592.521 -598.838 -606.733 -600.573 -713.505 -708.528 -724.499 -720.637 -588.177 -583.804 -596.717 -584.036 
-613.821 -605.384 -604.213 -612.143 -699.957 -701.933 -714.645 -707.21 -589.691 -613.975 -597.867 -581.016 
-571.406 -605.686 -592.372 -601.793 -673.902 -694.459 -695.023 -695.595 -590.378 -590.915 -603.888 -605.012 
-586.219 -589.013 -597.305 -601.113 -689.672 -693.891 -699.07 -708.624 -586.641 -586.922 -578.435 -581.247 
-597.948 -591.066 -587.76 -589.131 -716.713 -692.988 -693.612 -687.857 -556.52 -567.019 -564.449 -559.743 
-555.778 -571.501 -557.022 -578.862 -650.375 -677.846 -658.114 -677.546 -566.622 -568.15 -537.825 -555.798 
-592.055 -573.968 -570.772 -581.446 -668.11 -659.33 -675.351 -680.419 -569.345 -608.884 -571.412 -560.351 
-546.451 -569.446 -547.561 -548.632 -674.797 -682.999 -654.131 -662.838 -563.438 -546.397 -573.805 -568.064 
-560.218 -583.676 -575.775 -578.485 -695.971 -660.507 -684.67 -708.448 -570.467 -585.69 -557.78 -592.713 
-746.023 -755.666 -713.918 -749.36 -650.398 -653.124 -820.659 -836.284 -719.734 -741.463 -541.716 -554.181 
-562.095 -592.816 -548 -578.06 -828.093 -817.851 -664.633 -661.688 -559.823 -558.849 -711.805 -729.821 
-562.404 -557.885 -561.447 -561.603 -833.466 -835.612 -659.971 -685.735 -557.82 -542.426 -734.456 -719.736 
-580.341 -570.098 -166.269 -565.279 -820.83 -816.381 -677.875 -680.192 -569.451 -568.683 -731.675 -717.977 
-591.3 -595.248 -560.276 -565.515 -670.562 -653.328 -643.306 -685.645 -566.147 -574.777 -566.811 -571.36 
-577.217 -549.416 -549.136 -557.305 -661.445 -642.942 -673.762 -673.812 -543.615 -554.073 -558.475 -547.12 
-724.1 -728.472 -570.833 -583.269 -661.028 -645.855 -823.687 -846.336 -558.397 -570.912 -563.022 -560 


