#HCal TDC offsets obtained 9_14_2023 for db tdc offset timestamp none
#Offsets obtained from fits over TDC distributions.
none
sbs.hcal.tdc.offset =
-389.889 -389.889 -385.335 -394.575 -521.277 -498.9 -478.228 -498.837 -390.674 -387.195 -355.788 -424.042 
-378.237 -378.237 -385.711 -378.608 -510.11 -495.231 -514.359 -535.184 -376.162 -375.774 -411.465 -364.536 
-389.889 -419.763 -394.157 -382.316 -513.384 -508.404 -530.299 -532.777 -383.656 -389.443 -414.221 -398.933 
-389.889 -350.816 -361.88 -378.822 -485.136 -488.752 -477.454 -478.253 -372.906 -359.179 -371.97 -398.594 
-97.0635 -97.0635 -94.4892 -91.2251 -171.186 -195.873 -201.719 -210.745 -95.5245 -83.9179 -83.0425 -68.0578 
-370.354 -433.124 -368.042 -382.688 -199.942 -179.952 -488.254 -501.294 -376.043 -377.457 -77.2887 -42.8016 
-431.353 -466.046 -421.785 -425.07 -521.529 -511.366 -496.696 -519.611 -379.193 -389.348 -386.782 -317.932 
-372.203 -426.762 -386.892 -388.644 -485.02 -493.761 -499.479 -512.847 -408.472 -385.561 -399.784 -461.699 
-363.03 -377.276 -382.433 -371.877 -481.657 -478.1 -495.246 -500.801 -380.943 -375.731 -390.293 -367.2 
-399.292 -385.683 -385.003 -387.999 -471.827 -478.767 -488.894 -490.22 -379.027 -403.162 -392.463 -379.368 
-379.269 -394.483 -383.362 -389.517 -457.773 -480.416 -480.48 -484.016 -381.273 -386.42 -427.196 -382.93 
-414.11 -377.896 -388.165 -389.868 -481.745 -486.276 -492.04 -503.33 -379.566 -382.007 -374.269 -411.568 
-88.9821 -105.79 -108.09 -110.751 -238.078 -214.969 -217.161 -212.871 -83.9235 -93.0697 -90.3854 -74.6023 
-297.626 -360.844 -342.993 -364.478 -435.726 -462.728 -446.105 -465.108 -353.091 -354.986 -329.845 -350.964 
-419.053 -368.903 -340.31 -363.136 -452.608 -443.413 -459.44 -468.198 -359.326 -402.166 -356.134 -350.966 
-62.8958 -80.8365 -339.16 -334.025 -461.602 -471.015 -175.526 -183.896 -351.147 -335.025 -350.376 -375.988 
-308.274 -343.801 -360.115 -361.687 -481.935 -444.868 -468.126 -491.996 -349.726 -362.834 -345.751 -360.517 
-513.423 -547.426 -490.96 -532.036 -426.838 -430.276 -598.796 -615.503 -498.158 -522.709 -321.127 -345.772 
-366.097 -359.788 -297.929 -353.729 -604.419 -592.881 -439.336 -441.194 -340.624 -347.088 -496.322 -545.584 
-327.377 -359.969 -354.027 -339.031 -613.247 -616.44 -440.874 -468.019 -345.431 -334.526 -518.286 -494.22 
-349.8 -383.878 46.6256 -354.389 -134.8 -602.897 -466.177 -472.113 -362.782 -366.455 -519.586 -521.974 
-418.494 -379.219 -342.456 -348.574 -455.207 -442.871 -440.931 -486.203 -366.359 -372.883 -369.077 -345.367 
-311.925 -311.925 -328.366 -344.382 -455.289 -435.479 -468.685 -471.491 -350.671 -353.992 -350.007 -304.468 
-396.616 -497.158 -378.31 -400.964 -436.44 -464.934 -607.225 -632.367 -342.227 -351.348 -366.961 -347.778 


