#HCal TDC offsets obtained 9_13_2023 for db tdc offset timestamp none
#Offsets obtained from fits over TDC distributions.
none
sbs.hcal.tdc.offset =
-852.741 -857.198 -844.468 -846.96 -972.952 -954.083 -938.835 -960.975 -855.678 -848.321 -819.329 -859.355 
-839.953 -843.875 -846.439 -832.924 -955.287 -943.622 -965.063 -980.019 -836.271 -836.369 -864.304 -854.445 
-839.907 -873.61 -850.168 -836.552 -963.223 -956.192 -976.704 -976.849 -833.199 -839.463 -866.957 -854.923 
-814.396 -816.789 -815.673 -830.976 -934.806 -938.674 -923.758 -925.415 -823.238 -812.504 -830.976 -840.621 
-546.297 -549.451 -553.152 -547.229 -622.241 -647.541 -651.779 -660.1 -547.782 -540.344 -546.006 -550.371 
-841.807 -842.627 -832.961 -840.752 -655.572 -633.152 -940.553 -950.438 -829.418 -829.112 -539.507 -536.023 
-890.871 -893.026 -896.698 -891.406 -982.369 -982.901 -953.961 -973.97 -836.398 -846.384 -848.982 -862.268 
-849.135 -862.62 -858.996 -859 -955.466 -956.526 -965.046 -972.016 -870.606 -856.649 -867.208 -863.8 
-850.401 -852.821 -856.006 -845.736 -952.926 -948.88 -967.441 -967.476 -845.501 -844.342 -856.035 -842.144 
-868.935 -861.194 -858.921 -861.705 -942.915 -948.69 -960.805 -957.928 -847.158 -874.214 -856.48 -842.324 
-829.559 -861.113 -848.38 -857.184 -926.324 -947.145 -946.509 -949.454 -849.391 -849.541 -860.045 -860.173 
-845.827 -844.259 -852.847 -858.833 -946.325 -951.635 -955.836 -964.41 -845.134 -845.581 -838.465 -836.013 
-596.939 -576.78 -572.253 -572.891 -704.654 -677.526 -680.209 -672.455 -545.466 -556.66 -554.283 -552.975 
-805.555 -828.669 -811.654 -834.055 -900.308 -930.949 -912.921 -932.258 -825.235 -829.511 -796.05 -813.343 
-850.097 -830.827 -828.379 -838.457 -924.926 -916.119 -932.937 -939.629 -829.128 -848.286 -830.746 -823.243 
-540.495 -559.036 -806.75 -807.177 -933.494 -943.726 -645.347 -655.807 -824.149 -806.192 -833.403 -825.635 
-821.646 -840.796 -836.844 -839.942 -954.343 -922.849 -946.865 -966.511 -830.319 -844.294 -818.652 -851.076 
-1008.45 -1014.19 -973.92 -1008.83 -908.376 -913.789 -1080.23 -1094.01 -976.22 -999.305 -803.681 -814.343 
-821.711 -848.758 -806.876 -836.199 -1084.04 -1076.05 -921.575 -920.72 -816.766 -819.562 -970.997 -990.785 
-823.18 -818.064 -819.381 -819.621 -1090.81 -1093.05 -917.824 -944.497 -817.036 -802.478 -992.449 -979.731 
-838.314 -829.897 -820.774 -824.706 -1080.95 -1076.47 -936.256 -940.269 -828.841 -828.452 -991.997 -978.936 
-852.588 -857.347 -820.626 -826.005 -931.998 -914.613 -906.241 -944.46 -827.149 -833.833 -829.306 -828.602 
-836.513 -810.766 -809.372 -819.829 -920.967 -903.697 -933.17 -930.038 -803.582 -815.326 -819.054 -806.947 
-985.207 -990.881 -830.431 -843.893 -919.769 -905.739 -1082.66 -1106.41 -819.597 -831.086 -823.778 -817.75 


