#HCal TDC offsets obtained 9_14_2023 for db tdc offset timestamp none
#Offsets obtained from fits over TDC distributions.
none
sbs.hcal.tdc.offset =
-680.559 -685.549 -672.991 -676.819 -804.193 -783.85 -768.687 -789.835 -683.179 -675.139 -643.157 -672.567 
-667.66 -674.615 -679.78 -663.007 -787.087 -773.052 -795.441 -813.484 -662.952 -662.56 -689.464 -676.982 
-669.138 -709.683 -685.63 -669.724 -796.427 -786.508 -808.938 -806.941 -660.028 -666.218 -693.627 -670.212 
-644.238 -650.724 -651.399 -666.921 -772.289 -772.526 -755.889 -756.141 -648.326 -638.374 -654.965 -654.045 
-645.299 -652.497 -660.356 -654.18 -730.499 -755.069 -757.847 -763.128 -646.116 -637.082 -642.269 -635.48 
-669.732 -674.724 -671.167 -677.537 -762.848 -739.412 -777.123 -786.991 -661.373 -660.65 -635.505 -619.31 
-714.656 -724.585 -727.901 -724.567 -817.23 -811.086 -788.55 -808.177 -667.501 -673.817 -675.918 -667.641 
-676.598 -694.165 -693.419 -693.921 -789.377 -792.548 -796.64 -807.145 -699.897 -685.086 -694.39 -675.565 
-677.611 -685.062 -691.089 -673.832 -788.749 -784.531 -800.557 -802.092 -676.637 -671.878 -684.951 -658.199 
-699.722 -693.62 -692.504 -696.307 -779.137 -782.541 -792.44 -790.529 -677.444 -700.867 -684.291 -656.853 
-654.627 -691.497 -681.452 -688.952 -760.834 -781.804 -780.383 -781.855 -680.413 -678.042 -692.555 -680.644 
-667.532 -673.942 -683.208 -688.203 -777.897 -782.862 -787.207 -796.747 -673.706 -674.948 -664.775 -651.781 
-683.613 -671.971 -669.043 -672.327 -798.599 -775.032 -779.072 -772.894 -643.926 -655.184 -647.495 -632.837 
-636.513 -655.745 -640.683 -661.574 -730.91 -761.028 -742.554 -762.268 -654.696 -656.993 -622.557 -626.465 
-675.543 -658.879 -656.666 -667.508 -755.641 -746.91 -762.637 -769.033 -657.319 -698.7 -655.748 -633.952 
-633.428 -658.423 -637.977 -637.302 -765.483 -773.526 -746.85 -756.821 -654.622 -638.903 -660.902 -636.268 
-647.797 -673.047 -666.972 -669.335 -789.669 -755.711 -779.951 -801.307 -661.311 -676.263 -645.043 -669.694 
-830.12 -843.492 -801.764 -836.214 -738.716 -743.152 -911.759 -925.882 -808.693 -830.86 -628.893 -626.289 
-642.667 -671.225 -632.969 -662.483 -912.542 -903.646 -750.336 -748.998 -647.981 -649.551 -800.165 -805.547 
-645.001 -643.456 -648.246 -646.754 -918.608 -921.846 -747.596 -774.021 -646.891 -632.584 -821.447 -792.96 
-659.447 -657.483 -662.98 -652.856 -908.82 -906.133 -767.77 -771.931 -660.561 -659.931 -821.016 -791.527 
-679.324 -685.37 -649.768 -655.623 -762.959 -747.061 -736.959 -778.925 -658.252 -664.131 -656.33 -643.315 
-666.026 -638.544 -640.756 -651.285 -755.759 -738.799 -767.813 -763.901 -634.988 -646.597 -646.046 -619.155 
-804.523 -810.503 -662.442 -674.583 -754.228 -737.946 -917.154 -936.05 -648.665 -660.958 -650.416 -630.489 


