#HCal TDC offsets obtained 9_14_2023 for db tdc offset timestamp none
#Offsets obtained from fits over TDC distributions.
none
sbs.hcal.tdc.offset =
-919.417 -929.508 -913.244 -922.73 -1052.32 -1028.46 -1016.64 -1043.56 -930.187 -926.477 -889.495 -930.392 
-912.169 -912.919 -919.139 -908.344 -1036.75 -1019.52 -1039.06 -1065.94 -913.336 -913.762 -939.865 -927.838 
-910.749 -939.526 -919.399 -909.671 -1042.79 -1035.29 -1065.23 -1058.63 -905.634 -915.704 -944.264 -930.12 
-892 -889.361 -893.927 -908.221 -1017.29 -1017.66 -1003.23 -1004.92 -899.085 -887.291 -904.412 -914.235 
-631.915 -618.69 -632.963 -628.114 -706.911 -732.541 -738.712 -745.614 -629.297 -620.193 -623.836 -619.575 
-913.777 -914.482 -908.566 -922.135 -740.433 -717.73 -1024.17 -1040.49 -917.243 -917.125 -622.264 -607.973 
-954.171 -954.307 -960.033 -963.195 -1069.16 -1065.78 -1038.46 -1058.88 -920.739 -930.591 -929.596 -914.456 
-918.929 -933.571 -931.63 -936.56 -1033.49 -1038.21 -1045.69 -1058.7 -953.116 -934.062 -948.566 -932.392 
-921.321 -922.708 -928.078 -922.152 -1036.31 -1031.71 -1053.28 -1051.91 -928.81 -925.676 -937.536 -919.599 
-934.949 -930.038 -933.527 -938.697 -1025.44 -1031.48 -1043.14 -1042.5 -929.258 -953.989 -938.148 -912.518 
-895.701 -926.152 -918.233 -929.913 -1004.02 -1027.82 -1028.51 -1031.87 -931.164 -932.346 -943.228 -930.391 
-909.555 -909.706 -922.959 -927.246 -1020.62 -1028.65 -1034.36 -1043.04 -920.467 -924.994 -913.37 -906.53 
-633.263 -631.166 -634.667 -654.254 -770.508 -753.965 -755.596 -749.831 -621.356 -632.626 -626.906 -621.62 
-868.203 -890.701 -876.919 -901.551 -971.859 -1004.57 -986.232 -1007.3 -899.865 -901.771 -868.832 -882.634 
-913.93 -896.434 -895.941 -907.617 -998.86 -988.917 -1005.9 -1014.43 -902.038 -942.166 -900.149 -888.145 
-595.792 -621.521 -872.202 -874.589 -1003.85 -1012.81 -718.281 -729.479 -895.053 -881.97 -904.217 -890.99 
-879.355 -904.169 -900.044 -902.914 -1025.33 -991.03 -1018.5 -1040.52 -896.915 -916.296 -886.745 -917.37 
-1068.65 -1075.86 -1034.3 -1071.67 -974.534 -978.958 -1151.35 -1165.75 -1048.55 -1072.08 -872.424 -876.855 
-880.904 -912.921 -870.694 -901.123 -1152.04 -1144.34 -991.13 -991.287 -888.225 -889.337 -1041.67 -1058.51 
-884.675 -878.519 -888.101 -888.959 -1166.75 -1164.39 -991.472 -1017.58 -889.552 -872.83 -1059.6 -1044.17 
-900.971 -893.513 -872.659 -895.356 -671.919 -1146.92 -1008.27 -1011.16 -897.9 -893.804 -1060.63 -1044.16 
-912.672 -917.315 -882.889 -889.554 -998.864 -981.727 -972.745 -1014.42 -893.99 -898.898 -893.532 -892.503 
-849.044 -869.359 -872.82 -883.563 -986.48 -970.188 -1001.02 -999.633 -869.163 -880.153 -883.492 -869.297 
-1040.85 -1048.93 -892.809 -904.92 -984.299 -969.775 -1146.11 -1172.01 -877.954 -891.789 -885.698 -876.798 


