#HCal TDC offsets obtained 9_14_2023 for db tdc offset timestamp none
#Offsets obtained from fits over TDC distributions.
none
sbs.hcal.tdc.offset =
-659.493 -663.212 -648.051 -653.564 -783.262 -762.3 -746.447 -766.429 -660.852 -657.281 -620.412 -650.405 
-645.825 -650.528 -655.033 -639.488 -764.781 -750.987 -773.177 -791 -638.745 -640.968 -669.863 -1034.5 
-646.969 -691.523 -661.395 -644.759 -774.825 -763.809 -785.602 -788.364 -639.504 -643.773 -671.735 -649.687 
-630.432 -634.767 -631.624 -647.815 -751.016 -751.268 -733.724 -732.477 -625.811 -619.262 -630.914 -634.777 
-630.554 -637.397 -646.55 -644.449 -720.335 -742.068 -736.406 -740.212 -621.36 -615.078 -619.589 -618.558 
-656.401 -659.544 -660.425 -672.047 -760.968 -736.527 -769.676 -767.199 -637.077 -638.147 -613.103 -592.364 
-702.295 -708.342 -717.267 -721.86 -816.293 -814.052 -786.132 -799.003 -647.288 -651.568 -655.565 -656.428 
-657.832 -676.738 -680.4 -687.199 -784.897 -790.224 -793.141 -799.306 -682.867 -664.378 -674.497 -654.955 
-656.685 -665.077 -673.646 -666.753 -778.797 -775.79 -791.501 -790.943 -658.393 -651.513 -663.458 -640.862 
-680.166 -674.638 -673.224 -676.034 -758.305 -763.976 -776.207 -774.726 -658.229 -680.688 -665.865 -640.367 
-638.052 -672.828 -663.389 -670.67 -741.891 -762.834 -762.963 -764.075 -661.36 -657.696 -677.928 -663.176 
-653.136 -657.465 -668.051 -675.036 -764.525 -769.761 -773.852 -781.514 -656.859 -656.339 -646.565 -635.502 
-666.298 -656.217 -656.172 -660.611 -786.65 -762.795 -765.541 -757.562 -626.744 -637.944 -629.343 -617.016 
-621.257 -639.068 -623.959 -646.426 -714.337 -744.299 -725.959 -745.807 -633.049 -637.488 -602.18 -607.523 
-657.919 -639.385 -638.309 -647.713 -734.477 -724.746 -739.737 -747.315 -637.452 -679.2 -637.624 -612.464 
-613.474 -637.626 -615.383 -615.042 -740.606 -749.595 -722.475 -733.738 -634.021 -618.269 -642.237 -619.441 
-630.38 -654.259 -645.965 -648.838 -767.36 -733.309 -758.21 -782.61 -641.716 -655.601 -628.075 -644.075 
-815.885 -824.3 -784.574 -820.475 -723.322 -727.491 -895.585 -908.702 -788.474 -810.93 -608.715 -608.455 
-623.517 -650.588 -617.393 -648.485 -897.781 -888.131 -734.626 -729.821 -627.758 -628.272 -778.901 -788.492 
-625.992 -626.2 -631.364 -630.724 -901.089 -903.682 -728.546 -754.277 -626.496 -611.235 -799.066 -773.814 
-639.778 -638.312 -679.083 -633.425 -888.204 -884.305 -744.543 -749.088 -639.039 -638.33 -800.223 -774.051 
-661.628 -663.74 -627.99 -633.69 -738.217 -723.505 -713.284 -755.265 -634.056 -643.532 -635.699 -625.053 
-639.428 -616.269 -619.465 -626.681 -730.818 -714.733 -744.262 -741.96 -611.644 -621.628 -627.378 -597.688 
-781.402 -788.582 -638.322 -651.895 -730.938 -717.288 -895.491 -914.01 -627.514 -640.756 -629.796 -613.191 


