#HCal TDC offsets obtained 9_14_2023 for db tdc offset timestamp none
#Offsets obtained from fits over TDC distributions.
none
sbs.hcal.tdc.offset =
-580.153 -514.73 -569.292 -575.217 -1256.08 -704.106 -664.262 -692.979 -585.554 -580.945 -546.657 -585.3 
-582.439 -573.904 -593.26 -565.474 -685.461 -697.189 -715.147 -719.58 -565.866 -569.275 -671.916 -817.102 
-563.797 -635.409 -588.327 -567.104 -718.319 -688.898 -712.123 -713.572 -563.59 -568.191 -605.462 -615.986 
-554.861 -549.973 -550.855 -561.548 -672.022 -702.622 -652.259 -658.41 -552.646 -541.181 -558.207 -567.549 
-544.438 -573.332 -561.42 -551.113 -626.042 -658.85 -666.244 -681.449 -544.173 -539.429 -546.645 -550.31 
-581.259 -570.478 -563.099 -573.501 -669.252 -638.002 -704.286 -683.498 -559.772 -569.912 -540.399 -544.338 
-644.014 -667.933 -623.672 -627.324 -712.464 -713.174 -707.967 -715.206 -564.591 -575.872 -583.882 -578.221 
-583.851 -593.051 -595.571 -596.661 -687.274 -704.943 -698.863 -717.118 -603.742 -587.594 -598.163 -608.574 
-579.176 -584.042 -587.128 -579.176 -683.243 -681.243 -708.744 -700.967 -578.368 -572.819 -588.867 -575.818 
-624.747 -594.315 -594.357 -595.193 -678.375 -681.078 -693.838 -693.464 -580.436 -603.337 -594.568 -572.067 
-559.738 -595.14 -579.09 -588.275 -659.13 -694.672 -691.61 -689.117 -580.971 -582.508 -1031.24 -536.406 
-576.267 -577.199 -581.784 -588.79 -674.975 -682.038 -708.967 -694.334 -574.998 -575.806 -568.247 -571.394 
-508.976 -507.183 -309.976 -587.185 -1540.6 -678.201 -676.406 -676.577 -547.456 -557.258 -555.223 -555.827 
-531.056 -558.441 -545.597 -570.39 -637.572 -659.469 -643.98 -665.49 -558.253 -558.294 -525.731 -544.891 
-592.776 -565.911 -565.051 -571.992 -660.507 -649.745 -661.825 -670.48 -561.64 -604.053 -562.898 -561.338 
-541.516 -563.99 -535.44 -541.065 -663.39 -677.807 -646.702 -655.736 -556.277 -540.431 -570.283 -938.721 
-555.581 -564.029 -563.811 -573.046 -660.724 -653.7 -679.02 -643.599 -567.124 -575.903 -549.665 -583.049 
-758.028 -750.166 -704.794 -733.695 -643.78 -639.895 -831.912 -828.764 -719.369 -760.677 -530.671 -555.804 
-555.15 -583.181 -539.131 -566.813 -817.057 -809.346 -651.909 -649.291 -541.254 -552.638 -697.64 -721.771 
-559.718 -548.107 -555.493 -553.145 -831.304 -827.622 -654.695 -732.526 -547.093 -533.471 -725.238 -712.247 
-567.493 -562.801 -611.478 -557.966 -869.816 -818.315 -682.795 -671.241 -565.409 -564.421 -1110.23 -707.377 
-586.584 -605.814 -555.227 -561.132 -658.7 -646.931 -637.712 -675.283 -557.869 -1320.67 -557.101 -560.896 
-521.509 -540.127 -539.342 -550.365 -652.817 -633.709 -675.919 -669.323 -536.456 -544.07 -547.467 -537.374 
-717.703 -725.439 -559.314 -574.981 -658.146 -637.301 -814.776 -834.112 -551.818 -569.668 -551.479 -545.909 


