#HCal TDC offsets obtained 9_14_2023 for db tdc offset timestamp none
#Offsets obtained from fits over TDC distributions.
none
sbs.hcal.tdc.offset =
-870.758 -877.644 -857.721 -862.907 -989.615 -970.145 -952.415 -976.694 -869.461 -863.556 -832.31 -873.261 
-856.552 -860.608 -865.425 -850.726 -972.224 -960.907 -979.424 -1024.11 -848.963 -852.297 -882.038 -874.179 
-855.328 -889.416 -865.504 -853.403 -978.878 -969.209 -993.332 -996.493 -849.124 -854.806 -880.023 -872.427 
-829.787 -832.839 -832.358 -848.331 -952.083 -954.084 -939.329 -941.073 -837.2 -825.027 -843.961 -855.698 
-558.592 -563.63 -571.283 -563.939 -638.956 -664.311 -668.533 -674.944 -562.034 -556.612 -563.542 -562.789 
-854.928 -860.57 -850.644 -856.924 -670.368 -650.49 -957.527 -967.541 -843.389 -845.622 -554.552 -551.957 
-904.286 -902.266 -906.398 -903.137 -997.155 -996.922 -971.496 -990.305 -851.773 -861.582 -864.167 -862.237 
-863.964 -877.779 -874.372 -874.508 -970.111 -974.172 -978.614 -991.64 -887.197 -869.784 -881.863 -878.742 
-864.868 -869.562 -872.271 -864.58 -973.636 -968.403 -985.149 -985.695 -861.863 -859.363 -872.682 -858.921 
-891.153 -877.72 -876.589 -878.619 -964.147 -964.173 -975.464 -974.525 -861.677 -887.333 -871.208 -858.48 
-846.055 -877.43 -864.614 -873.238 -944.308 -966.801 -964.913 -965.434 -863.516 -864.384 -881.462 -876.833 
-858.103 -863.139 -868.657 -873.101 -962.845 -967.145 -971.047 -981.065 -858.297 -860.327 -854.524 -851.994 
-602.9 -593.301 -586.74 -588.771 -718.079 -693.811 -696.293 -688.406 -560.542 -571.895 -569.39 -566.651 
-827.185 -845.359 -828.003 -849.435 -917.671 -949.031 -928.937 -949.35 -840.494 -843.081 -812.218 -829.263 
-865.297 -848.983 -844.669 -854.521 -944.756 -934.698 -949.772 -955.813 -843.774 -882.261 -845.658 -838.665 
-555.672 -575.842 -823.669 -824.721 -949.812 -958.631 -663.422 -672.757 -840.263 -824.437 -850.026 -842.485 
-840.693 -858.799 -853.539 -852.516 -971.981 -938.815 -962.081 -984.218 -843.901 -860.894 -831.983 -865.172 
-1019.91 -1031.92 -989.338 -1023.04 -925.739 -927.494 -1097.42 -1110.48 -991.866 -1017.13 -817.391 -826.225 
-833.821 -864.129 -823.985 -851.306 -1098.64 -1090.42 -937.087 -933.97 -832.895 -835.507 -985.965 -1005.24 
-836.571 -835.409 -834.968 -832.764 -1108.1 -1110.24 -934.123 -959.166 -834.37 -819.184 -1007.51 -993.368 
-854.88 -846.944 -845.143 -840.918 -1096.42 -1091.86 -953.033 -956.308 -845.389 -842.463 -1007.59 -992.561 
-866.358 -873.941 -836.763 -841.677 -948.236 -931.689 -922.961 -962.4 -841.429 -847.019 -845.035 -845.375 
-851.153 -826.367 -825.948 -836.147 -939.256 -920.869 -949.537 -947.562 -819.456 -829.096 -834.17 -824.064 
-1005.06 -1006.01 -848.16 -858.711 -937.714 -921.653 -1100.28 -1122.2 -833.418 -845.781 -839.847 -833.91 


