

#HCal tdc vs E fit parameter P0 (A) and P1 (B) obtained 6_7_2023
#Exponential fit for i PMTs -> y = P0_i*exp(-P1_i*x)+P2_i
--------[ 2022-01-12 00:00:00 ]
sbs.hcal.tdc.chan_tw_a =
0  26  25.9999  0  0  0  26  26  0  0  23.9467  26  
0  26  0  0  0  0  0  0  0  26  0  26  
0  0  0  0  0  0  0  0  0  25.8796  2  26  
0  26  25.7232  0  2  26  18.4084  0  26  9.6454  20.5182  20.5743  
0  0  26  9.32231  26  11.7143  26  26  25.7161  19.5919  10.083  26  
16.3039  26  18.4103  26  17.0014  26  26  26  2  26  16.7035  15.038  
2  0  0  26  26  17.7487  26  6.83461  2  26  26  0  
26  26  26  19.1232  26  13.8984  26  26  25.9852  26  21.414  21.4311  
23.7245  26  26  6.81404  24.6984  17.9394  21.2442  26  25.9991  26  4.5202  25.8393  
17.0258  2  11.674  26  19.9962  26  15.4293  21.507  26  26  15.4614  26  
26  26  26  6.99561  26  5.23816  26  25.9938  26  24.0202  0  26  
18.4037  16.7411  24.2563  25.994  26  26  26  2  4.09375  2  11.3151  26  
0  0  26  11.9804  25.9707  10.469  15.3324  25.9986  26  18.782  26  26  
15.6882  26  26  2  26  2  23.9647  26  2  26  15.5915  2  
2  2  18.0403  25.179  2  26  2  2  2  0  2.00166  9.66764  
13.5558  17.7146  26  24.8024  26  26  5.62478  7.11299  26  2  14.8519  25.6088  
26  26  26  26  26  25.9872  24.631  11.6716  2  26  26  2  
2  26  15.6088  22.1054  7.32057  26  17.7553  22.6352  26  26  26  20.7328  
16.0667  26  22.9021  26  2  25.9819  7.38349  25.899  26  2  2  8.65289  
17.2621  26  23.7192  11.2657  2  26  26  26  12.5908  10.4645  13.6065  21.7051  
26  0  0  26  26  25.9885  14.0492  26  26  26  26  2  
0  0  9.04708  2  17.8843  9.75506  7.27087  2  2  26  26  20.1967  
0  16.9068  26  18.5171  24.4983  25.9999  20.2101  26  2  2  26  26  
26  26  26  23.6168  14.5777  26  2.00838  17.457  26  26  26  26  
sbs.hcal.tdc.chan_tw_b =
0  16.3457  0.255549  0  0  0  4.1831  -0.933665  0  0  18.0895  1.62151  
0  4.45177  0  0  0  0  0  0  0  27.8254  0  5.08043  
0  0  0  0  0  0  0  0  0  0.189392  -3.66325  0.619282  
0  4.58483  0.348196  0  -5.29679  59.0369  26.2287  0  3.45693  10.6546  27.5625  26.0631  
0  0  28.3207  0.133083  24.0726  31.1927  -0.366491  49.9507  3.23535  5.20795  0.117597  2.80992  
30.5488  34.0624  20.5375  6.11378  8.4382  -0.664292  7.1535  4.58392  -5.19323  2.05262  7.9167  1.40738  
-4.15142  0  0  27.3005  1.14631  23.9228  31.5789  6.38641  -1.7125  28.1296  5.3618  0  
1.69655  18.7883  -0.261934  22.1961  7.4861  9.2668  15.2262  2.14199  -0.3818  2.216  5.47617  22.198  
39.1141  0.436892  20.3505  -0.0206986  0.121684  33.7021  12.1344  0.527463  -0.352986  23.5593  -4.45248  43.6575  
12.8554  -0.99846  1.42792  25.3144  -0.607031  -0.359559  15.0394  0.0397246  0.0754896  -1.89479  7.53644  1.13663  
25.3675  0.61856  -0.820244  0.297203  23.7152  0.0112191  11.2691  0.336918  6.54028  15.1592  0  2.27161  
2.1587  24.9358  -0.113887  0.492734  30.6468  22.6263  0.744873  -4.87658  1.09688  -3.57519  6.61429  45.0781  
0  0  6.00936  21.1011  -0.129451  18.2157  14.0207  0.18854  30.4602  33.0702  24.6476  2.40315  
34.3615  10.4961  1.58865  -1.65909  1.32143  -2.79175  -0.0790566  -0.39812  -2.33567  35.8661  4.14845  -2.42732  
-5.96752  -1.59397  24.2576  0.172389  -2.17549  21.6797  -2.86036  -1.4818  -4.28538  0  -0.57299  13.9937  
8.63625  11.5841  21.4009  -0.0752433  24.9595  1.40138  0.184706  6.65877  29.8343  -2.73354  3.50732  3.2788  
13.9297  -0.51182  0.477179  2.53379  30.9361  -0.486509  0.111682  14.7392  -4.39598  37.8289  0.943253  -5.43673  
-6.14134  5.67121  8.02019  9.15621  7.83671  18.4411  3.54064  31.8452  12.5811  29.6518  25.6715  18.9047  
14.1232  0.390481  23.6563  26.7172  -4.92541  0.304475  21.6222  0.585438  3.74078  -1.43032  -3.19088  17.1658  
13.8531  6.01141  23.6983  11.4723  -3.98172  1.95357  -1.04349  0.574771  21.1755  3.43501  9.39696  28.6799  
11.4327  0  0  21.055  3.10007  -0.389785  10.4761  22.9394  6.14609  1.81508  7.39298  -3.5452  
0  0  -0.0681064  -4.81122  30.0594  9.09975  8.50212  -4.52297  -3.13009  0.564113  38.4212  -0.0181102  
0  21.1814  16.6339  32.528  3.85841  1.05955  0.523815  3.40883  -4.81533  -1.46549  36.93  20.4944  
4.43022  2.42722  5.92095  7.14053  14.6365  0.375205  -0.677867  10.8768  43.3786  12.7184  2.62474  0.499255  

#Last set exponential fit for all pmts, ignoring offset (P0)
sbs.hcal.tdc.tw = 2 9



