

#HCal tdc vs E fit parameter P0 (A) and P1 (B) obtained 6_6_2023
#Exponential fit for i PMTs -> y = P0_i*exp(-P1_i*x)+P2_i
--------[ 2021-11-25 00:00:00 ]
sbs.hcal.tdc.chan_tw_a =
0  0  26  0  0  0  0  26  0  0  26  26  
0  26  0  0  0  0  0  0  0  26  0  0  
0  0  0  0  0  0  0  0  25.9467  26  0  26  
0  0  0  0  0  0  0  0  3.83806  26  7.1977  26  
0  0  0  0  0  0  0  0  26  26  26  14.8454  
26  26  0  0  0  0  0  0  26  0  26  26  
0  0  0  0  0  0  0  0  7.90338  26  26  0  
25.9993  0  0  0  0  0  0  0  26  26  26  26  
26  0  0  0  26  2  26  26  26  26  26  26  
0  0  0  26  26  26  26  26  2  2  0  26  
2  2  0  26  26  2  26  26  26  2  0  0  
26  26  0  0  26  26  2  0  26  26  2  26  
0  0  0  0  0  26  26  26  2  26  26  26  
26  0  26  0  26  26  26  26  26  26  2  26  
0  2  0  0  26  26  2  2  26  0  2  25.999  
26  26  2.00003  26  26  26  2  2  26  26  26  26  
26  0  2  26  0  2  2  0  26  26  26  26  
0  0  2.20184  0  2  2  2  25.9955  26  0  26  26  
26  26  0  26  0  0  26  26  0  26  26  2  
26  0  0  0  0  0  0  0  26  26  2  2  
26  0  0  0  0  0  0  26  26  26  0  26  
26  0  0  26  0  26  26  0  26  0  26  26  
0  25.9978  26  26  26  2  0  26  26  26  26  26  
2  25.9995  26  26  0  2  0  26  26  26  2  2  
sbs.hcal.tdc.chan_tw_b =
0  0  11.5205  0  0  0  0  1.91781  0  0  12.6043  1.31515  
0  20.2443  0  0  0  0  0  0  0  5.12871  0  0  
0  0  0  0  0  0  0  0  -0.119925  10.0874  0  6.49295  
0  0  0  0  0  0  0  0  -5.76227  10.5559  3.39824  9.24967  
0  0  0  0  0  0  0  0  4.98742  15.9078  0.410964  17.4736  
4.74179  0.931115  0  0  0  0  0  0  14.8987  0  35.5048  3.94371  
0  0  0  0  0  0  0  0  5.99529  5.59499  3.95274  0  
-0.355962  0  0  0  0  0  0  0  5.37322  6.97665  -2.82447  5.11699  
8.90672  0  0  0  5.93207  -2.0094  1.90337  3.5008  6.74778  9.08877  19.8705  16.5763  
0  0  0  6.48463  4.60032  -1.05923  4.32732  -2.43919  -6.7984  -8.79904  0  -0.934729  
-6.4667  -7.90638  0  6.49809  8.52055  -4.38144  2.62605  4.73075  -2.68791  -7.55285  0  0  
1.73803  4.75249  0  0  7.73941  6.91378  -8.13276  0  5.11779  1.51558  -6.10426  -1.81217  
0  0  0  0  0  16.9408  2.06273  2.72409  -6.77705  6.5393  2.72511  9.58719  
-0.560544  0  4.22613  0  -1.66174  -2.1142  18.6318  8.40681  16.0314  -1.13185  -5.819  35.3064  
0  -5.44747  0  0  1.59302  5.14673  -7.25752  -4.80365  4.72085  0  -5.40167  -1.30022  
19.6076  7.98955  -7.14798  4.4976  1.0238  -1.00397  -5.49264  -7.06463  2.02589  2.69657  13.5261  -1.74107  
4.27549  0  -6.25708  11.2706  0  -7.82855  -3.60521  0  -2.8985  -1.68404  18.0835  19.92  
0  0  -2.23953  0  -6.7128  -4.60883  -7.35112  -0.746762  -2.44262  0  4.06334  10.9369  
-1.90452  -1.19699  0  7.68979  0  0  -0.514023  11.3066  0  8.0217  -3.16154  -5.2067  
24.2189  0  0  0  0  0  0  0  17.9783  10.2369  -4.7879  -5.42771  
21.4894  0  0  0  0  0  0  -1.5272  14.591  -1.44769  0  6.80051  
2.17808  0  0  6.52798  0  -0.231327  16.5466  0  12.8594  0  4.88513  -2.24819  
0  0.370331  14.502  5.49182  2.30888  -7.08695  0  10.2162  10.4422  9.22849  12.9317  23.4047  
-5.08566  0.763371  5.94135  7.42419  0  -6.72514  0  -0.82181  0.950819  12.0812  -6.72289  -8.85254  

#Last set exponential fit for all pmts, ignoring offset (P0)
sbs.hcal.tdc.tw = 15 2.76149



