

#HCal tdc vs E fit parameter P0 (A) and P1 (B) obtained 8_2_2023
#Exponential fit for i PMTs -> y = P0_i*exp(-P1_i*x)+P2_i
--------[ 2021-10-21 00:00:00 ]
sbs.hcal.tdc.chan_tw_a =
0  26  9.85036  9.13541  6.07036  6.06776  7.87322  20.9654  7.66854  9.07383  7.79656  11.0402  
0  8.12338  9.54921  9.33304  6.58454  5.506  6.11453  5.6823  6.39134  8.01753  8.0459  7.10356  
0  6.11399  8.06785  8.44711  6.73744  6.24838  6.41233  6.69398  8.53337  8.69636  7.66445  7.36538  
7.80561  12.0381  9.71221  8.20762  7.55938  7.25991  6.89431  7.46115  7.48263  8.45929  9.09704  8.44223  
25.8893  7.40372  9.1235  10.1333  8.00535  7.19111  7.22055  6.77794  7.13567  8.5657  7.54379  9.31465  
15.5302  11.851  10.6451  8.48808  7.22256  6.90795  7.01337  6.31302  9.68951  8.01486  8.68193  15.5984  
5.50145  7.83268  6.24932  6.93126  6.58019  26  6.76696  7.09724  11.6531  10.7034  8.3218  8.55565  
8.49179  7.6174  8.84807  7.82774  5.95624  6.51594  7.35244  5.96855  7.83226  8.93856  8.09443  14.0803  
8.86983  6.91408  7.82058  8.02448  7.1704  6.22797  6.78104  6.10693  8.41775  7.64597  7.00907  14.3756  
8.93559  8.7887  6.75578  7.48636  5.90863  5.95093  7.1667  6.68637  7.84396  6.48893  8.68235  9.05395  
9.04152  7.88158  6.45668  6.54129  6.66935  6.05704  6.72942  5.34513  7.35422  8.18554  6.40117  7.13455  
8.71188  9.69112  6.42185  8.84177  5.34245  6.02006  6.41844  6.64066  7.33302  7.41321  10.1367  12.5141  
7.22831  7.49225  8.14526  5.4005  5.8388  6.56629  6.1137  7.32771  9.12054  10.7016  10.2344  9.8332  
14.6188  11.4746  8.20049  7.44022  6.23427  6.20699  6.45691  6.28647  7.4258  7.64416  9.21888  8.61611  
7.87355  11.3648  8.5838  7.60065  6.6424  6.54554  5.90257  6.38191  8.48277  6.13851  9.41197  8.11854  
8.03222  8.69747  8.64489  8.47327  6.12014  6.54669  6.81924  6.79238  9.34056  7.0922  8.8847  10.997  
9.8037  7.98475  8.34327  7.37003  5.40154  6.16302  6.01619  5.3994  6.75306  8.02582  9.91493  6.65449  
7.48409  6.64812  9.03419  7.22644  5.94609  5.54243  6.26403  5.54213  6.75661  5.74146  8.4073  26  
10.6548  10.0882  11.5198  7.02306  6.38021  6.09561  5.93733  6.01465  6.60674  8.25141  8.17697  11.3727  
9.07388  10.6207  8.88342  8.04083  6.06855  5.75012  5.55514  5.40589  7.62734  8.38421  7.35901  7.90315  
7.12663  9.38173  12.4639  7.6432  0  6.62515  6.1668  6.80175  9.35973  6.98402  9.55925  9.35528  
7.86921  7.94167  9.16752  8.6208  7.38677  7.38762  9.36457  6.82436  8.58324  8.26707  8.82205  14.7495  
0  8.57313  8.01027  8.28356  6.65659  5.94834  5.83098  7.12728  9.08863  7.289  11.9292  12.547  
10.2176  19.229  26  8.84317  7.85455  7.26199  7.55268  8.45536  11.5925  10.5949  11.6699  7.97821  
sbs.hcal.tdc.chan_tw_b =
0  127.753  19.8413  12.9152  31.9  16.4431  18.8348  42.0986  16.7762  27.8396  14.9484  11.8925  
0  10.634  15.9421  10.6276  13.2232  14.3863  14.6576  14.2506  14.373  16.8696  19.669  22.7865  
0  10.528  27.4454  15.835  15.8144  15.0058  52.6329  22.9439  17.6469  17.3296  40.79  8.4876  
6.36272  27.4028  15.3726  16.6631  16.4638  17.0527  15.644  20.0155  13.3225  19.0146  21.0849  26.6631  
76.0395  15.2081  20.3413  23.9464  20.165  18.1697  15.8018  15.4961  14.0503  15.4155  16.0262  36.5128  
29.1946  17.2269  20.8467  20.3235  15.6805  15.4034  18.6555  15.3631  22.9875  18.7198  14.2781  39.3935  
21.0888  38.4939  17.5539  25.045  21.1125  20.5599  14.9686  15.4717  23.6922  19.8125  21.0159  17.2109  
11.5483  21.7988  19.0428  17.7993  12.8295  16.9089  22.9037  15.725  15.7817  21.7654  18.6553  34.4979  
36.2786  10.1072  13.7158  19.7976  19.6948  14.0552  19.986  14.6224  18.6673  13.5672  12.3633  51.0235  
36.2607  20.585  15.1725  16.3726  14.1538  15.9414  17.8258  17.4611  15.1608  12.7879  18.2539  31.554  
21.4893  21.9669  13.6915  15.8454  18.2641  17.7006  18.9046  10.4545  16.2015  16.7908  14.1622  11.2543  
47.8001  20.7116  16.7592  25.3977  13.7579  13.0097  15.572  20.4573  14.5761  13.097  21.4322  50.8698  
20.4104  29.0359  26.9722  16.5178  26.8209  18.0764  15.193  18.6869  20.9419  29.5935  21.1735  33.0686  
26.6282  28.3708  18.727  16.8462  15.0243  15.3417  16.9462  15.7981  13.0089  17.4657  20.0686  34.0501  
12.715  27.133  23.0765  17.8908  17.8282  16.5485  13.5613  13.7811  17.2366  37.8745  29.8095  36.1976  
17.2693  23.2073  18.9884  17.0921  15.2348  14.747  15.313  15.7587  20.2253  16.3152  18.3575  42.7697  
19.8112  26.8178  19.8394  15.3304  14.0533  12.4914  15.1256  14.2405  14.446  21.3568  25.3378  59.4192  
18.7008  17.4857  24.1618  15.7119  14.7128  13.5519  14.6135  13.5939  15.1428  10.1083  19.436  139.386  
18.2302  20.719  29.5102  15.3403  13.5809  13.7121  13.3486  12.7949  13.3798  21.3786  19.8046  57.559  
12.3545  23.5515  25.424  16.8088  12.8114  13.1105  12.3849  15.2248  16.7751  18.8662  14.3828  34.8678  
19.5777  20.6987  30.6006  14.7693  0  15.1487  13.814  18.8662  21.6511  16.5855  22.569  25.2232  
13.0434  18.6269  20.8307  18.7415  16.2027  19.812  22.5132  18.7955  15.4397  19.4234  16.5522  60.4754  
0  19.6348  26.7372  22.1916  15.4729  9.74662  11.2028  17.7675  22.2005  15.3716  31.369  31.3342  
5.53051  33.6124  123.131  26.8292  29.2872  25.3444  20.0622  27.7494  33.3573  27.2807  49.0246  48.8825  

#Last set exponential fit for all pmts, ignoring offset (P0)
sbs.hcal.tdc.tw = 5.82862 4.84955





#HCal tdc vs E fit parameter P0 (A) and P1 (B) obtained 8_2_2023
#Exponential fit for i PMTs -> y = P0_i*exp(-P1_i*x)+P2_i
-------[ 2021-10-24 04:30:00 ]
sbs.hcal.tdc.chan_tw_a =
0  9.7573  9.43549  10.8258  6.58718  7.09414  9.89753  6.01537  14.3008  10.7745  8.25559  8.80514  
0  0  0  10.7892  7.85416  7.50192  6.42535  0  25.9906  10.2517  0  6.21611  
0  0  0  12.4649  6.69883  7.16774  5.58963  6.99248  8.05687  10.8701  3.9258  26  
0  0  17.0599  8.81544  7.9568  6.53744  8.04198  8.28178  13.4731  10.9333  7.44379  14.2138  
0  0  25.4688  7.99829  7.21266  6.26999  5.90934  6.78624  12.0236  11.0866  8.88076  14.5905  
26  16.9413  6.26213  7.86319  9.72943  6.36981  10.0955  8.00501  12.6488  5.99244  7.62634  11.1795  
6.48364  0  4.49901  5.61051  6.33357  26  5.98751  6.31824  13.589  9.75428  7.61663  9.46319  
17.6668  10.2695  6.74064  7.00471  5.56739  5.91031  6.8637  5.83991  6.84615  7.97032  9.64002  14.7548  
26  9.95957  26  8.29129  14.9232  7.11241  7.68277  7.22852  7.28253  7.76611  10.1398  26  
9.4641  20.4068  9.73804  9.54458  5.42046  6.3897  7.11522  6.76555  6.3073  8.62828  10.0581  12.2376  
26  9.06274  10.1026  8.20438  7.18141  6.54782  7.08412  7.8085  7.59771  13.4016  8.19878  9.14859  
6.97444  7.45621  7.73666  9.50264  6.58492  8.23434  6.06707  6.7395  9.5112  15.7958  12.2393  11.4755  
0  9.21184  6.1477  7.98312  5.38341  6.47999  9.04017  6.31976  8.5847  9.70413  12.4017  11.203  
26  8.14447  7.26072  6.30771  5.41838  6.12854  6.57002  8.29462  8.78679  8.01578  9.17174  7.0328  
15.8305  10.7823  7.89729  6.54274  6.69418  6.27477  6.39033  7.14958  8.20323  5.41569  10.6036  10.1619  
9.26809  9.84116  15.6361  10.1529  6.2886  5.70924  6.4241  8.4883  10.2375  6.53303  26  8.36067  
26  11.4203  7.02734  10.2184  5.17147  5.49561  7.39689  5.61762  6.58939  11.4275  6.73865  11.8663  
9.76954  7.87422  7.01368  7.01351  7.50925  5.911  19.4723  7.75525  7.166  5.77307  11.6153  13.3954  
10.4368  11.6875  10.5406  6.54445  6.49246  6.04407  5.94923  6.76369  7.26128  9.23065  6.36314  6.07699  
7.80899  13.0642  7.74357  7.40371  8.2748  6.13205  6.26507  5.44026  7.23613  9.32942  26  11.9729  
8.37431  11.8544  8.35896  7.03714  0  6.11209  7.03682  6.76944  7.90353  10.3754  7.49879  9.21213  
26  26  26  8.83099  7.80242  7.92769  18.3377  6.708  10.3856  8.51648  8.25263  7.22571  
0  13.2693  10.5433  8.43085  6.60074  6.12744  6.59554  5.90006  11.1104  13.5117  9.5135  9.58138  
19.1399  26  7.32907  8.64498  6.52392  6.37654  9.19576  9.49236  6.2222  26  9.2983  17.6204  
sbs.hcal.tdc.chan_tw_b =
0  28.6922  28.6665  37.1849  87.4312  21.3283  15.8099  16.1795  85.1929  54.7546  8.02081  11.2149  
0  0  0  11.3026  10.0951  13.8092  6.93338  0  0.109843  30.0276  0  52.2797  
0  0  0  19.4094  10.8137  14.3255  16.0176  17.9196  10.6017  19.3235  21.9381  0.602789  
0  0  37.401  7.99336  11.5229  7.0299  15.7375  17.1009  15.3043  3.66502  8.72433  17.9702  
0  0  0.839369  4.5085  11.2774  11.2552  9.73332  11.8664  16.5508  4.72698  12.0789  48.4755  
60.0795  40.4433  19.9893  18.9722  20.3131  15.8601  16.4995  15.3071  14.1168  12.4615  13.0885  6.71837  
46.1361  0  37.3962  12.8065  17.1937  11.5929  10.7925  10.5997  18.5481  11.8529  13.7839  5.21846  
29.2798  12.8964  8.46969  10.3583  10.9669  11.6352  14.4265  13.3903  14.0495  5.5513  15.227  4.16344  
73.2864  9.17485  0.487796  14.8201  26.562  13.7895  9.14827  12.6752  13.3244  14.9144  21.2397  118.696  
6.67817  1.45835  29.733  15.4365  6.73419  11.7736  15.0275  13.1801  5.88752  17.717  19.2538  28.3587  
52.3373  17.8105  19.4245  16.3122  11.5158  13.269  15.4286  14.464  11.4661  23.6555  15.4827  23.7177  
8.83941  8.9903  12.8505  17.4164  14.6463  15.7356  11.5587  12.4769  14.6294  23.9658  15.9685  13.539  
0  50.5184  14.5461  20.1436  22.8264  12.4709  15.0763  10.3166  11.1283  18.139  32.6531  20.4941  
33.1757  15.5767  3.81991  10.8824  8.25106  13.5945  12.1156  19.8702  13.4906  13.1255  17.175  34.7273  
81.7344  21.6935  10.9747  11.6  12.7089  10.6436  11.9572  15.4002  11.046  10.378  22.3059  21.2104  
14.1945  24.8899  18.8522  15.3873  11.1065  8.73785  11.3737  18.0491  16.3296  7.59168  72.945  12.5663  
1.24875  43.4563  14.3479  14.8035  15.074  10.0591  14.8793  13.0867  7.62177  28.2826  11.8867  34.5667  
5.27977  9.58354  8.43196  8.57426  15.8423  9.26217  31.4823  14.0039  10.6273  8.22188  18.7  53.6166  
17.2369  23.882  14.2877  11.835  11.1104  11.3758  14.4574  12.8423  13.0783  13.802  10.2714  33.9727  
16.4013  28.1031  12.7373  9.83636  13.4744  11.1228  9.28902  12.7376  12.98  12.9888  37.0819  45.6872  
19.3475  35.7983  5.55867  11.3124  0  8.65954  21.2366  14.2759  12.3337  16.9401  10.4784  19.4206  
1.0906  0.753679  27.4655  12.5752  14.5698  16.8007  24.1728  13.0826  13.4445  10.1027  14.9242  6.28945  
0  25.2478  29.6682  15.9729  13.5643  10.1063  11.6651  6.70397  15.0216  31.026  11.5991  21.8684  
42.7109  1.9942  39.7842  24.0841  20.5898  19.6966  19.7741  26.929  14.2778  39.1793  34.8267  51.488  

#Last set exponential fit for all pmts, ignoring offset (P0)
sbs.hcal.tdc.tw = 6 4.15219



