

#HCal tdc vs E fit parameter P0 (A) and P1 (B) obtained 8_2_2023
#Exponential fit for i PMTs -> y = P0_i*exp(-P1_i*x)+P2_i
--------[ 2021-11-13 00:00:00 ]
sbs.hcal.tdc.chan_tw_a =
0  0  0  0  0  0  0  0  0  0  0  0  
0  0  0  0  0  0  0  0  0  0  0  0  
0  0  0  0  0  0  0  0  0  0  0  0  
0  0  0  0  0  0  0  0  0  0  0  0  
0  0  0  0  0  0  0  0  0  0  0  0  
0  0  0  0  0  26  0  0  0  0  0  0  
0  0  0  0  0  26  26  26  10.063  0  0  2  
0  0  0  0  26  26  25.4695  26  7.96161  0  0  0  
0  0  0  0  26  6.65326  26  26  25.1973  0  0  25.9255  
0  0  0  26  24.4431  24.1559  26  26  2  0  0  0  
26  0  0  7.90539  26  8.90328  10.6073  26  0  0  0  0  
14.0326  0  0  26  26  25.8343  26  6.94901  0  0  0  26  
0  0  0  0  25.5149  19.4331  7.67073  9.25191  26  0  26  26  
26  0  0  26  10.0353  26  2  26  26  19.3263  26  25.9643  
0  0  0  26  11.164  4.63082  26  25.751  26  0  0  26  
0  0  0  26  26  23.5472  6.94164  26  2  11.3771  14.3438  26  
0  0  0  0  14.3837  26  8.85539  19.7513  2  26  0  2  
0  0  0  0  8.04116  22.2226  26  7.07354  26  0  0  26  
0  0  0  0  25.7189  26  26  2  26  0  0  6.29421  
0  0  0  0  0  25.9748  2.8993  0  0  0  0  0  
0  0  0  0  0  0  0  12.365  0  0  0  12.0713  
0  0  0  0  0  0  26  0  0  0  0  13.7487  
0  0  0  0  0  0  0  0  0  0  0  0  
0  26  0  0  0  0  0  0  0  0  0  18.2737  
sbs.hcal.tdc.chan_tw_b =
0  0  0  0  0  0  0  0  0  0  0  0  
0  0  0  0  0  0  0  0  0  0  0  0  
0  0  0  0  0  0  0  0  0  0  0  0  
0  0  0  0  0  0  0  0  0  0  0  0  
0  0  0  0  0  0  0  0  0  0  0  0  
0  0  0  0  0  1.39873  0  0  0  0  0  0  
0  0  0  0  0  8.99642  -1.04705  -1.4147  3.75021  0  0  -2.66041  
0  0  0  0  24.2675  18.4996  0.115024  0.622777  9.87592  0  0  0  
0  0  0  0  9.85425  -0.0353879  15.0224  -0.990487  17.6006  0  0  0.276028  
0  0  0  0.293832  -0.162677  0.0610571  0.608386  0.761139  1.26105  0  0  0  
30.36  0  0  0.124901  19.2101  -0.101917  3.33785  1.0053  0  0  0  0  
10.1629  0  0  1.17549  25.5981  0.348164  0.515095  0.0321522  0  0  0  35.3915  
0  0  0  0  0.528353  25.1843  -0.0197553  8.01084  0.216324  0  0.518553  0.387798  
30.5444  0  0  0.69313  21.4586  18.9634  1.20074  0.640432  18.6437  16.0446  0.499477  0.105692  
0  0  0  0.589707  5.64605  6.04041  25.6524  0.235949  12.0538  0  0  1.17622  
0  0  0  9.97966  24.1681  0.0521575  14.7522  24.5164  -3.38305  13.965  8.14745  0.925046  
0  0  0  0  13.4004  28.7492  2.32218  21.1652  1.46872  0.62546  0  -1.19033  
0  0  0  0  25.2439  22.5434  24.5334  6.00347  0.434447  0  0  0.339375  
0  0  0  0  0.466344  2.08947  20.0025  -1.38429  -0.436587  0  0  -0.410011  
0  0  0  0  0  -0.247629  10.1799  0  0  0  0  0  
0  0  0  0  0  0  0  12.6297  0  0  0  14.8538  
0  0  0  0  0  0  -1.79454  0  0  0  0  12.2818  
0  0  0  0  0  0  0  0  0  0  0  0  
0  29.4018  0  0  0  0  0  0  0  0  0  58.9392  

#Last set exponential fit for all pmts, ignoring offset (P0)
sbs.hcal.tdc.tw = 4.6274 5.91855



