

#HCal tdc vs E fit parameter P0 (A) and P1 (B) obtained 8_7_2023
#Exponential fit for i PMTs -> y = P0_i*exp(-P1_i*x)+P2_i
--------[ 2022-01-22 00:00:00 ]
sbs.hcal.tdc.chan_tw_a =
7.3207  6.80406  6.82399  6.51371  5.37448  5.49173  5.95008  6.01734  5.91174  6.1544  8.42475  7.25931  
7.66311  7.63016  7.28484  6.45792  5.7146  5.13914  5.45001  7.99013  7.09972  7.87873  7.96294  6.30705  
6.7128  6.8388  6.56137  6.53572  5.8209  5.29086  6.53282  6.32616  7.43309  6.45216  6.10875  7.2017  
7.59244  8.2631  6.83981  7.58945  6.35219  6.15253  6.09422  6.41203  7.65205  9.22145  7.69978  2  
7.87246  7.47593  7.78501  7.59882  6.2599  5.84911  7.06557  7.58206  7.86719  8.0829  9.54622  9.54952  
9.11672  7.66544  6.36895  6.15997  5.9829  5.9805  6.11795  6.95872  8.03271  7.34404  8.41497  11.2492  
5.73436  3.908  5.21299  5.78135  5.64516  26  6.59724  7.37094  8.97899  8.57845  8.5759  5.47193  
7.99406  6.22651  6.28526  5.9772  5.01191  5.18545  5.97737  6.44875  7.73243  7.54184  9.12265  26  
8.49773  8.51324  6.87969  6.26284  5.85146  5.86745  6.51478  6.76879  7.37626  8.13883  8.24707  26  
6.87189  6.43062  6.76128  6.58637  5.87137  5.67652  6.61081  6.22671  6.36861  6.39469  6.68204  9.69175  
6.98045  6.83201  7.09282  6.89851  5.45853  6.02297  6.44083  6.19494  7.36245  7.24348  7.42954  5.8787  
6.664  7.10504  5.98548  6.8544  5.44624  6.34902  5.28651  5.83812  7.57166  7.9017  10.2171  7.89387  
4.6313  6.0686  5.67586  5.813  5.14692  5.8805  5.84638  5.96452  7.89016  8.08219  8.68951  8.08534  
10.1167  8.02226  6.79014  6.02979  5.21785  5.6554  5.47574  5.753  6.84736  7.06202  7.96996  7.46272  
6.82028  7.22725  6.248  6.38997  5.48432  5.30738  6.12116  5.49011  6.72415  4.84758  7.21401  8.01768  
9.06607  7.12232  6.78639  7.30538  5.37723  5.52982  6.11574  6.15541  7.15843  7.07693  7.87093  6.03015  
8.60906  6.47216  6.60917  6.19935  5.1623  5.31886  5.42104  5.48588  6.23025  6.22437  7.18894  5.32462  
6.2454  5.93811  6.62568  6.36499  5.46033  5.16416  5.84191  5.44658  6.71071  6.50031  6.79829  8.66133  
6.60273  8.72784  6.34674  6.32224  5.76205  5.67819  5.02919  5.15485  5.23939  5.54052  8.41146  7.46655  
25.9999  6.62278  5.95995  5.48255  5.47171  5.47195  4.82264  5.03394  6.56604  6.29875  6.02424  7.03876  
6.78388  6.41817  5.22823  6.01815  4.48839  5.48251  5.64775  6.05119  8.52001  6.64589  5.71544  10.063  
5.99692  6.0896  6.74481  7.40056  6.19756  5.96961  9.88675  5.53382  7.47826  7.58838  7.22377  6.33881  
0  9.43246  5.98093  7.4267  5.337  7.79569  4.74259  5.83367  8.86479  5.90726  7.43813  7.35813  
7.58684  8.9946  6.34345  6.58819  4.9894  5.33054  5.90418  6.4902  6.27774  7.05086  7.95857  10.1827  
sbs.hcal.tdc.chan_tw_b =
7.68089  61.1132  18.0019  12.3411  14.2145  10.1396  13.8002  14.1526  5.91184  6.93887  13.4802  7.51691  
7.14714  15.9523  10.6479  10.5832  10.0347  7.41022  11.9139  19.6248  11.2172  16.1524  11.9595  31.6375  
7.77005  26.1649  13.438  8.15412  4.47316  9.61287  25.2294  14.1051  12.9986  10.4644  25.859  26.033  
11.1388  13.294  12.3934  11.1617  7.90853  7.83318  7.65877  6.3143  6.18309  13.6613  11.4044  -104.717  
8.54646  9.24958  9.87501  10.4091  8.86252  10.2609  10.0498  11.2123  9.05699  11.3358  17.542  29.9041  
84.3468  10.5855  8.06071  8.09178  8.17054  9.29607  8.32616  9.77955  5.86446  12.4355  10.4141  38.8228  
26.2857  21.4854  24.8081  11.4651  10.7269  13.0096  10.3364  10.8654  11.4363  11.0063  9.968  26.4395  
30.4483  8.02333  7.12249  7.39965  7.71613  5.97561  10.2305  9.71357  10.6225  11.6795  4.05085  9.35986  
55.2347  11.3554  9.92191  8.18871  9.31719  8.71199  10.1914  8.42676  7.99861  9.8356  8.26305  4.8548  
48.0684  8.08068  12.1922  8.89158  10.058  9.3779  11.2884  9.41539  8.28757  6.5425  7.67565  19.2457  
75.0756  9.18004  10.0023  9.40682  8.62374  10.0012  11.0341  8.76368  10.1093  5.82807  15.9896  12.376  
54.7516  10.6505  10.5913  12.5387  8.68369  10.4905  8.42424  9.33865  9.53978  10.1814  14.8877  26.1971  
26.971  18.2466  8.93085  14.9974  17.7822  12.3176  8.6557  10.4939  11.3802  11.5127  14.7951  40.7239  
28.9028  13.3238  11.6179  10.3374  8.36159  10.0896  9.71706  9.1366  10.6652  9.60644  13.379  34.3044  
23.6761  10.2959  8.26223  9.86134  7.10514  8.11577  10.699  9.72244  10.9282  12.9195  10.2193  35.3625  
23.3856  11.754  9.85916  10.8404  8.61898  8.2061  8.84049  8.29669  10.0184  9.19864  19.326  42.1787  
23.473  10.6694  8.46872  8.30646  9.8666  8.88672  7.80505  10.2859  11.2213  9.00805  11.312  88.7941  
18.7943  9.85507  10.2288  6.47538  8.07404  9.38556  9.92434  8.13846  10.6928  11.6332  9.75024  75.8992  
64.8664  16.9588  10.22  9.7064  8.20414  9.58336  10.1821  7.42532  9.65802  5.96089  16.0167  94.5385  
3.91429  10.0313  10.3329  8.0128  4.7471  6.66798  8.47852  9.74656  7.61584  8.33571  7.89782  35.1965  
48.4141  13.4042  7.26025  7.6853  8.15556  11.6285  9.55316  8.62249  14.0176  12.0421  10.3989  137.315  
29.1935  5.16033  11.1013  11.9319  10.8237  12.7066  18.2044  11.97  10.2438  14.546  8.68908  75.9544  
0  20.3028  11.8644  13.9754  12.7453  2.10382  8.78489  9.53425  14.1456  8.32186  16.497  44.5553  
42.4461  47.8493  25.1288  36.3723  4.90038  19.8697  12.3136  20.1126  6.50605  14.7929  66.6922  85.7631  

#Exponential fit for all pmts
sbs.hcal.tdc.tw = 2 9


#Pol1 fit for all pmts
sbs.hcal.tdc.tw = -5.20375 3.64299



