#HCal cosmic fit parameters obtained 1_27_2023
#Exponential fit for i PMTs -> y = P0_i*exp(-P1_i*x)+P2_i, P1_i = 
0.0649384
0.0194647
0.0215571
0.0282093
2.22045e-16
0.0665799
8.74445e-05
0.146899
0.00977983
1.15463e-14
8.88178e-16
5.55112e-17
0.0270256
0.0206098
0.0660726
0.0856588
0.00145051
0.0199826
0.272353
0.284026
0.154931
0.0682651
0.0355446
0
9.14324e-13
5.49047e-05
0.0464364
0.0706102
0.126605
0.116399
0.096603
0.0777029
0.189655
0.0748252
5.55112e-17
0.247961
4.56302e-14
0.144473
0.0321361
0.102035
0.213127
0.187173
0.00162931
0.00255396
0.179017
0.0534902
0.0113978
3.51269e-12
0.106221
0.241067
0.0393918
0.099706
0.109581
0.298284
0.100179
0.074276
0.138902
0.0960745
0.0257567
0.0998498
0
0.0824019
0.152933
0.103291
0.10843
0.226249
0.0269167
0.0938862
0.0620581
0.162131
0.0645301
0.0242363
0
5.19029e-14
0.000169052
3.01024e-05
0.113016
0.0522571
0.195303
0.0906134
0.0917114
0.0722001
0.139018
0
0.0701942
0.236191
0.0530541
0.0683405
0.327238
2.47864e-07
2.05391e-14
0.291377
0.164359
0.132263
0.0439175
0
1.87256e-12
0.13168
0.116896
0.218296
0.0504253
0.119765
0.122934
0.102382
0.0759168
0.131198
0.0986158
0.0314923
0.00017096
0.0518969
0.0988848
0.158249
0.171486
0.132983
0.162269
0.0843476
0.133172
5.55112e-17
0.110602
0.00972824
1.55431e-15
0.0621537
0.157793
0.0924571
0.090586
0.13536
0.138367
0.116885
0.107535
0.0574479
5.25337e-05
1.13798e-14
6.37823e-14
0.0686982
0.0826778
0.0538444
0.0644999
0.087182
0.0642278
0.150536
0.139338
0.157857
0.0163737
5.4956e-14
0.417537
0.149339
0.150677
0.0739761
0.12797
0.134028
0.110595
0.0591359
0.0766241
0.160258
0.0452306
0.064057
0.0156321
0.0685724
0.0524253
0.0663865
0.121443
0.075787
0.0966568
0.124068
0.103371
0.0839465
0.00388229
5.55112e-17
0
0.0540297
0.092526
0.0667606
0.0865067
0.0914396
0.0484662
0.0813822
0.0856247
0.000135342
0.053045
2.22045e-16
0.150805
0.0671198
0.0688423
0.00109052
0.147126
0.10251
0.127475
0.155852
0.0888209
0.0624495
5.54098e-05
0
0.000115089
0.12988
0.0821082
4.02742e-05
0.12596
4.13012e-05
0.169464
0.147639
0.169026
0.0941709
0.0349967
8.88178e-16
0.234679
0.0700611
0.0941826
0.103317
0.0734258
0.190279
0.0882155
0.104514
0.0973325
0.0829734
0.0494847
7.10543e-15
0
0.0537044
0.111129
0.0541728
0.144425
0.0833984
0.0892765
0.0917317
0.104232
0.0955476
0.0529825
1.80578e-13
0.000373716
0.0413131
0.0423955
0.0928849
0.0818319
0.0888124
0.160306
0.137502
0.0807018
0.0973981
0.0783065
0.0122313
1.25755e-12
0.0459293
0.101035
0.0657323
0
0.0996453
0.0854228
0.0996539
0.127529
0.109361
0.037962
0.000394769
0.0414959
0.079415
0.0489002
0.0349236
0.133369
0.0774496
0.0522665
0.0857932
0.0774868
0.0833606
0.0347277
4.77951e-14
0
0.062914
0.0249252
0.031121
0.131778
0.0802137
0.0988318
0.104638
0.0323337
0.0407037
0.0296146
2.9256e-12
3.84832e-05
0
0.000381889
1.17184e-13
0.209416
9.87543e-13
0.0793164
0.0808358
0.034638
0.0960559
0.0239071
2.04836e-14
