#HCal cosmic fit parameters obtained 1_27_2023
#Exponential fit for i PMTs -> y = P0_i*exp(-P1_i*x)+P2_i, P2_i = 
-42.6025
-43.8333
-44.193
-44.1295
-69.2635
-44.1242
-73.181
-42.8075
-45.5815
-68.7225
-69.0451
-64.6486
-44.5812
-43.8798
-43.8795
-43.4988
-61.7887
-45.0952
-42.6796
-41.6238
-42.4178
-42.9691
-45.5384
-70.3691
-67.1141
-67.982
-42.2885
-44.7798
-43.4738
-43.5352
-42.2775
-41.4109
-41.7125
-42.1025
-66.7392
-39.9791
-65.7977
-43.7455
-44.1232
-43.3692
-44.0606
-43.2713
-52.3684
-53.7309
-41.4216
-42.2162
-44.6458
-65.4965
-72.1147
-71.5345
-74.2963
-73.8635
-73.7098
-73.1532
-73.4489
-72.9104
-72.1469
-71.8231
-72.3081
-71.5085
-67.4644
-37.013
-44.6076
-44.2461
-73.7618
-72.9671
-47.206
-43.5314
-43.8536
-42.2763
-72.7422
-72.754
-65.716
-65.6625
-74.3358
-69.925
-45.0671
-46.6186
-44.7016
-43.8749
-43.8778
-42.484
-40.6837
-72.4983
-42.4107
-39.3242
-45.3206
-45.2826
-45.3362
-70.9284
-70.7731
-44.6499
-44.1955
-44.4692
-43.7744
-61.7475
-69.1224
-43.6462
-45.2225
-44.97
-46.0722
-45.1385
-45.051
-45.6288
-43.9075
-42.9687
-43.2932
-42.0276
-71.7097
-46.1475
-46.6407
-46.1041
-45.6575
-45.4515
-45.3167
-45.8831
-45.7405
-69.5544
-41.914
-41.8587
-65.7272
-44.5244
-44.5638
-44.9957
-45.3894
-45.295
-44.9661
-44.4514
-44.5623
-43.1791
-66.3307
-68.1609
-63.9877
-43.9231
-44.5212
-45.6019
-45.689
-45.3527
-44.8728
-44.1678
-44.535
-43.2511
-42.1199
-62.8378
-73.1131
-73.6739
-73.8038
-74.5013
-74.7384
-74.8008
-74.7235
-74.4385
-74.1369
-72.9248
-70.5297
-70.8923
-45.8834
-44.926
-45.6946
-45.8828
-45.7805
-45.8618
-45.3414
-44.9461
-45.3586
-44.289
-44.1043
-67.5606
-65.5082
-44.4689
-47.5511
-46.1942
-46.0366
-46.4727
-46.1209
-45.5659
-44.9672
-71.8732
-44.2687
-68.155
-72.1019
-75.008
-45.3015
-64.1772
-45.9829
-45.3911
-74.4958
-74.3624
-45.5937
-44.971
-71.2819
-67.3282
-71.5721
-47.0362
-45.3607
-70.3403
-45.3841
-70.4373
-45.5216
-45.2824
-45.1441
-44.6377
-43.1974
-68.5209
-44.5899
-43.9968
-46.0913
-45.6563
-46.4281
-45.9828
-46.4102
-45.7725
-45.924
-45.6517
-44.16
-67.8821
-65.6975
-45.8325
-48.8497
-46.2512
-45.8289
-46.493
-45.9347
-45.5435
-45.1535
-44.5704
-43.5299
-65.9229
-72.0136
-42.3992
-44.4994
-46.0563
-46.6384
-46.0872
-45.4377
-45.7699
-44.6026
-44.1698
-43.8549
-44.0335
-69.2798
-41.7567
-88.6283
-45.4921
0
-45.6808
-45.0921
-44.6145
-44.2726
-43.3459
-44.7006
-67.475
-39.3927
-45.1926
-45.7642
-46.5431
-46.0798
-45.9294
-43.9031
-43.8109
-43.8749
-43.536
-43.4932
-70.4669
0
-45.5071
-46.3446
-44.5867
-43.9035
-44.2965
-44.5679
-43.1725
-43.9296
-44.4604
-44.9261
-71.3654
-76.2169
-68.1857
-68.7358
-67.9547
-45.1004
-67.3609
-44.6891
-44.0989
-45.3479
-45.9182
-42.912
-67.9305
