#HCal gain coefficients from SBS-4 obtained 5_31_2023 timestamp set --------[ 2021-10-21 00:00:00 ]
--------[ 2021-10-21 00:00:00 ]
sbs.hcal.adc.gain =
0.00175  0.00266867  0.00263163  0.00180382  0.00263728  0.00185798  0.0024062  0.00332779  0.00145959  0.00145491  0.00222524  0.00374568  
0.00175  0.0028114  0.00311657  0.0025307  0.00220669  0.00193068  0.00133793  0.00033258  0.000987108  0.00208857  0.00104803  0.00256277  
0.00175  0.00198737  0.00219473  0.00245061  0.00215401  0.00192553  0.000814091  0.00111288  0.00151991  0.00215693  0.000868816  0.0031688  
0.00175  0.00370595  0.00401596  0.00228005  0.00181339  0.00196883  0.00188691  0.00208838  0.00164712  0.00208062  0.00191594  0.00296845  
0.00175  0.00315738  0.00365944  0.00451326  0.00214065  0.0043119  0.00202623  0.00197243  0.0019649  0.00202092  0.00184944  0.00272894  
0.00539881  0.00403519  0.00351513  0.00295326  0.00434287  0.00187614  0.00208782  0.00184612  0.00175581  0.00153972  0.00173477  0.00254265  
0.00169373  0.000953316  0.000244228  0.000865482  0.00178827  0.00135627  0.0018578  0.00181004  0.00183508  0.00200068  0.00173649  0.00311957  
0.0030827  0.00435625  0.00364767  0.00360219  0.00442346  0.00184469  0.00203854  0.00175418  0.00182285  0.00208202  0.00197725  0.00326762  
0.00512732  0.0033631  0.00255576  0.00329051  0.00203045  0.00160974  0.00119972  0.00185589  0.00166473  0.00360899  0.0032793  0.00300717  
0.00260136  0.00339242  0.00349536  0.00404581  0.00545497  0.00163791  0.00173089  0.00166217  0.00185743  0.00351913  0.00279118  0.00305697  
0.00607633  0.00391782  0.00334263  0.00354005  0.00194897  0.00176758  0.00760519  0.00176643  0.00185465  0.00382072  0.00157244  0.00216883  
0.0072298  0.00431671  0.00293809  0.00347104  0.00404819  0.00131958  0.00153957  0.00469131  0.00177267  0.00363483  0.00426637  0.00372126  
0.00234592  0.00100463  0.00186511  0.000275435  0.00147577  0.00092002  0.00150679  0.0055853  0.00433575  0.00242197  0.00270645  0.0035386  
0.00660769  0.00319067  0.00341755  0.00280993  0.00201697  0.003806  0.0015387  0.00193139  0.00145191  0.00362271  0.00336373  0.00379699  
0.00212358  0.00419989  0.00222456  0.0034451  0.00313513  0.00430348  0.0017596  0.00275205  0.00409969  0.000421989  0.00224101  0.00341337  
0.00335189  0.00285181  0.00360948  0.00329312  0.00326816  0.00344276  0.00172519  0.00409685  0.00308655  0.00354079  0.00457011  0.00356526  
0.00349821  0.00202881  0.00406111  0.00277595  0.0019001  0.00302777  0.00228389  0.00104067  0.00338575  0.00262101  0.00429444  0.00340549  
0.00274887  0.00347885  0.00332734  0.00229984  0.00302727  0.00304513  0.00447403  0.00190508  0.00192204  0.0037455  0.0041771  0.00366691  
0.0050249  0.0044209  0.00342137  0.00268624  0.0043048  0.00152226  0.00525881  0.00169469  0.0016066  0.00407135  0.0042452  0.0037875  
0.00432152  0.00399686  0.00272086  0.00387061  0.00164257  0.0015453  0.00149149  0.00145206  0.00182338  0.00433384  0.00376335  0.00372496  
0.0045194  0.00370345  0.00488324  0.00375584  0.00243146  0.00151844  0.00131835  0.00167033  0.0019338  0.00213015  0.004029  0.00410904  
0.00265122  0.00208474  0.0059053  0.00200294  0.00178346  0.001705  0.00180826  0.00179812  0.0019239  0.00184578  0.00230078  0.00338812  
0.00175  0.00403728  0.00184311  0.00188862  0.00164165  0.00163744  0.00149042  0.0017886  0.00188636  0.0022608  0.00262937  0.00308539  
0.00731553  0.00733844  0.00269888  0.00236267  0.00204097  0.00246712  0.00241754  0.00240661  0.00195007  0.00151657  0.00263376  0.00416878  

#One Block Std = 
0.00175  0.00266867  0.00263163  0.00180382  0.00263728  0.00185798  0.0024062  0.00332779  0.00145959  0.00145491  0.00222524  0.00374568  
0.00175  0.0028114  0.00311657  0.0025307  0.00220669  0.00193068  0.00133793  0.00033258  0.000987108  0.00208857  0.00104803  0.00256277  
0.00175  0.00198737  0.00238623  0.00245061  0.00215401  0.00192553  0.000814091  0.00111288  0.00151991  0.00215693  0.000868816  0.0031688  
0.00175  0.00370595  0.00207407  0.00228005  0.00181339  0.00196883  0.00188691  0.00208838  0.00164712  0.00208062  0.00191594  0.00296845  
0.00175  0.00289564  0.00231741  0.00213534  0.00214065  0.0017051  0.00202623  0.00197243  0.0019649  0.00202092  0.00184944  0.00272894  
0.00539881  0.00349153  0.00254019  0.00170834  0.00187107  0.00187614  0.00208782  0.00184612  0.00175581  0.00153972  0.00173477  0.00254265  
0.00169373  0.00130524  0.000966914  0.00134621  0.00121074  0.00135627  0.0018578  0.00181004  0.00183508  0.00200068  0.00173649  0.00311957  
0.0030827  0.00372947  0.00255013  0.0024255  0.00188588  0.00184469  0.00203854  0.00175418  0.00182285  0.00208202  0.00197725  0.00326762  
0.00512732  0.00316712  0.002374  0.00224892  0.00203045  0.00160974  0.00119972  0.00185589  0.00166473  0.00190801  0.00176975  0.00300717  
0.00260136  0.00288451  0.00222348  0.00223933  0.0018114  0.00163791  0.00173089  0.00166217  0.00185743  0.00194299  0.00155949  0.00305697  
0.00607633  0.00348856  0.00235369  0.00200456  0.00194897  0.00176758  0.00188387  0.00176643  0.00185465  0.00197599  0.00126722  0.00216883  
0.0072298  0.00307353  0.00188761  0.0019443  0.00140963  0.00131958  0.00153957  0.00173835  0.00177267  0.0020961  0.00240923  0.00372126  
0.00234592  0.00167112  0.00173693  0.00034076  0.00104464  0.00092002  0.00150679  0.00179541  0.00196525  0.00176972  0.00228241  0.0035386  
0.00660769  0.00254332  0.00232964  0.0016091  0.00139604  0.00152916  0.0015387  0.00193139  0.00145191  0.0022929  0.00270455  0.00379699  
0.00212358  0.0031528  0.00169967  0.00187637  0.00170249  0.00189173  0.0017596  0.00179713  0.00202973  0.000282054  0.00250264  0.00341337  
0.00335189  0.00267784  0.0023822  0.00188996  0.00145311  0.00129659  0.00172519  0.00187615  0.00192496  0.0022379  0.00274045  0.00356526  
0.00349821  0.00208082  0.00243457  0.00182426  0.00118586  0.00161923  0.0015286  0.00104067  0.00180417  0.00201467  0.00268893  0.00340549  
0.00274887  0.00280964  0.00227678  0.00158279  0.00168266  0.00144933  0.00171416  0.00190508  0.00192204  0.00209136  0.00277177  0.00366691  
0.0050249  0.00292725  0.00225719  0.00157969  0.00163578  0.00152226  0.00159482  0.00169469  0.0016066  0.00229904  0.00274889  0.0037875  
0.00432152  0.0028822  0.00217111  0.00179476  0.00164257  0.0015453  0.00149149  0.00145206  0.00182338  0.00240198  0.00296171  0.00372496  
0.0045194  0.00289505  0.00467872  0.0016102  0.00243146  0.00151844  0.00131835  0.00167033  0.0019338  0.00213015  0.00226239  0.00410904  
0.00265122  0.00206662  0.00225118  0.00200294  0.00178346  0.001705  0.00180826  0.00179812  0.0019239  0.00184578  0.00230078  0.00338812  
0.00175  0.00403728  0.00184311  0.00188862  0.00164165  0.00163744  0.00149042  0.0017886  0.00188636  0.0022608  0.00262937  0.00308539  
0.00731553  0.00733844  0.00269888  0.00236267  0.00204097  0.00246712  0.00241754  0.00240661  0.00195007  0.00151657  0.00263376  0.00416878  

#Number of events available for calibration = 
5  10  8  6  3  11  8  1  2  4  1  2  
15  54  59  36  33  51  49  8  9  17  19  5  
7  79  103  60  68  69  37  24  29  43  30  7  
17  93  132  89  84  85  88  48  39  52  44  12  
13  145  158  123  89  114  83  59  65  59  71  14  
24  162  183  144  107  87  97  67  67  81  72  20  
29  158  201  175  118  76  79  57  71  88  81  18  
28  193  214  181  111  85  84  76  51  72  84  14  
30  207  209  185  99  76  70  60  57  103  119  25  
49  188  254  165  102  78  73  62  61  112  141  19  
32  212  240  165  94  96  104  75  75  136  127  25  
27  231  324  216  105  87  96  100  82  159  180  31  
58  269  348  125  133  88  98  102  105  166  225  33  
24  239  290  204  131  110  93  84  89  175  242  47  
44  245  281  249  155  107  93  103  106  109  230  36  
42  253  319  259  162  110  98  113  100  160  235  33  
39  262  330  263  182  137  117  88  104  201  249  56  
41  251  290  240  154  107  103  96  92  169  191  41  
31  193  236  219  128  94  100  98  76  134  186  30  
25  180  219  164  84  84  65  60  62  107  146  31  
23  120  161  104  84  46  40  37  30  74  118  28  
22  117  107  72  37  31  17  13  20  64  86  20  
0  89  93  56  34  20  13  16  13  47  66  7  
3  12  21  8  10  3  1  3  1  4  8  2  


#HCal gain coefficients from SBS-4 obtained 5_31_2023 timestamp set -------[ 2021-10-24 04:30:00 ]
-------[ 2021-10-24 04:30:00 ]
sbs.hcal.adc.gain =
0.00146679  0.000831062  0.00203705  0.00190095  0.00165667  0.00188853  0.00256957  0.00294953  0.00241174  0.00251433  0.00124824  0.00374568  
0.00168933  0.00232799  0.00177173  0.0019004  0.00222009  0.00224245  0.0011782  0.00045832  0.00164789  0.00125174  0.00113209  9.87806e-05  
0.00175  0.000358355  0.000661787  0.00176044  0.00156866  0.00186573  0.000803681  0.00100105  0.00118397  0.00135675  0.000378135  0.00353923  
0.00148881  0.00191133  0.00144495  0.00136127  0.00131844  0.00147851  0.00203585  0.00221248  0.00210404  0.00239501  0.0020739  0.000263138  
0.00202523  0.00142865  0.00178022  0.00180413  0.00175456  0.0012873  0.00192618  0.00194775  0.00210063  0.00190325  0.00182334  0.00252639  
0.00239333  0.00228151  0.0017505  0.00173316  0.00175447  0.00208935  0.00166582  0.00215872  0.00189143  0.00110482  0.00197186  0.000340647  
0.000621085  0.000205324  0.000194254  0.000492299  0.00107841  0.00109915  0.00211017  0.00176524  0.00201919  0.00210219  0.00162729  0.000777811  
0.0015556  0.00199954  0.00162415  0.00193626  0.00169648  0.00150341  0.0021674  0.00224906  0.00232878  0.00180447  0.00209349  0.00127036  
0.0031079  0.00195217  0.00112689  0.00159578  0.00211144  0.00178647  0.00145588  0.00205444  0.00199737  0.00211867  0.00250425  0.00177996  
0.00139336  0.00149397  0.0016919  0.00206  0.0019219  0.00183599  0.00223549  0.00202153  0.00195873  0.00179134  0.00152481  0.00305697  
0.00300555  0.00198712  0.00156869  0.00199785  0.00196961  0.0021964  0.00224821  0.00222967  0.00209161  0.00224089  0.000896084  0.00216883  
0.00244216  0.00183276  0.00150713  0.00166556  0.00199953  0.0020939  0.00173012  0.00212023  0.00179972  0.00229717  0.00247527  0.00372126  
0.000210423  0.000358514  0.000468579  0.000456588  0.000601029  0.000976462  0.00210572  0.00213043  0.00205409  0.00133812  0.00170947  0.0035386  
0.00394965  0.00115627  0.00148239  0.00110826  0.00107256  0.00182392  0.00158424  0.00232248  0.00151137  0.002152  0.00227619  0.00379699  
0.0010408  0.0020122  0.00119089  0.00161922  0.00193947  0.00190504  0.00198141  0.00210047  0.00194181  0.000109097  0.00236045  0.00341337  
0.00198129  0.00122657  0.00179041  0.00150723  0.00165446  0.00130678  0.00201339  0.00233514  0.00179612  0.00215366  0.00194955  0.00120236  
0.00264383  0.000632544  0.0018129  0.00157516  0.00112748  0.00177428  0.00174115  0.000947641  0.00112739  0.00152293  0.00195743  0.000353197  
0.00160672  0.00137396  0.00164102  0.00116231  0.00180594  0.00146771  0.00207316  0.00249749  0.00198602  0.00171992  0.0026283  0.00183471  
0.00122787  0.00237683  0.00187377  0.00154795  0.00198368  0.00153398  0.00188473  0.0022337  0.00134727  0.00183099  0.00223787  0.00113299  
0.0017604  0.00169319  0.00164664  0.00159757  0.00238141  0.0014215  0.00159417  0.00135206  0.00203202  0.00192577  0.00217839  0.00278363  
0.00183094  0.00160401  0.000338594  0.00146814  0.00146833  0.0015579  0.0014757  0.00217433  0.002005  0.00144616  0.00141893  0.00296363  
0.00108343  0.00095762  0.00196904  0.0020007  0.00219503  0.00221985  0.00210329  0.00206234  0.00198652  0.000963624  0.00196761  0.00121246  
0.00175  0.00250125  0.00155951  0.0019047  0.00188023  0.00204168  0.00169123  0.0017457  0.00207646  0.002039  0.00237951  0.0016675  
0.000800967  0.00139694  0.00179813  0.0014549  0.0023414  0.00198892  0.00305921  0.00165795  0.00215188  0.00200347  0.00153801  0.00324092  

#One Block Std = 
0.00146679  0.000831062  0.00203705  0.00190095  0.00165667  0.00188853  0.00256957  0.00294953  0.00241174  0.00251433  0.00124824  0.00374568  
0.00168933  0.00232799  0.00177173  0.0019004  0.00222009  0.00224245  0.0011782  0.00045832  0.00164789  0.00125174  0.00113209  9.87806e-05  
0.00175  0.000358355  0.000661787  0.00176044  0.00156866  0.00186573  0.000803681  0.00100105  0.00118397  0.00135675  0.000378135  0.00353923  
0.00148881  0.00191133  0.00144495  0.00136127  0.00131844  0.00147851  0.00203585  0.00221248  0.00210404  0.00239501  0.0020739  0.000263138  
0.00202523  0.00142865  0.00178022  0.00180413  0.00175456  0.0012873  0.00192618  0.00194775  0.00210063  0.00190325  0.00182334  0.00252639  
0.00239333  0.00228151  0.0017505  0.00173316  0.00175447  0.00208935  0.00166582  0.00215872  0.00189143  0.00110482  0.00197186  0.000340647  
0.000621085  0.000205324  0.000194254  0.000492299  0.00107841  0.00109915  0.00211017  0.00176524  0.00201919  0.00210219  0.00162729  0.000777811  
0.0015556  0.00199954  0.00162415  0.00193626  0.00169648  0.00150341  0.0021674  0.00224906  0.00232878  0.00180447  0.00209349  0.00127036  
0.0031079  0.00195217  0.00112689  0.00159578  0.00211144  0.00178647  0.00145588  0.00205444  0.00199737  0.00211867  0.00250425  0.00177996  
0.00139336  0.00149397  0.0016919  0.00206  0.0019219  0.00183599  0.00223549  0.00202153  0.00195873  0.00179134  0.00152481  0.00305697  
0.00300555  0.00198712  0.00156869  0.00199785  0.00196961  0.0021964  0.00224821  0.00222967  0.00209161  0.00224089  0.000896084  0.00216883  
0.00244216  0.00183276  0.00150713  0.00166556  0.00199953  0.0020939  0.00173012  0.00212023  0.00179972  0.00229717  0.00247527  0.00372126  
0.000210423  0.000358514  0.000468579  0.000456588  0.000601029  0.000976462  0.00210572  0.00213043  0.00205409  0.00133812  0.00170947  0.0035386  
0.00394965  0.00115627  0.00148239  0.00110826  0.00107256  0.00182392  0.00158424  0.00232248  0.00151137  0.002152  0.00227619  0.00379699  
0.0010408  0.0020122  0.00119089  0.00161922  0.00193947  0.00190504  0.00198141  0.00210047  0.00194181  0.000109097  0.00236045  0.00341337  
0.00198129  0.00122657  0.00179041  0.00150723  0.00165446  0.00130678  0.00201339  0.00233514  0.00179612  0.00215366  0.00194955  0.00120236  
0.00264383  0.000632544  0.0018129  0.00157516  0.00112748  0.00177428  0.00174115  0.000947641  0.00112739  0.00152293  0.00195743  0.000353197  
0.00160672  0.00137396  0.00164102  0.00116231  0.00180594  0.00146771  0.00207316  0.00249749  0.00198602  0.00171992  0.0026283  0.00183471  
0.00122787  0.00237683  0.00187377  0.00154795  0.00198368  0.00153398  0.00188473  0.0022337  0.00134727  0.00183099  0.00223787  0.00113299  
0.0017604  0.00169319  0.00164664  0.00159757  0.00238141  0.0014215  0.00159417  0.00135206  0.00203202  0.00192577  0.00217839  0.00278363  
0.00183094  0.00160401  0.000338594  0.00146814  0.00146833  0.0015579  0.0014757  0.00217433  0.002005  0.00144616  0.00141893  0.00296363  
0.00108343  0.00095762  0.00196904  0.0020007  0.00219503  0.00221985  0.00210329  0.00206234  0.00198652  0.000963624  0.00196761  0.00121246  
0.00175  0.00250125  0.00155951  0.0019047  0.00188023  0.00204168  0.00169123  0.0017457  0.00207646  0.002039  0.00237951  0.0016675  
0.000800967  0.00139694  0.00179813  0.0014549  0.0023414  0.00198892  0.00305921  0.00165795  0.00215188  0.00200347  0.00153801  0.00324092  

#Number of events available for calibration = 
0  1  2  2  2  1  2  1  0  2  0  0  
2  10  19  11  22  20  7  3  6  15  6  3  
1  7  11  13  15  22  13  15  10  8  11  0  
2  17  18  15  19  27  21  17  14  16  16  1  
1  13  36  27  25  27  40  20  16  17  13  2  
1  32  36  24  29  32  33  31  21  37  29  4  
5  9  31  33  23  21  21  24  19  23  26  4  
7  39  44  34  31  20  35  30  32  20  24  3  
5  32  41  47  43  30  21  29  31  35  17  4  
8  40  65  50  36  26  29  36  33  32  31  7  
4  39  48  62  41  31  42  43  32  41  31  7  
2  44  68  61  48  50  49  41  40  38  55  8  
5  30  46  21  36  45  45  33  33  38  49  10  
1  39  41  43  48  46  36  29  28  32  54  8  
7  45  55  41  34  48  37  29  19  18  49  7  
6  42  51  43  43  46  39  43  29  37  52  10  
8  30  52  42  35  34  42  31  22  35  34  10  
9  36  55  30  20  25  30  28  19  33  40  8  
8  59  56  42  29  28  25  23  19  21  37  5  
7  35  65  52  27  17  20  23  21  17  22  5  
5  55  26  36  27  17  16  14  10  13  15  3  
10  30  46  49  25  20  18  16  15  9  17  2  
0  42  44  29  18  14  9  6  16  14  15  3  
1  9  13  5  6  3  0  1  0  3  4  1  
