#HCal gain coefficients from SBS-7 obtained 5_31_2023 timestamp set --------[ 2021-11-13 00:00:00 ]
--------[ 2021-11-13 00:00:00 ]
sbs.hcal.adc.gain =
0.00146679  0.000831062  0.00203705  0.00190095  0.00165667  0.00188853  0.00256957  0.00294953  0.00241174  0.00251433  0.00124824  0.00374568  
0.00168933  0.00232799  0.00177173  0.0019004  0.00222009  0.00224245  0.0011782  0.00045832  0.00164789  0.00125174  0.00113209  9.87806e-05  
0.00175  0.000358355  0.000661787  0.00176044  0.00156866  0.00186573  0.000803681  0.00100105  0.00118397  0.00135675  0.000378135  0.00353923  
0.00148881  0.00191133  0.00144495  0.00136127  0.00131844  0.00147851  0.00203585  0.00221248  0.00210404  0.00239501  0.0020739  0.000263138  
0.00202523  0.00142865  0.00178022  0.00180413  0.00175456  0.0012873  0.00192618  0.00194775  0.00210063  0.00190325  0.00182334  0.00252639  
0.00239333  0.00228151  0.0017505  0.00173316  0.00175447  0.00208935  0.00166582  0.00215872  0.00189143  0.00110482  0.00197186  0.000340647  
0.000621085  0.000205324  0.000194254  0.000492299  0.00107841  0.00109915  0.00211017  0.00176524  0.00201919  0.00210219  0.00162729  0.000777811  
0.0015556  0.00199954  0.00162415  0.00193626  0.00169648  0.00150341  0.0021674  0.00224906  0.00232878  0.00180447  0.00209349  0.00127036  
0.0031079  0.00195217  0.00112689  0.00159578  0.00211144  0.00178647  0.00145588  0.00205444  0.00199737  0.00211867  0.00250425  0.00177996  
0.00139336  0.00149397  0.0016919  0.00206  0.0019219  0.00183599  0.00223549  0.00202153  0.00195873  0.00179134  0.00152481  0.00305697  
0.00300555  0.00198712  0.00156869  0.00199785  0.00196961  0.0021964  0.00224821  0.00222967  0.00209161  0.00224089  0.000896084  0.00216883  
0.00244216  0.00183276  0.00150713  0.00166556  0.00199953  0.0020939  0.00173012  0.00212023  0.00179972  0.00229717  0.00247527  0.00372126  
0.000210423  0.000358514  0.000468579  0.000456588  0.000601029  0.000976462  0.00210572  0.00213043  0.00205409  0.00133812  0.00170947  0.0035386  
0.00394965  0.00115627  0.00148239  0.00110826  0.00107256  0.00182392  0.00158424  0.00232248  0.00151137  0.002152  0.00227619  0.00379699  
0.0010408  0.0020122  0.00119089  0.00161922  0.00193947  0.00190504  0.00198141  0.00210047  0.00194181  0.000109097  0.00236045  0.00341337  
0.00198129  0.00122657  0.00179041  0.00150723  0.00165446  0.00130678  0.00201339  0.00233514  0.00179612  0.00215366  0.00194955  0.00120236  
0.00264383  0.000632544  0.0018129  0.00157516  0.00112748  0.00177428  0.00174115  0.000947641  0.00112739  0.00152293  0.00195743  0.000353197  
0.00160672  0.00137396  0.00164102  0.00116231  0.00180594  0.00146771  0.00207316  0.00249749  0.00198602  0.00171992  0.0026283  0.00183471  
0.00122787  0.00237683  0.00187377  0.00154795  0.00198368  0.00153398  0.00188473  0.0022337  0.00134727  0.00183099  0.00223787  0.00113299  
0.0017604  0.00169319  0.00164664  0.00159757  0.00238141  0.0014215  0.00159417  0.00135206  0.00203202  0.00192577  0.00217839  0.00278363  
0.00183094  0.00160401  0.000338594  0.00146814  0.00146833  0.0015579  0.0014757  0.00217433  0.002005  0.00144616  0.00141893  0.00296363  
0.00108343  0.00095762  0.00196904  0.0020007  0.00219503  0.00221985  0.00210329  0.00206234  0.00198652  0.000963624  0.00196761  0.00121246  
0.00175  0.00250125  0.00155951  0.0019047  0.00188023  0.00204168  0.00169123  0.0017457  0.00207646  0.002039  0.00237951  0.0016675  
0.000800967  0.00139694  0.00179813  0.0014549  0.0023414  0.00198892  0.00305921  0.00165795  0.00215188  0.00200347  0.00153801  0.00324092  

#One Block Std = 
0.00146679  0.000831062  0.00203705  0.00190095  0.00165667  0.00188853  0.00256957  0.00294953  0.00241174  0.00251433  0.00124824  0.00374568  
0.00168933  0.00232799  0.00177173  0.0019004  0.00222009  0.00224245  0.0011782  0.00045832  0.00164789  0.00125174  0.00113209  9.87806e-05  
0.00175  0.000358355  0.000661787  0.00176044  0.00156866  0.00186573  0.000803681  0.00100105  0.00118397  0.00135675  0.000378135  0.00353923  
0.00148881  0.00191133  0.00144495  0.00136127  0.00131844  0.00147851  0.00203585  0.00221248  0.00210404  0.00239501  0.0020739  0.000263138  
0.00202523  0.00142865  0.00178022  0.00180413  0.00175456  0.0012873  0.00192618  0.00194775  0.00210063  0.00190325  0.00182334  0.00252639  
0.00239333  0.00228151  0.0017505  0.00173316  0.00175447  0.00208935  0.00166582  0.00215872  0.00189143  0.00110482  0.00197186  0.000340647  
0.000621085  0.000205324  0.000194254  0.000492299  0.00107841  0.00109915  0.00211017  0.00176524  0.00201919  0.00210219  0.00162729  0.000777811  
0.0015556  0.00199954  0.00162415  0.00193626  0.00169648  0.00150341  0.0021674  0.00224906  0.00232878  0.00180447  0.00209349  0.00127036  
0.0031079  0.00195217  0.00112689  0.00159578  0.00211144  0.00178647  0.00145588  0.00205444  0.00199737  0.00211867  0.00250425  0.00177996  
0.00139336  0.00149397  0.0016919  0.00206  0.0019219  0.00183599  0.00223549  0.00202153  0.00195873  0.00179134  0.00152481  0.00305697  
0.00300555  0.00198712  0.00156869  0.00199785  0.00196961  0.0021964  0.00224821  0.00222967  0.00209161  0.00224089  0.000896084  0.00216883  
0.00244216  0.00183276  0.00150713  0.00166556  0.00199953  0.0020939  0.00173012  0.00212023  0.00179972  0.00229717  0.00247527  0.00372126  
0.000210423  0.000358514  0.000468579  0.000456588  0.000601029  0.000976462  0.00210572  0.00213043  0.00205409  0.00133812  0.00170947  0.0035386  
0.00394965  0.00115627  0.00148239  0.00110826  0.00107256  0.00182392  0.00158424  0.00232248  0.00151137  0.002152  0.00227619  0.00379699  
0.0010408  0.0020122  0.00119089  0.00161922  0.00193947  0.00190504  0.00198141  0.00210047  0.00194181  0.000109097  0.00236045  0.00341337  
0.00198129  0.00122657  0.00179041  0.00150723  0.00165446  0.00130678  0.00201339  0.00233514  0.00179612  0.00215366  0.00194955  0.00120236  
0.00264383  0.000632544  0.0018129  0.00157516  0.00112748  0.00177428  0.00174115  0.000947641  0.00112739  0.00152293  0.00195743  0.000353197  
0.00160672  0.00137396  0.00164102  0.00116231  0.00180594  0.00146771  0.00207316  0.00249749  0.00198602  0.00171992  0.0026283  0.00183471  
0.00122787  0.00237683  0.00187377  0.00154795  0.00198368  0.00153398  0.00188473  0.0022337  0.00134727  0.00183099  0.00223787  0.00113299  
0.0017604  0.00169319  0.00164664  0.00159757  0.00238141  0.0014215  0.00159417  0.00135206  0.00203202  0.00192577  0.00217839  0.00278363  
0.00183094  0.00160401  0.000338594  0.00146814  0.00146833  0.0015579  0.0014757  0.00217433  0.002005  0.00144616  0.00141893  0.00296363  
0.00108343  0.00095762  0.00196904  0.0020007  0.00219503  0.00221985  0.00210329  0.00206234  0.00198652  0.000963624  0.00196761  0.00121246  
0.00175  0.00250125  0.00155951  0.0019047  0.00188023  0.00204168  0.00169123  0.0017457  0.00207646  0.002039  0.00237951  0.0016675  
0.000800967  0.00139694  0.00179813  0.0014549  0.0023414  0.00198892  0.00305921  0.00165795  0.00215188  0.00200347  0.00153801  0.00324092  

#Number of events available for calibration = 
0  0  0  0  0  0  0  0  0  0  0  0  
0  0  0  0  0  0  0  0  0  0  0  0  
0  1  0  0  1  0  0  0  0  0  2  1  
1  5  4  4  1  0  0  0  0  3  8  3  
2  8  9  3  5  2  0  0  1  4  12  4  
2  10  7  2  4  5  2  1  1  5  9  6  
10  5  8  3  4  3  1  0  4  7  11  7  
4  14  12  2  3  1  0  2  2  6  9  2  
1  10  9  10  7  1  0  1  4  11  13  6  
4  12  13  14  5  0  1  2  5  14  22  7  
4  12  19  12  4  0  0  1  7  17  13  11  
6  14  12  7  3  2  0  4  10  20  28  8  
1  10  11  7  1  2  1  4  7  19  33  8  
6  20  21  12  4  2  0  1  9  25  20  8  
11  27  23  15  5  1  1  2  8  13  29  16  
14  29  28  12  6  2  1  5  13  38  43  21  
13  20  27  18  6  3  1  3  16  39  39  14  
12  34  37  22  10  3  4  4  13  29  35  15  
10  29  38  28  13  7  2  5  8  27  30  20  
11  17  17  13  6  5  1  1  10  19  19  7  
9  12  20  15  8  2  0  0  4  16  14  8  
10  24  25  12  7  3  0  0  4  9  13  6  
0  20  20  9  6  2  0  0  1  3  9  3  
0  3  7  5  1  0  0  0  0  0  0  1  
