#HCal gain coefficients from SBS-14 obtained 2_23_2023
sbs.hcal.adc.gain = 
0  0  0  0  0  0  0  0  0  0  0  0  
0  0  0  0  0  0  0  0  0  0  0  0  
0  0  0  0.00143323  0.00133923  0.00150582  0.000878316  0.00116677  0  0  0  0  
0  0  0.00138037  0.00117046  0.00117154  0.00130065  0.00149967  0.00168174  0.00171157  0  0  0  
0  0  0.0015652  0.00146996  0.00149789  0.00122581  0.0015918  0.0015631  0.00183514  0.00202092  0  0  
0  0.00224432  0.00157432  0.00144749  0.00150163  0.00347802  0.00117414  0.00165062  0.00156161  0.00147743  0.00173477  0  
0.00169373  0.000275533  0.000298944  0.000599265  0.00197919  0.0014635  0.00295035  0.00151191  0.00183094  0.00200068  0.00173649  0  
0  0.00186074  0.00144928  0.00160785  0.00234121  0.00165364  0.00237485  0.00328476  0.00199998  0.00208202  0.00197725  0  
0  0.00154451  0.000979505  0.00259178  0.00270119  0.00199428  0.00194352  0.00256203  0.00162997  0.00190801  0.00176975  0  
0  0.00148176  0.00146341  0.00290178  0.00227075  0.00195624  0.00258595  0.00270372  0.00169573  0.00209187  0.00155949  0  
0  0.00171058  0.00137975  0.00251909  0.00224122  0.00244355  0.00240291  0.0027943  0.00180745  0.00197599  0  0  
0.0072298  0.00174206  0.00140851  0.00249787  0.0023127  0.00250338  0.00189539  0.00260924  0.00154032  0.00213906  0.00240923  0  
0  0.000488912  0.000590922  0.000582451  0.000784606  0.00125493  0.00250028  0.00271663  0.00159181  0.00142471  0.00228241  0  
0.00660769  0.00120219  0.00137378  0.00144937  0.00121581  0.00228379  0.0018583  0.0028417  0.00133372  0.00214296  0.00270455  0  
0  0.0017905  0.00117037  0.00214282  0.00227267  0.00221515  0.0020607  0.00248419  0.00172918  0.000244951  0.00250264  0.00341337  
0  0.00127896  0.00148071  0.00222739  0.00212862  0.00150488  0.00220026  0.00275565  0.00147448  0.00191438  0.00274045  0  
0  0.000794794  0.00150729  0.00127622  0.0015193  0.00219863  0.00204162  0.00116458  0.00141644  0.00155438  0.00195526  0.00340549  
0  0.00140077  0.00135238  0.00107242  0.00251351  0.00169068  0.00233956  0.00285166  0.00289103  0.0015361  0.00244788  0  
0  0.00292725  0.00159332  0.00131823  0.00330086  0.00186122  0.00218832  0.00313531  0.00125051  0.00149605  0.0020386  0  
0  0.00164664  0.00152238  0.00133137  0.0018508  0.00123938  0.00290221  0.00119434  0.0016172  0.00155701  0  0  
0  0  0.000476805  0.001309  0.00130803  0.00128104  0.00124791  0.00160076  0.00154403  0.00131706  0.00138985  0  
0  0  0.00190811  0.00166903  0.00179654  0.00185825  0.00169268  0.00158463  0.00158704  0.00105741  0.00183152  0  
0  0  0.00184311  0.00188862  0.00164165  0.00163744  0.00149042  0.00142973  0.00163888  0.00171401  0.00262937  0  
0  0  0.00269888  0.00236267  0.00204097  0.00246712  0.00241754  0.00240661  0.00195007  0.00151657  0.00263376  0  
