#HCal gain coefficients from SBS-8 obtained 2_24_2023
sbs.hcal.adc.gain = 
0.00146679  0.000831062  0.00203705  0.00190095  0.00165667  0.00188853  0.00256957  0.00294953  0.00241174  0.00251433  0.00124824  0.00374568  
0.00168933  0.00232799  0.00177173  0.0019004  0.00222009  0.00224245  0.0011782  0.00045832  0.00164789  0.00125174  0.00113209  9.87806e-05  
0.00175  0.000358355  0.000661787  0.00176044  0.00156866  0.00186573  0.000803681  0.00100105  0.00118397  0.00135675  0.000378135  0.00353923  
0.00148881  0.00191133  0.00144495  0.00136127  0.00131844  0.00147851  0.00203585  0.00221248  0.00210404  0.00239501  0.0020739  0.000263138  
0.00202523  0.00142865  0.00178022  0.00180413  0.00175456  0.0012873  0.00192618  0.00194775  0.00210063  0.00190325  0.00182334  0.00252639  
0.00239333  0.00228151  0.0017505  0.00173316  0.00175447  0.00208935  0.00166582  0.00215872  0.00189143  0.00110482  0.00197186  0.000340647  
0.000621085  0.000205324  0.000194254  0.000492299  0.00107841  0.00109915  0.00211017  0.00176524  0.00201919  0.00210219  0.00162729  0.000777811  
0.0015556  0.00199954  0.00162415  0.00193626  0.00169648  0.00150341  0.0021674  0.00224906  0.00232878  0.00180447  0.00209349  0.00127036  
0.0031079  0.00195217  0.00112689  0.00159578  0.00211144  0.00178647  0.00145588  0.00205444  0.00199737  0.00211867  0.00250425  0.00177996  
0.00139336  0.00149397  0.0016919  0.00206  0.0019219  0.00183599  0.00223549  0.00202153  0.00195873  0.00179134  0.00152481  0.00305697  
0.00300555  0.00198712  0.00156869  0.00199785  0.00196961  0.0021964  0.00224821  0.00222967  0.00209161  0.00224089  0.000896084  0.00216883  
0.00244216  0.00183276  0.00150713  0.00166556  0.00199953  0.0020939  0.00173012  0.00212023  0.00179972  0.00229717  0.00247527  0.00372126  
0.000210423  0.000358514  0.000468579  0.000456588  0.000601029  0.000976462  0.00210572  0.00213043  0.00205409  0.00133812  0.00170947  0.0035386  
0.00394965  0.00115627  0.00148239  0.00110826  0.00107256  0.00182392  0.00158424  0.00232248  0.00151137  0.002152  0.00227619  0.00379699  
0.0010408  0.0020122  0.00119089  0.00161922  0.00193947  0.00190504  0.00198141  0.00210047  0.00194181  0.000109097  0.00236045  0.00341337  
0.00198129  0.00122657  0.00179041  0.00150723  0.00165446  0.00130678  0.00201339  0.00233514  0.00179612  0.00215366  0.00194955  0.00120236  
0.00264383  0.000632544  0.0018129  0.00157516  0.00112748  0.00177428  0.00174115  0.000947641  0.00112739  0.00152293  0.00195743  0.000353197  
0.00160672  0.00137396  0.00164102  0.00116231  0.00180594  0.00146771  0.00207316  0.00249749  0.00198602  0.00171992  0.0026283  0.00183471  
0.00122787  0.00237683  0.00187377  0.00154795  0.00198368  0.00153398  0.00188473  0.0022337  0.00134727  0.00183099  0.00223787  0.00113299  
0.0017604  0.00169319  0.00164664  0.00159757  0.00238141  0.0014215  0.00159417  0.00135206  0.00203202  0.00192577  0.00217839  0.00278363  
0.00183094  0.00160401  0.000338594  0.00146814  0.00146833  0.0015579  0.0014757  0.00217433  0.002005  0.00144616  0.00141893  0.00296363  
0.00108343  0.00095762  0.00196904  0.0020007  0.00219503  0.00221985  0.00210329  0.00206234  0.00198652  0.000963624  0.00196761  0.00121246  
0.00175  0.00250125  0.00155951  0.0019047  0.00188023  0.00204168  0.00169123  0.0017457  0.00207646  0.002039  0.00237951  0.0016675  
0.000800967  0.00139694  0.00179813  0.0014549  0.0023414  0.00198892  0.00305921  0.00165795  0.00215188  0.00200347  0.00153801  0.00324092  

#One Block Std = 
0  0  0  0  0  0  0  0  0  0  0  0.00374568  
0  4.78439e+08  7.7928e+09  2.53927e+10  1.44162e+10  9.62089e+09  3.15095e+10  4.26049e+08  7.3331e+06  1.65143e+08  0  0  
0.00175  0  1.13783e+10  9.03748e+10  2.79075e+10  3.29831e+10  1.3637e+09  1.61452e+09  6.86524e+08  1.34789e+09  2.53292e+07  0  
0  1.11543e+09  3.36725e+11  3.69416e+10  1.09999e+11  7.20019e+10  1.60102e+10  2.45275e+09  1.47899e+08  1.21501e+08  4.61992e+06  0  
0  3.57055e+08  2.93198e+10  1.05355e+11  2.90423e+11  2.01333e+11  4.13656e+10  3.12578e+09  1.01341e+09  1.03072e+08  766256  0  
0  9.71292e+09  2.28842e+11  5.71513e+11  1.67106e+11  7.78513e+10  3.29856e+10  1.51805e+10  4.32999e+09  2.07988e+09  0  0  
0  1.66991e+11  1.61666e+12  6.82079e+11  6.58494e+10  9.06883e+09  2.61772e+10  2.42474e+10  8.36464e+09  3.30329e+08  0  0  
0  1.56491e+10  3.54932e+11  3.23638e+11  4.69919e+11  2.18035e+11  1.35436e+11  2.69706e+10  5.41433e+09  1.52835e+09  2.59963e+07  0  
0  4.01468e+09  7.09078e+10  1.9636e+11  7.74976e+10  2.80392e+11  3.7327e+10  1.20296e+10  5.23924e+09  2.49403e+08  915776  0  
0  1.95158e+10  6.09493e+11  3.80965e+11  2.63723e+11  2.85251e+11  1.47921e+11  7.84748e+10  5.20299e+09  5.08852e+08  0  0.00305697  
0  8.85652e+09  3.31943e+11  5.33157e+11  6.27542e+11  2.31068e+11  1.31608e+11  8.44649e+10  1.65946e+10  2.26421e+08  0  0.00216883  
0  4.03135e+10  2.164e+12  2.13097e+12  7.48125e+11  4.84505e+11  4.80208e+11  1.61795e+11  2.38983e+10  1.02504e+09  1.54513e+06  0.00372126  
0  1.44962e+11  2.64746e+13  6.65605e+12  4.34977e+12  1.36048e+12  3.13759e+11  1.19441e+11  1.49758e+10  1.36695e+09  0  0.0035386  
0  1.32315e+10  9.74872e+11  1.22467e+13  4.74916e+12  4.51392e+11  5.03211e+11  1.28377e+11  5.2288e+10  1.72668e+09  0  0.00379699  
0  2.96525e+09  1.1047e+12  1.15225e+12  4.14956e+11  7.58325e+11  3.35826e+11  1.1313e+11  6.33264e+10  8.4464e+11  0  0.00341337  
0  1.32644e+10  4.11718e+11  1.21133e+12  9.1409e+11  1.17172e+12  3.92288e+11  2.08697e+11  4.69277e+10  1.33119e+09  1.21013e+06  0  
0  9.63967e+10  1.98813e+11  1.06182e+12  2.73638e+12  9.9635e+11  3.48272e+11  1.23121e+12  6.18555e+11  2.08444e+10  1.19934e+06  0  
0  6.53334e+09  1.70819e+11  1.23306e+12  9.97842e+11  1.67941e+12  7.0646e+11  1.24675e+11  9.36757e+10  1.8814e+10  1.84797e+06  0  
0  2.69227e+09  9.68701e+10  7.71234e+11  5.52041e+11  1.4164e+12  8.67469e+11  1.40282e+11  6.71595e+11  1.45806e+10  3.42228e+07  0  
0  2.41016e+09  1.01586e+11  2.96615e+11  1.29569e+11  1.60951e+12  1.21674e+12  5.19289e+11  1.29149e+11  3.82366e+10  1.12784e+08  0  
0  9.60085e+08  1.52371e+13  1.5619e+11  5.82165e+11  1.26503e+12  6.12266e+11  2.15658e+11  1.4099e+11  1.04937e+11  1.0934e+09  0  
0  3.44994e+09  3.05948e+10  3.4323e+10  1.41021e+11  4.8468e+11  5.96835e+11  1.51935e+11  1.23804e+11  4.77849e+11  2.92163e+08  0  
0.00175  3.35699e+08  4.83833e+10  4.93601e+10  4.58459e+10  1.50223e+11  1.1615e+11  7.89522e+10  4.63956e+10  1.75959e+10  2.57226e+07  0  
0  0  0  0  0  0  0  0  0  0  0  0  

#Number of events available for calibration = 
60  520  1643  2800  3155  2191  944  192  118  197  90  10  
140  1505  4569  8629  8812  6674  2637  499  514  996  356  71  
24  1349  5682  11267  11135  8988  3180  2029  1786  1921  733  111  
304  3009  10163  12088  13599  12200  7403  4353  2697  2019  728  80  
379  3243  10528  14416  16632  14581  10607  6668  4332  1908  488  43  
349  3576  9581  13805  13064  12149  9633  8432  5604  2505  487  51  
502  1681  5415  8984  9755  8615  10093  9206  6419  2693  652  117  
532  3815  9551  14024  15210  13300  12004  9824  6109  2744  646  72  
582  3891  8838  14102  14907  14428  9285  8788  6035  2213  413  34  
866  5526  14621  18717  17798  16105  14576  12200  6704  2433  376  16  
682  6076  15866  22022  21918  18870  16927  14356  8493  2704  383  21  
696  5956  16675  18910  17616  17313  16998  15067  8726  2854  377  24  
373  3261  11580  8930  10842  11232  14381  13844  8295  2617  439  19  
429  3659  12570  19073  16832  14413  14818  13667  8189  3150  453  23  
541  3518  11355  16969  16217  16160  15721  13645  8926  2316  551  29  
428  3472  11011  14929  13958  13702  14606  13491  8962  3784  899  71  
508  3350  9409  13614  13399  13381  12459  11226  11038  5744  1231  111  
506  2914  7763  11691  14964  15008  16390  14180  11900  6879  1818  180  
418  2861  7469  12031  13794  14735  16416  14323  12997  7205  2193  216  
366  2358  6646  9255  10826  13529  14732  12108  11524  8019  2524  294  
324  2146  6112  7314  9462  13295  11800  12153  12322  8957  3231  332  
249  1803  5267  6895  9706  13429  13584  11916  12010  9177  3067  426  
0  1359  4226  5914  7038  8521  8057  7567  8129  5597  1933  206  
40  352  1260  1751  1942  2517  2193  2374  2228  1351  442  47  
