#HCal gain coefficients from SBS-7 obtained 2_27_2023
sbs.hcal.adc.gain =
0.00175  0.00266867  0.00263163  0.00180382  0.00263728  0.00185798  0.0024062  0.00332779  0.00145959  0.00145491  0.00222524  0.00374568  
0.00175  0.0028114  0.00168388  0.00165362  0.00176223  0.00191629  0.00127553  0.00033258  0.000987108  0.00208857  0.00104803  0.00256277  
0.00175  0.000549083  0.000775478  0.00143323  0.00133923  0.00150582  0.000878316  0.00116677  0.00122135  0.00180183  0.000868816  0.0031688  
0.00175  0.00165191  0.00138037  0.00117046  0.00117154  0.00130065  0.00149967  0.00168174  0.00171157  0.00208062  0.00191594  0.00296845  
0.00175  0.00131023  0.0015652  0.00146996  0.00149789  0.00220219  0.0015918  0.0015631  0.00183514  0.00202092  0.00184944  0.00272894  
0.00539881  0.00224432  0.00157432  0.00144749  0.00207549  0.00235542  0.00409422  0.00165062  0.00156161  0.00147743  0.00173477  0.00254265  
0.00169373  0.000275533  0.000298944  0.000653007  0.00139733  0.00153668  0.00201644  0.00224947  0.00233129  0.00200068  0.00173649  0.00311957  
0.0030827  0.00186074  0.00144928  0.0035117  0.00214747  0.00228024  0.0019648  0.00253506  0.00230774  0.00208202  0.00197725  0.00326762  
0.00512732  0.00154451  0.000979505  0.00254581  0.00232452  0.00205491  0.00207567  0.00234055  0.00204168  0.00190801  0.00176975  0.00300717  
0.00260136  0.00148176  0.00146341  0.00337441  0.00238834  0.0022166  0.00217718  0.00209457  0.00271389  0.00209187  0.00155949  0.00305697  
0.00607633  0.00171058  0.00137975  0.00232048  0.00213746  0.00230701  0.00233891  0.00220345  0.00378385  0.00197599  0.00126722  0.00216883  
0.0072298  0.00174206  0.00259413  0.00199595  0.00228055  0.00228636  0.00203696  0.00194197  0.00330584  0.00213906  0.00240923  0.00372126  
0.000449533  0.000488912  0.000590922  0.00114619  0.00064058  0.00153705  0.0024077  0.00242911  0.00262296  0.00142471  0.00228241  0.0035386  
0.00660769  0.00120219  0.00137378  0.0012536  0.00157141  0.00264243  0.00166375  0.00225144  0.00222472  0.00214296  0.00270455  0.00379699  
0.00212358  0.0017905  0.00117037  0.00257288  0.00209963  0.0020979  0.00213793  0.00213005  0.00233875  0.000244951  0.00250264  0.00341337  
0.00335189  0.00127896  0.00148071  0.00392632  0.00175954  0.00151529  0.00221246  0.00221298  0.00227171  0.00061612  0.00274045  0.00356526  
0.00349821  0.000794794  0.00150729  0.00278672  0.0010682  0.00223947  0.00181102  0.00177311  0.00165643  0.00134903  0.00195526  0.00340549  
0.00274887  0.00140077  0.00135238  0.00107242  0.00362302  0.0019457  0.00220026  0.00247796  0.00246884  0.00266334  0.00244788  0.00366691  
0.0050249  0.00292725  0.00159332  0.00131823  0.00154002  0.00152403  0.00203294  0.0021305  0.00149752  0.00269732  0.0020386  0.0037875  
0.00432152  0.00164664  0.00152238  0.00133137  0.0018508  0.00202206  0.00296623  0.00295138  0.00359095  0.00155701  0.00168128  0.00372496  
0.0045194  0.00171242  0.000476805  0.001309  0.00130803  0.00128104  0.00124791  0.00160076  0.00154403  0.00131706  0.00138985  0.00410904  
0.00265122  0.00116889  0.00190811  0.00166903  0.00179654  0.00185825  0.00169268  0.00158463  0.00158704  0.00105741  0.00183152  0.00338812  
0.00175  0.00403728  0.00184311  0.00188862  0.00164165  0.00163744  0.00149042  0.00142973  0.00163888  0.00171401  0.00262937  0.00308539  
0.00731553  0.00733844  0.00269888  0.00236267  0.00204097  0.00246712  0.00241754  0.00240661  0.00195007  0.00151657  0.00263376  0.00416878  

#One Block Std = 
0.00175  0.00266867  0.00263163  0.00180382  0.00263728  0.00185798  0.0024062  0.00332779  0.00145959  0.00145491  0.00222524  0.00374568  
0.00175  0.0028114  0.00168388  0.00165362  0.00176223  0.00191629  0.00127553  0.00033258  0.000987108  0.00208857  0.00104803  0.00256277  
0.00175  0.000549083  0.000775478  0.00143323  0.00133923  0.00150582  0.000878316  0.00116677  0.00122135  0.00180183  0.000868816  0.0031688  
0.00175  0.00165191  0.00138037  0.00117046  0.00117154  0.00130065  0.00149967  0.00168174  0.00171157  0.00208062  0.00191594  0.00296845  
0.00175  0.00131023  0.0015652  0.00146996  0.00149789  0.00122581  0.0015918  0.0015631  0.00183514  0.00202092  0.00184944  0.00272894  
0.00539881  0.00224432  0.00157432  0.00144749  0.00150163  0.00162213  0.00117414  0.00165062  0.00156161  0.00147743  0.00173477  0.00254265  
0.00169373  0.000275533  0.000298944  0.000599265  0.00105645  0.00086871  0.00160354  0.00151191  0.00183094  0.00200068  0.00173649  0.00311957  
0.0030827  0.00186074  0.00144928  0.00160785  0.00141713  0.00129993  0.00175116  0.00180068  0.00199998  0.00208202  0.00197725  0.00326762  
0.00512732  0.00154451  0.000979505  0.00125333  0.00154216  0.00139283  0.00116208  0.00143264  0.00162997  0.00190801  0.00176975  0.00300717  
0.00260136  0.00148176  0.00146341  0.00166698  0.0014947  0.00141715  0.00175344  0.00170741  0.00169573  0.00209187  0.00155949  0.00305697  
0.00607633  0.00171058  0.00137975  0.00161664  0.00163906  0.00177731  0.00175405  0.00177746  0.00180745  0.00197599  0.00126722  0.00216883  
0.0072298  0.00174206  0.00140851  0.00154404  0.00161964  0.00169163  0.00147921  0.00176682  0.00154032  0.00213906  0.00240923  0.00372126  
0.000449533  0.000488912  0.000590922  0.000582451  0.000745794  0.00101917  0.00161642  0.00168821  0.00159181  0.00142471  0.00228241  0.0035386  
0.00660769  0.00120219  0.00137378  0.00110814  0.00108169  0.00150119  0.00135809  0.00178457  0.00133372  0.00214296  0.00270455  0.00379699  
0.00212358  0.0017905  0.00117037  0.00140173  0.00156192  0.00156128  0.00162737  0.00171791  0.00172918  0.000244951  0.00250264  0.00341337  
0.00335189  0.00127896  0.00148071  0.00133853  0.00136398  0.00118429  0.00160078  0.00182872  0.00147448  0.00191438  0.00274045  0.00356526  
0.00349821  0.000794794  0.00150729  0.00127622  0.00111391  0.00139497  0.00137369  0.000975249  0.00109081  0.00155438  0.00195526  0.00340549  
0.00274887  0.00140077  0.00135238  0.00107242  0.0015003  0.00127913  0.00167818  0.00187533  0.0015864  0.0015361  0.00244788  0.00366691  
0.0050249  0.00292725  0.00159332  0.00131823  0.00154002  0.00129025  0.00152842  0.00172602  0.00125051  0.00149605  0.0020386  0.0037875  
0.00432152  0.00164664  0.00152238  0.00133137  0.0018508  0.00123938  0.00137083  0.00119434  0.0016172  0.00155701  0.00168128  0.00372496  
0.0045194  0.00171242  0.000476805  0.001309  0.00130803  0.00128104  0.00124791  0.00160076  0.00154403  0.00131706  0.00138985  0.00410904  
0.00265122  0.00116889  0.00190811  0.00166903  0.00179654  0.00185825  0.00169268  0.00158463  0.00158704  0.00105741  0.00183152  0.00338812  
0.00175  0.00403728  0.00184311  0.00188862  0.00164165  0.00163744  0.00149042  0.00142973  0.00163888  0.00171401  0.00262937  0.00308539  
0.00731553  0.00733844  0.00269888  0.00236267  0.00204097  0.00246712  0.00241754  0.00240661  0.00195007  0.00151657  0.00263376  0.00416878  

#Number of events available for calibration = 
0  0  0  0  0  0  0  0  0  0  0  0  
0  0  0  0  0  0  0  0  0  0  0  0  
1  1  0  1  0  2  0  0  0  0  0  0  
3  5  1  1  9  9  3  1  0  0  0  0  
3  5  1  5  28  34  23  4  2  0  0  0  
1  3  1  17  60  83  54  29  16  5  2  0  
2  4  4  35  112  158  119  65  38  10  3  0  
2  7  10  60  161  212  154  107  61  12  4  0  
1  5  10  74  175  254  187  148  70  16  3  1  
0  1  21  77  170  226  225  161  62  18  2  2  
1  4  21  103  201  242  219  143  52  9  4  2  
1  4  30  122  240  289  241  160  62  8  3  2  
0  1  18  89  221  281  281  184  54  8  3  0  
1  4  15  101  233  302  274  198  58  8  2  0  
6  10  11  86  220  280  287  230  111  4  4  1  
4  8  12  60  190  262  286  230  103  32  2  1  
5  4  6  34  116  186  207  183  87  31  7  0  
0  10  2  6  61  129  196  187  118  55  8  0  
5  6  5  3  28  93  151  150  104  44  8  2  
6  10  7  2  7  36  64  59  36  14  3  0  
4  7  3  2  4  4  20  27  8  5  1  0  
3  9  6  3  0  3  9  6  4  1  0  0  
0  8  7  2  0  0  1  1  1  0  0  0  
1  2  3  0  0  0  0  0  0  0  0  0  
