#HCal gain coefficients from SBS-11 obtained 2_28_2023
sbs.hcal.adc.gain =
0  0  0  0  0  0  0  0  0  0  0  0  
0  0  0  0  0  0  0  0  0  0  0  0  
0  0  0  0  0  0.00150582  0.000878316  0.00116677  0.00122135  0.00180183  0.000868816  0  
0  0  0  0  0.00117154  0.00130065  0.00149967  0.00168174  0.00171157  0.00208062  0.00191594  0.00296845  
0  0  0  0.00146996  0.00149789  0.00122581  0.00252257  0.00365068  0.00409886  0.00446334  0.00184944  0.00272894  
0  0  0.00157432  0.00144749  0.00150163  0.00390199  0.0024885  0.00263874  0.00342363  0.00175912  0.00173477  0.00254265  
0  0  0.000298944  0.000599265  0.00218353  0.00225265  0.00197039  0.00226663  0.00265181  0.00195851  0.00170637  0.00311957  
0  0  0.00144928  0.00160785  0.00172756  0.00185352  0.00264285  0.00232801  0.00279834  0.00180654  0.002919  0.00326762  
0  0  0.000979505  -0.00117936  0.00357896  0.00199754  0.00195683  0.00229432  0.00211808  0.00214715  0.00464467  0.00300717  
0  0  0.00146341  0.00329053  0.00294401  0.00219131  0.00258449  0.00233145  0.00245547  0.00241464  0.00373853  0.00305697  
0  0  0.00137975  0.00252042  0.00273198  0.00255386  0.00246298  0.00243643  0.0026429  0.00277842  0.000596853  0.00216883  
0  0.00174206  0.00140851  0.00251196  0.00280909  0.00235148  0.00180494  0.00238164  0.00223485  0.00284953  0.00423279  0.00372126  
0  0  0.000590922  0.00039498  0.000846569  0.00127257  0.00260176  0.0021962  0.00244295  0.0019917  0.00196214  0.0035386  
0  0.00120219  0.00137378  0.00143972  0.00147112  0.0021833  0.00196776  0.00257176  0.00185684  0.00316139  0.0024799  0.00379699  
0  0  0.00117037  0.00296688  0.00265446  0.00215985  0.00212448  0.00227458  0.00234833  0.000284409  0.00405433  0.00341337  
0  0  0.00148071  0.00176747  0.00236137  0.00177911  0.00234141  0.00281354  0.00223035  0.00285641  0.00325152  0.00356526  
0  0  0.00150729  0.00281695  0.00146106  0.00258119  0.001865  0.000969206  0.00129032  0.00173019  0.00382753  0.00232705  
0  0  0.00135238  0.00126628  0.00338873  0.00221335  0.00238743  0.00290532  0.00234083  0.00164692  0.00232142  0.000484286  
0  0  0.00159332  0.00336305  0.00208684  0.00180472  0.00225949  0.00283417  0.00113189  0.00271551  0.00254482  0.00227022  
0  0  0.00152238  0.00133137  0.00341719  0.00224989  0.00210706  0.00196096  0.0025878  0.00259959  0.00243139  0.00372496  
0  0  0  0.001309  0.00253981  0.00254856  0.00106401  0.00274505  0.00276447  0.00206045  0.00270822  0.00410904  
0  0  0  0.00166903  0.00328748  0.00365526  0.00253383  0.00249029  0.0024411  0.00113697  0.00371876  0.00338812  
0  0  0  0.00188862  0.00186061  0.00403174  0.00215808  0.00244182  0.00296536  0.00289759  0.00258592  0.00308539  
0  0  0  0.00236267  0.00204097  0.00208623  0.00455951  0.00258657  0.00151083  0.00251928  0.00263376  0.00416878  

#One Block Std = 
0  0  0  0  0  0  0  0  0  0  0  0  
0  0  0  0  0  0  0  0  0  0  0  0  
0  0  0  0  0  0.00150582  0.000878316  0.00116677  0.00122135  0.00180183  0.000868816  0  
0  0  0  0  0.00117154  0.00130065  0.00149967  0.00168174  0.00171157  0.00208062  0.00191594  0.00296845  
0  0  0  0.00146996  0.00149789  0.00122581  0.0015918  0.0015631  0.00183514  0.00202092  0.00184944  0.00272894  
0  0  0.00157432  0.00144749  0.00150163  0.00162213  0.00117414  0.00165062  0.00156161  0.00147743  0.00173477  0.00254265  
0  0  0.000298944  0.000599265  0.00105645  0.00086871  0.00160354  0.00151191  0.00183094  0.00200068  0.00173649  0.00311957  
0  0  0.00144928  0.00160785  0.00141713  0.00129993  0.00175116  0.00180068  0.00199998  0.00208202  0.00197725  0.00326762  
0  0  0.000979505  0.00125333  0.00154216  0.00139283  0.00116208  0.00143264  0.00162997  0.00190801  0.00176975  0.00300717  
0  0  0.00146341  0.00166698  0.0014947  0.00141715  0.00175344  0.00170741  0.00169573  0.00209187  0.00155949  0.00305697  
0  0  0.00137975  0.00161664  0.00163906  0.00177731  0.00175405  0.00177746  0.00180745  0.00197599  0.00126722  0.00216883  
0  0.00174206  0.00140851  0.00154404  0.00161964  0.00169163  0.00147921  0.00176682  0.00154032  0.00213906  0.00240923  0.00372126  
0  0  0.000590922  0.000582451  0.000745794  0.00101917  0.00161642  0.00168821  0.00159181  0.00142471  0.00228241  0.0035386  
0  0.00120219  0.00137378  0.00110814  0.00108169  0.00150119  0.00135809  0.00178457  0.00133372  0.00214296  0.00270455  0.00379699  
0  0  0.00117037  0.00140173  0.00156192  0.00156128  0.00162737  0.00171791  0.00172918  0.000244951  0.00250264  0.00341337  
0  0  0.00148071  0.00133853  0.00136398  0.00118429  0.00160078  0.00182872  0.00147448  0.00191438  0.00274045  0.00356526  
0  0  0.00150729  0.00127622  0.00111391  0.00139497  0.00137369  0.000975249  0.00109081  0.00155438  0.00195526  0.00340549  
0  0  0.00135238  0.00107242  0.0015003  0.00127913  0.00167818  0.00187533  0.0015864  0.0015361  0.00244788  0.00366691  
0  0  0.00159332  0.00131823  0.00154002  0.00129025  0.00152842  0.00172602  0.00125051  0.00149605  0.0020386  0.0037875  
0  0  0.00152238  0.00133137  0.0018508  0.00123938  0.00137083  0.00119434  0.0016172  0.00155701  0.00168128  0.00372496  
0  0  0  0.001309  0.00130803  0.00128104  0.00124791  0.00160076  0.00154403  0.00131706  0.00138985  0.00410904  
0  0  0  0.00166903  0.00179654  0.00185825  0.00169268  0.00158463  0.00158704  0.00105741  0.00183152  0.00338812  
0  0  0  0.00188862  0.00164165  0.00163744  0.00149042  0.00142973  0.00163888  0.00171401  0.00262937  0.00308539  
0  0  0  0.00236267  0.00204097  0.00246712  0.00241754  0.00240661  0.00195007  0.00151657  0.00263376  0.00416878  

#Number of events available for calibration = 
0  0  0  0  0  0  0  0  0  0  0  0  
0  0  0  0  0  0  0  0  0  0  0  0  
0  0  0  0  0  1  2  5  1  1  1  0  
0  0  0  0  2  9  16  25  16  15  3  1  
0  0  0  5  9  27  53  56  51  32  12  1  
0  0  1  7  20  76  155  175  111  67  21  2  
0  0  1  11  54  200  403  433  328  155  53  4  
0  0  1  16  143  418  787  782  541  246  70  9  
0  0  2  34  242  682  1046  1117  764  340  66  6  
0  0  8  62  355  875  1418  1379  780  297  59  2  
0  0  9  110  465  1141  1681  1480  848  288  44  3  
0  0  13  135  609  1352  1727  1581  854  311  67  8  
0  0  7  94  541  1362  2000  1893  1061  369  87  13  
0  1  11  117  539  1466  2082  2057  1184  476  91  11  
0  0  4  94  524  1403  2092  2011  1291  257  114  14  
0  0  8  80  451  1211  1992  2149  1314  594  164  27  
0  0  2  57  337  947  1701  1821  1340  728  242  44  
0  0  8  48  254  731  1491  1928  1490  765  283  46  
0  0  7  45  194  543  1171  1469  1114  665  246  39  
0  0  5  28  130  357  719  859  817  431  146  16  
0  0  0  12  84  247  456  572  510  301  89  22  
0  0  0  4  60  183  356  434  407  219  94  17  
0  0  0  6  42  106  212  268  274  191  75  16  
0  0  0  4  14  34  72  110  102  71  29  8  
