#HCal TDC offsets obtained 2_28_2023
#Offsets obtained from fits over TDC distributions = 
-255.089
-255.089
-250.535
-259.775
-386.477
-364.1
-343.428
-364.037
-255.874
-252.395
-220.988
-289.242
-243.437
-243.437
-250.911
-243.808
-375.31
-360.431
-379.559
-400.384
-241.362
-240.974
-276.665
-229.736
-255.089
-284.963
-259.357
-247.516
-378.584
-373.604
-395.499
-397.977
-248.856
-254.643
-279.421
-264.133
-255.089
-216.016
-227.08
-244.022
-552.569
-551.84
-545.055
-548.504
-238.106
-224.379
-237.17
-263.794
-24.5608
-24.5608
-24.5608
-160.726
-251.332
-264.033
-263.579
-265.84
-184.446
-140.961
-177.043
-24.5608
-235.554
-298.324
-233.242
-445.455
-269.654
-250.466
-552.257
-569.201
-440.221
-443.088
-100.725
-24.5608
-296.553
-331.246
-286.985
-487.532
-589.247
-589.254
-564.7
-585.589
-448.586
-457.07
-469.221
-433.999
-237.403
-291.962
-485.248
-475.91
-570.323
-575.361
-577.669
-589.556
-483.152
-470.31
-473.153
-475.961
-228.23
-454.489
-466.086
-463.146
-575.846
-571.48
-580.343
-583.855
-461.629
-449.182
-443.13
-412.665
-264.492
-474.169
-467.246
-473.526
-561.684
-567.145
-577.372
-578.373
-462.321
-480.127
-458.992
-244.568
-244.469
-481.995
-460.473
-465.556
-537.409
-561.182
-559.253
-562.962
-461.567
-464.297
-366.137
-248.13
-279.31
-459.66
-457.232
-461.555
-554.764
-556.926
-561.679
-573.817
-443.165
-461.45
-502.372
-441.937
-24.5608
-24.5608
-166.228
-167.843
-302.398
-277.489
-284.371
-275.897
-141.808
-150.564
-141.706
-110.324
-162.826
-432.705
-414.77
-435.454
-506.366
-536.141
-515.729
-539.746
-424.323
-424.679
-620.242
-359.082
-284.253
-441.161
-429.962
-437.625
-532.579
-521.49
-537.603
-543.732
-425.429
-267.366
-450.777
-216.166
-24.5608
-154.755
-402.263
-406.117
-534.817
-543.364
-244.902
-258.725
-417.209
-394.588
-423.48
-401.514
-173.474
-443.874
-440.755
-434.899
-558.069
-519.357
-541.119
-563.071
-417.749
-428.989
-418.793
-1385.48
-378.623
-623.941
-554.78
-601.636
-504.678
-503.456
-673.772
-691.764
-571.433
-594.631
-404.006
-407.487
-231.297
-224.988
-413.298
-428.623
-682.305
-669.997
-514.758
-517.999
-411.726
-415.805
-575.104
-580.794
-192.577
-225.169
-414.092
-421.727
-693.666
-691.283
-520.14
-551.413
-416.12
-403.005
-605.949
-570.37
-215
-249.078
-24.5608
-420.055
-675.072
-675.432
-539.911
-543.658
-431.209
-420.939
-573.789
-575.671
-283.694
-244.419
-207.656
-432.571
-521.892
-514.144
-503.424
-540.325
-430.689
-424.976
-414.538
-424.992
-177.125
-177.125
-193.566
-404.531
-510.264
-503.307
-515.384
-527.83
-397.506
-428.265
-427.129
-513.555
-261.816
-362.358
-243.51
-453.73
-513.669
-500.814
-683.522
-700.851
-428.163
-406.75
-420.892
-1440.27
