#sbs.hcal.adc.gain =
0.00175  0.00266867  0.00263163  0.00180382  0.00381368  0.00185798  0.0024062  0.00332779  0.00145959  0.00145491  0.00222524  0.00374568
0.00175  0.00343338  0.00377776  0.00348077  0.00367095  0.00462742  0.00309678  0.00033258  0.00283849  0.00309063  0.00219133  0.00256277
0.00175  0.00125056  0.00147058  0.00360294  0.00337023  0.00360507  0.0020254  0.00204264  0.00246365  0.00275525  0.00109006  0.0031688
0.00175  0.00389354  0.00252703  0.00273882  0.00297814  0.00293005  0.00368741  0.00423066  0.00376472  0.00349532  0.00387946  0.00296845
0.00175  0.00307919  0.00330486  0.00320952  0.0030964  0.00292042  0.00370299  0.00383441  0.00368214  0.00358192  0.0030981  0.00272894
0.00539881  0.00224432  0.00407979  0.00323357  0.00362209  0.00430083  0.00218797  0.00364802  0.00379861  0.00230072  0.00344218  0.00254265
0.00169373  0.000275533  0.000955392  0.00130344  0.00213968  0.00226357  0.0036353  0.00301415  0.00359628  0.00387362  0.00307733  0.00311957
0.0030827  0.00186074  0.00361487  0.00374538  0.0032267  0.00304382  0.00391301  0.00397965  0.00416991  0.00335042  0.00396898  0.00326762
0.00512732  0.00154451  0.000979505  0.00339938  0.00377165  0.00328064  0.0028337  0.00332725  0.00378037  0.00325895  0.00395097  0.00300717
0.00260136  0.00148176  0.00146341  0.00445934  0.00386275  0.00324646  0.00435376  0.00383747  0.00306305  0.00490117  0.00294537  0.00305697
0.00607633  0.00171058  0.00137975  0.00415844  0.00344356  0.00397098  0.00374085  0.00434764  0.00409183  0.0040172  0.00228703  0.00216883
0.0072298  0.00174206  0.00140851  0.00438674  0.00383437  0.00403628  0.00336017  0.00395697  0.00319833  0.00375441  0.00447769  0.00372126
0.000449533  0.000488912  0.000590922  0.000582451  0.00215514  0.0021467  0.00362556  0.00363234  0.003379  0.00256934  0.00259567  0.0035386
0.00660769  0.00120219  0.00137378  0.00110814  0.00108169  0.00336839  0.00318758  0.00433566  0.00300645  0.00387839  0.00422526  0.00379699
0.00212358  0.0017905  0.00117037  0.00140173  0.00156192  0.00461118  0.00397914  0.00402824  0.00287886  0.000387382  0.0040217  0.00341337
0.00335189  0.00127896  0.00148071  0.00133853  0.00136398  0.00118429  0.00450341  0.00395832  0.00309463  0.00451834  0.00307923  0.00356526
0.00349821  0.000794794  0.00150729  0.00127622  0.00111391  0.00139497  0.00137369  0.00258447  0.00269574  0.00298621  0.00376329  0.00340549
0.00274887  0.00140077  0.00135238  0.00107242  0.0015003  0.00127913  0.00167818  0.00187533  0.00464687  0.00273305  0.00421358  0.00366691
0.0050249  0.00292725  0.00159332  0.00131823  0.00154002  0.00129025  0.00152842  0.00172602  0.00343746  0.00347929  0.00424801  0.0037875
0.00432152  0.00164664  0.00152238  0.00133137  0.0018508  0.00123938  0.00137083  0.00119434  0.0016172  0.00419169  0.00375234  0.00372496
0.0045194  0.00171242  0.000476805  0.001309  0.00130803  0.00128104  0.00124791  0.00160076  0.00154403  0.00131706  0.00309343  0.00410904
0.00265122  0.00116889  0.00190811  0.00166903  0.00179654  0.00185825  0.00169268  0.00158463  0.00158704  0.00105741  0.004211  0.00338812
0.00175  0.00403728  0.00184311  0.00188862  0.00164165  0.00163744  0.00149042  0.00142973  0.00163888  0.00171401  0.00262937  0.00308539
0.00731553  0.00733844  0.00269888  0.00236267  0.00204097  0.00246712  0.00241754  0.00240661  0.00195007  0.00151657  0.00263376  0.00416878
