#HCal TDC offsets obtained 9_1_2022
#Offsets obtained from fits over cosmic TDC distributions = 
-907.743
-910.371
-888.204
-887.792
-1013.24
-992.463
-974.292
-994.581
-881.379
-872.577
-840.462
-880.591
-896.668
-901.189
-899.356
-878.541
-1001.38
-983.365
-999.872
-1005.09
-860.14
-867.145
-888.497
-887.543
-894.032
-923.785
-897.507
-879.483
-1003.18
-994.564
-1005.94
-1012.19
-862.064
-869.318
-892.691
-874.499
-875.591
-871.692
-862.146
-871.517
-975.236
-972.686
-955.639
-959.036
-850.437
-837.004
-852.362
-860.472
-878.191
-865.379
-867.088
-855.288
-929.716
-947.904
-951.047
-957.9
-839.056
-833.444
-836.26
-830.168
-919.999
-893.363
-873.063
-875.267
-959.995
-931.875
-963.639
-975.784
-847.892
-848.586
-822.002
-815.139
-973.94
-936.017
-924.878
-919.378
-1009.31
-1004.04
-972.977
-994.003
-849.015
-858.542
-857.336
-842.544
-929.372
-920.428
-901.641
-890.457
-976.541
-977.859
-980.028
-987.578
-879.74
-863.657
-869.953
-844.385
-939.815
-914.708
-902.537
-879.18
-974.426
-968.669
-979.671
-978.452
-850.184
-846.233
-849.233
-829.49
-954.902
-928.469
-903.241
-896.203
-967.496
-962.425
-970.508
-966.501
-845.775
-856.038
-846.163
-819.031
-915.337
-926.352
-898.439
-893.409
-950.156
-963.219
-956.056
-953.218
-844.932
-841.075
-846.924
-835.997
-932.369
-910.906
-903.614
-891.961
-973.472
-967.891
-963.223
-965.456
-837.618
-828.53
-817.48
-805.693
-917.304
-906.124
-892.057
-876.086
-994.135
-961.863
-951.681
-939.84
-803.567
-808.273
-797.99
-783.887
-892.919
-898.126
-857.517
-874.756
-931.651
-949.588
-920.897
-929.502
-810.065
-807.109
-765.32
-774.725
-926.138
-901.335
-882.52
-881.154
-954.05
-935.674
-941.678
-935.075
-812.247
-833.003
-792.966
-771.725
-894.092
-894.309
-857.377
-845.976
-963.308
-963.547
-924.958
-919.655
-808.459
-778.517
-790.189
-768.472
-900.694
-906.955
-885.555
-878.986
-987.218
-940.811
-955.69
-962.475
-810.516
-811.523
-768.05
-794.583
-1072.42
-1074.74
-1020.79
-1034.2
-938.088
-927.201
-1085.09
-1087.96
-953.52
-958.477
-748.255
-748.128
-891.775
-903.215
-852.005
-874.424
-1109.95
-1089.6
-922.294
-908.103
-790.175
-778.022
-917.119
-923.78
-891.671
-872.928
-867.803
-855.089
-1116.1
-1105.75
-920.242
-932.181
-791.262
-760.977
-936.199
-909.927
-903.535
-884.702
-837.671
0
-1106.84
-1086.47
-935.942
-925.842
-800.095
-774.197
-933.94
-910.141
-914.805
-907.671
-859.157
-854.732
-951.33
-922.853
-898.69
-929.055
-792.104
-783.198
-765.869
-758.545
-889.01
-859.783
-845.956
-846.77
-939.681
-909.643
-926.889
-912.403
-764.984
-764.769
-757.811
-731.393
-1041.15
-1037.6
-863.049
-867.059
-933.79
-910.632
-1073.45
-1091.06
-780.296
-778.634
-763.685
-744.163
