#HCal cosmic fit parameters obtained 9_1_2022
#Exponential fit for i PMTs -> y = P0_i*exp(-P1_i*x)+P2_i, P1_i = 
0.077345
0.138559
0.123688
0.110293
0.170943
0.108213
0.10378
0.121476
0.0864437
0.0936172
0.084887
0.108493
0.0843455
0.0979625
0.0582815
0.0814344
0.102257
0.114529
0.0585526
0.173293
0.0510786
0.0532942
0.0917978
0.1026
0.0720605
0.0990082
0.0432309
0.0613926
0.0524338
0.077132
0.0397154
0.0394244
0.0319616
0.0675412
0.164207
0.135461
0.0506556
0.0400042
0.0561227
0.0480496
0.0422093
0.0684396
0.0865873
0.0802893
0.0613389
0.0926197
0.0804103
0.0661816
0.0503586
0.0415183
0.0666649
0.0598324
0.0470431
0.0444019
0.0723899
0.0645627
0.0763342
0.0751991
0.0646172
0.113953
0.0794086
0.0511667
0.0400228
0.0680233
0.059125
0.0751991
0.0905961
0.0667045
0.0590517
0.0430201
0.078155
0.0673045
0.148079
0.170003
0.224048
0.107322
0.0438463
0.0424272
0.0735625
0.0538029
0.0607489
0.054265
0.0546186
0.0771481
0.119666
0.0738064
0.0352961
0.0701709
0.0667986
0.0760504
0.0902957
0.0922887
0.107299
0.0888795
0.0972288
0.187647
0.100408
0.135008
0.0524061
0.0417489
0.0907068
0.064411
0.0483748
0.0533574
0.0718972
0.0586944
0.104867
0.057533
0.0741309
0.0642745
0.090328
0.118295
0.0712972
0.0720602
0.083944
0.0631597
0.0535319
0.0904542
0.0745517
0.101748
0.0839026
0.0702846
0.0663517
0.0951621
0.049079
0.0724575
0.0842315
0.0746888
0.0746779
0.10204
0.105062
0.0541104
0.0678324
0.0818556
0.0766629
0.0738706
0.0625687
0.0681767
0.0327265
0.07663
0.0390681
0.0651505
0.0889374
0.0764233
0.2449
0.124526
0.0465122
0.0823616
0.151679
0.06604
0.0701758
0.0311828
0.0514643
0.0303836
0.0326484
0.0624679
0.194577
0.0617658
0.128834
0.0533167
0.0882501
0.0731536
0.06128
0.0828978
0.0743353
0.0497365
0.0512998
0.0447925
0.0572638
0.0795904
0.120166
0.0775543
0.0997953
0.0514282
0.0883189
0.0680556
0.0355787
0.154581
0.035274
0.0728006
0.0537152
0.0981868
0.13124
0.0463667
0.0486871
0.0765881
0.0966506
0.0484918
0.0556824
0.086038
0.0549414
0.0943165
0.132246
0.0564849
0.0684683
0.0723336
0.108955
0.0864063
0.0713079
0.052663
0.0523993
0.0314117
0.0440434
0.0718097
0.0684001
0.073544
0.0781547
0.079146
0.0664896
0.0465682
0.117505
0.103334
0.0948199
0.112046
0.0654851
0.0918195
0.0880273
0.151558
0.0989421
0.0535257
0.123174
0.0921179
0.0660357
0.0937474
0.0833191
0.0607179
0.0516219
0.053823
0.075383
0.0754569
0.0822561
0.106941
0.124475
0.0983664
0.0647637
0.0525646
0.0588314
0.0789226
0.0797345
0.0536462
0.041426
0.0493515
0.172958
0
0.111012
0.0672721
0.0716946
0.0821691
0.0581897
0.114568
0.0573321
0.0911679
0.0681159
0.0706584
0.0705109
0.117992
0.0869373
0.117756
0.0902121
0.0622218
0.0601642
0.0599849
0.0747601
0.0777881
0.0769404
0.058126
0.186004
0.0756786
0.114396
0.0937565
0.092147
0.0947431
0.084241
0.0519495
0.0790676
0.0883067
0.107311
0.0896671
0.101317
0.0811497
0.123361
0.110419
0.124706
0.0681587
0.105905
0.0686371
0.0744568
0.101292
