#HCal gain coefficients from SBS-8 obtained 1_23_2023
#HCal_gainCoeff = 
0  -0.00115531  -0.000498232  -0.000268353  -0.000717969  -0.000447809  -9.82063e-05  0.00157779  -0.00029041  -0.000129327  0.00047524  0.00199568  
0  3.85406e-05  -0.000347702  -0.000285245  -0.000104419  1.39934e-05  -0.000619563  -0.00112366  -0.00028958  -0.000513149  -0.000625698  0.00081277  
0  -0.00123771  -0.000942006  -0.00022137  -0.000401576  -0.000241797  -0.000810724  -0.000785982  -0.000637954  -0.000517253  -0.00124576  0.0014188  
0  -0.000133307  -0.0004677  -0.000546856  -0.000557487  -0.000479158  -0.000148723  -3.97443e-05  -0.000207887  -0.000118573  1.28519e-05  0.00121845  
0  -0.000460445  -0.000385548  -0.000234704  -0.000274534  -0.000531508  -0.000195799  -0.00020579  -6.61538e-05  -6.21143e-05  -0.000161339  0.00097894  
-0.000102006  1.03014e-05  -9.35124e-05  -0.000211675  -0.000222086  -5.67619e-05  -0.000625205  -6.99444e-05  -0.000202365  -0.00065482  -0.00026565  -5.70206e-05  
-0.000684872  -0.00141691  -0.00147848  -0.0011447  -0.000617956  -0.000982593  -5.71782e-05  -0.000278482  -0.000125175  -6.36973e-05  -0.000281896  -0.000532001  
-0.000289177  -0.000105008  -0.000193618  -9.90785e-05  -0.000260881  -0.000389969  -1.36174e-06  1.73432e-05  3.46722e-05  -0.000227049  9.57088e-05  0.00151762  
-0.000525368  -0.000331503  -0.000754176  -0.000458584  -0.000181401  -0.000374649  -0.000632132  -0.00031156  -0.000282117  -0.000182874  4.03248e-05  0.00125717  
-0.000988621  -0.000403526  -0.000203094  4.76388e-07  -0.000215674  -0.000296222  5.31132e-05  -5.78957e-05  -0.000113797  -0.000181886  -0.000340054  0.00130697  
-0.00109934  -0.000113183  -0.000343815  -4.03421e-05  -8.74862e-05  6.39658e-05  1.97304e-05  1.46385e-05  -1.99147e-05  4.55814e-05  -0.000657546  -0.00047094  
-0.000201317  -0.000102636  -0.000268259  -0.000235765  2.8111e-06  -3.81253e-05  -0.00020274  2.05263e-05  -0.000245338  1.92807e-05  0.000376917  0.00197126  
-0.00128034  -0.00131495  -0.00105451  -0.00113678  -0.0010742  -0.000834862  -0.000106405  -6.01519e-05  -0.00014358  -0.000533622  -0.000491386  -0.000230686  
0.000824255  -0.000601345  -0.00030211  -0.000582043  -0.000705369  -0.000143435  -0.000351478  4.98514e-05  -0.000408376  9.61701e-05  3.49037e-05  -0.000566054  
-0.000668689  -0.000125546  -0.000527009  -0.000278685  -8.79956e-05  -0.000135958  -0.000108418  -7.64384e-05  -2.49838e-05  -0.00156598  -3.55546e-06  0.000340446  
3.24995e-05  -0.000565195  -0.000132683  -0.000419343  -0.000340758  -0.00055979  -0.000191687  9.07832e-05  -0.000229076  6.16082e-05  -0.000141189  -3.4053e-05  
-0.000727984  -0.000945492  -0.000155339  -0.000356681  -0.000659384  -0.000281033  -0.000289675  -0.000818683  -0.00062001  -0.000397736  -4.13767e-05  -0.000747127  
-0.000299117  -0.000405875  -0.000308569  -0.00058635  -0.000215411  -0.0004652  -5.69427e-05  0.000162261  -0.000101022  -0.000242307  0.000266196  8.12229e-05  
0.0032749  0.000301629  -0.000218572  -0.000378039  -0.000129736  -0.000334698  -0.000183507  2.23796e-05  -0.000485086  -0.000163481  -3.18904e-05  0.0020375  
0.00257152  -0.000129028  -0.000354641  -0.000334038  7.94698e-05  -0.000517617  -0.000392224  -0.000504933  -0.000154847  -0.000208321  -8.57934e-05  0.000375909  
-0.000357236  -0.000332564  -0.00112822  -0.000407439  -0.000451321  -0.000389232  -0.000436157  -0.000106746  -0.000144439  -0.000456333  -0.00041782  -6.98825e-05  
-0.000281589  -0.000812069  -9.6087e-05  -0.000188552  -3.06403e-05  -6.3214e-05  -0.000154924  -9.70945e-05  -0.000141378  -0.000684855  -0.000127753  -0.000317847  
0  0.00109695  -0.000445214  -0.000336186  -0.000275789  -0.000182966  -0.00057952  -0.000572361  -0.000271977  -0.000291556  3.88801e-05  0.00133539  
0.00556553  0.00558844  0.00094888  -0.000404637  0.00029097  0.00071712  0.000277211  -0.000430553  -0.000363308  -0.000383316  -0.000476752  0.00241878  
