#HCal Ratios from SBS-8 obtained 1_23_2023
#HCal_ratio = 
1
0.222841
0.475663
0.821394
0.391324
0.700864
0.686474
1
1
1.11393
1
1
1
0.636174
0.832778
0.885787
0.933806
0.920525
0.886249
1.88327
1.47949
0.5922
1.07278
1
1
0.932991
1.04193
1.06656
1.00687
1.00158
1.06941
0.826228
0.910506
0.684164
0.58038
1
1
0.978681
0.928954
1.02792
1.0179
0.977082
1.06775
1.01696
0.900993
0.784106
0.920098
1
1
0.984221
0.871743
1.03084
0.98503
0.99403
0.97638
0.987915
0.917557
0.835207
0.858995
1
0.305251
0.784336
1.05219
1.06275
1.0175
1.04384
0.957973
1.01783
0.991051
0.741274
0.855647
0.665833
0.628865
1.20888
0.908262
1.01007
1.07155
0.883387
1.05568
0.973284
0.887426
0.842865
0.845444
0.390438
0.473878
0.884053
1.0739
1.02679
1.0508
1.04623
0.99856
0.981487
0.892345
0.731478
0.933473
1
0.238845
0.918412
1.01666
1.03039
1.01714
0.987451
0.961954
1.00405
0.900558
0.82134
1.01163
1
0.292685
0.908699
1.05706
1.05009
1.02651
1.02585
1.02833
0.991036
0.964896
0.749623
0.904107
1
0.107082
0.956879
1.01916
1.05754
1.01431
1.02062
1.00894
0.992787
0.957197
0.9087
0.862087
0.589747
0.214208
0.945641
1.05199
0.980697
1.08222
1.01197
1.046
1.0021
0.97685
0.82713
0.88282
1
1.04476
0.889836
1.17696
1.05283
0.906146
0.897925
1.01681
1.00097
1.00918
0.853773
0.551441
0.429355
0.389585
0.955469
1.05395
1.05398
0.96574
1.07019
1.02977
1.00856
1.00593
0.861505
0.659963
0.311812
0.509192
0.907263
1.04496
1.04964
1.06408
1.03379
1.00873
0.974185
0.997592
0.751249
0.697841
0.612429
0.531789
0.926381
1.09226
0.994118
1.03318
1.005
0.973471
1.0066
1.0315
0.946316
0.587061
0.481296
0.292154
1.01222
1.05797
1.09175
0.979088
1.05305
1.06307
0.954953
1.03592
0.86997
0.87386
0.294487
0.527811
0.959562
1.06585
1.08507
1.02285
1.00443
1.00887
1.01969
1.03945
0.981507
0.82365
0.499391
1
0.700872
0.961155
1.04076
1.05211
1.09692
1.02491
1.02686
1.01152
1.06047
0.842789
1
1
0.984412
0.916564
1.06354
0.988475
0.994355
0.990478
1.04247
0.986367
0.990154
0.989845
0.57072
0.308174
0.827739
1.30406
1.02564
0.992851
1.06224
1.05283
1.02655
1.03985
0.982239
0.958507
0.408883
0.553863
0.802411
0.866781
0.935542
0.95704
0.907728
0.942337
1.04309
1.0136
1.00732
0.885738
0.422699
1
0.705165
0.707926
0.748596
0.898006
0.957003
0.785336
0.823679
0.90185
0.850896
0.680346
1
1
1
1
0.569425
1
1
0.838543
0.54826
0.711098
0.901167
0.483434
1
