#HCal TDC offsets obtained 9_15_2022
#Offsets obtained from fits over cosmic TDC distributions = 
-502.173
-448.868
-528.458
-521.738
-648.66
-628.417
-621.303
-647.042
-532.744
-522.832
-517.073
-514.471
-285.077
-491.122
-532.267
-507.727
-629.291
-613.611
-635.816
-644.892
-502.62
-512.781
-519.824
-450.764
-517.047
-495.181
-502.339
-503.336
-632.69
-625.083
-653.405
-648.338
-501.448
-514.253
-531.552
-535.456
-402.693
-465.531
-353.216
-495.797
-603.309
-604.19
-593.919
-596.761
-490.749
-482.577
-505.496
-482.846
-625.461
-579.973
-604.788
-607.285
-685.055
-711.829
-720.272
-725.835
-607.501
-604.353
-615.695
-629.703
-503.557
-459.192
-508.061
-519.299
-723.569
-699.546
-615.619
-639.817
-517.114
-517.872
-617.056
-632.627
-488.878
-510.456
-550.237
-551.132
-665.027
-661.494
-641.378
-661.036
-526.801
-537.946
-537.159
-574.493
-506.166
-478.878
-524.56
-534.754
-630.062
-634.855
-647.613
-665.68
-560.009
-548.253
-555.884
-471.439
-532.96
-532.061
-520.004
-513.601
-632.934
-634.428
-661.028
-658.434
-534.387
-538.091
-545.651
-534.899
-521.84
-510.473
-520.815
-533.356
-623.267
-633.392
-651.264
-649.355
-535.167
-563
-546.772
-509.374
-412.624
-499.858
-497.578
-516.804
-597.245
-625.01
-631.864
-636.336
-540.846
-540.338
-522.03
-531.559
-462.102
-484.326
-501.653
-514.316
-611.576
-622.359
-633.95
-640.542
-517.859
-527.658
-522.807
-466.556
-591.708
-579.663
-595.683
-638.375
-742.92
-734.356
-733.101
-726.362
-597.169
-612.009
-612.24
-570.049
-503.415
-473.263
-458.572
-487.178
-557.527
-597.304
-577.265
-600.439
-496.919
-507.964
-457.04
-460.78
-435.134
-470.737
-498.238
-499.658
-592.33
-583.316
-602.6
-612.57
-498.675
-536.554
-501.2
-449.417
-528.115
-586.191
-450.186
-461.942
-595.902
-602.091
-693.71
-707.075
-486.635
-474.062
-502.853
-456.303
-499.685
-503.738
-483.706
-488.915
-615.514
-584.037
-613.584
-634.517
-487.975
-513.153
-470.341
-509.231
-649.408
-642.131
-618.286
-651.362
-564.607
-569.551
-750.102
-763.999
-643.03
-665.291
-458.885
-455.941
-467.13
-507.481
-486.857
-491.252
-740.706
-736.379
-586.371
-581.177
-470.383
-467.842
-625.394
-606.351
-465.414
-431.219
-469.028
-484.768
-766.388
-749.182
-578.954
-600.753
-470.133
-452.545
-638.21
-604.951
-501.222
-436.371
-841.152
-482.307
0
-731.466
-589.139
-589.176
-472.388
-463.71
-642.429
-593.791
-440.266
-500.437
-469.808
-473.532
-581.247
-559.524
-545.575
-584.277
-466.485
-474.097
-472.851
-489.666
0
-474.218
-454.94
-456.973
-556.457
-545.967
-574.779
-570.437
-435.265
-458.729
-482.426
-493.987
-477.451
-626.716
-445.966
-458.473
-580.579
-524.323
-734.313
-760.605
-472.499
-498.505
-479.536
-465.406
