#HCal cosmic fit parameters obtained 9_14_2022
#Exponential fit for i PMTs -> y = P0_i*exp(-P1_i*x)+P2_i, P0_i = 
17.4399
29.6532
18.885
14.1603
20.2683
11.9072
19.4502
30
17.2405
8.55822
11.69
30
30
16.8217
29.9928
5.52722
19.3282
12.5706
13.2039
4.04266
14.0254
19.864
7.54295
18.987
30
30
15.3905
8.67401
11.5831
14.9647
8.62258
12.2183
13.1486
12.5883
16.9819
30
30
6.91463
30
6.71359
12.1348
10.439
10.6445
21.4672
14.1088
11.5261
10.8302
28.5799
11.3918
11.673
30
13.5294
13.453
10.1031
15.0695
14.693
23.5088
15.1934
10.8773
22.4339
23.1042
14.2455
28.3755
15.6068
11.1847
11.3222
22.9578
12.7311
16.6294
17.6475
10.7005
26.497
19.646
30
18.725
17.4391
10.8619
30
18.6797
13.5478
13.1729
17.3169
20.9047
23.5552
7.37959
9.9739
11.0015
12.1741
10.7043
8.44125
15.6527
13.3806
11.2002
11.7228
13.6302
8.18293
9.13508
29.2997
10.176
11.8799
10.701
8.14004
13.0217
12.5643
16.2373
12.6876
6.59847
30
20.6574
12.0978
14.6417
9.26805
12.7125
13.8155
14.4677
18.1695
9.99014
13.1476
23.337
6.19163
9.21507
15.104
11.9639
19.186
11.2014
12.5816
12.4733
15.5967
12.4168
11.0864
19.8543
8.32659
29.928
10.5985
16.4704
11.7472
17.3022
14.9219
10.8103
11.1991
12.0167
14.9508
30
30
14.3692
30
14.7651
6.18441
10.6591
12.29
15.3805
19.6468
16.0952
19.9887
30
30
30
8.70431
13.4735
10.551
11.863
13.2961
13.7647
14.678
17.7727
17.5718
30
17.0376
14.1019
14.1654
10.2527
10.1826
19.5034
14.5442
11.4495
14.589
8.52288
5.56606
14.9039
30
10.3743
8.64298
10.4392
15.2349
12.4127
14.7713
16.5677
16.2462
14.671
18.2534
13.2961
30
30
25.3106
15.4247
16.6599
10.0145
18.9685
15.3756
11.0024
13.7756
20.3599
30
29.3169
30
12.0908
14.3724
11.601
12.2688
15.3559
17.9605
21.8506
14.3627
18.4993
12.5989
30
7.81105
30
8.89479
13.7387
15.4717
14.7697
16.4643
19.3934
14.7445
12.6184
24.5949
30
12.623
8.7705
12.4478
12.3047
13.0113
12.7588
13.3909
11.6802
19.4852
24.6101
11.3597
30
30
30
9.9587e-13
12.0425
0
11.1578
14.3607
13.7193
13.3394
15.4538
11.2801
30
30
30
12.9613
11.7485
15.7295
8.66104
8.84772
12.6518
17.4412
9.87934
12.3949
28.1835
0
29.9052
13.3113
14.3393
9.08469
14.08
11.1392
10.8091
10.7671
10.9892
22.5163
30
30
30
30
11.1372
10.6736
12.0588
11.7629
10.638
10.8221
10.2392
9.82603
10.9457
