#HCal cosmic fit parameters obtained 9_1_2022
#Exponential fit for i PMTs -> y = P0_i*exp(-P1_i*x)+P2_i, P0_i = 
12.7073
16.5055
13.1251
12.1075
15.5202
10.6646
9.10597
9.7835
10.3341
9.59501
8.68815
9.21709
9.36268
11.7906
9.74084
8.93517
9.12775
8.18188
7.66568
12.9902
8.7577
7.98866
9.44242
12.7604
10.5133
10.8087
8.50323
10.0905
8.88454
7.87668
7.77984
6.65871
8.44081
8.22756
14.3355
8.43697
8.56527
9.22858
9.8926
8.42318
8.27555
8.81447
8.69691
5.82497
8.02327
8.46026
8.33331
7.23769
10.4098
8.85009
11.3189
10.4479
9.05042
6.80998
8.26698
7.86992
9.66618
8.30587
7.71228
9.47004
10.6587
9.98277
9.07963
9.99554
8.22915
7.72895
7.88723
8.03893
9.12698
7.11402
8.82322
7.72631
27.7957
20.7149
23.7175
11.6125
7.48259
22.437
8.75787
7.80745
9.63428
9.52026
7.81235
10.273
13.3939
8.3913
7.97246
7.9327
7.20283
7.50424
7.82722
7.18533
9.01859
7.58222
7.32744
8.80409
11.494
11.1162
9.38908
8.99698
8.94952
9.52013
7.34999
8.06438
10.8787
7.35986
8.76585
7.55299
16.1652
11.0847
8.85493
9.654
7.87688
7.71529
9.15846
7.86349
8.34729
7.78629
7.46937
8.85934
13.7172
9.35945
8.76016
9.97003
7.85593
8.17743
8.94808
7.28481
8.36156
9.42508
11.0605
7.89034
13.2924
11.4764
9.56558
10.1377
7.7192
8.19768
7.65894
6.71133
7.66438
8.57891
8.3506
7.71422
51.0082
20.1662
8.3407
9.43487
12.9306
7.24624
8.39366
10.0782
8.7052
7.68634
7.77456
9.19016
25.1125
12.5787
11.5182
7.70711
7.68984
6.21566
5.556
7.8383
7.53419
7.10272
6.91378
6.30147
16.2511
10.2765
12.1467
9.60812
8.22733
7.59347
6.94335
6.36193
8.30548
12.4065
7.3249
8.45851
16.6399
15.5128
8.72934
9.1008
7.00684
7.10238
6.92125
7.06106
7.21665
7.05393
6.50903
8.89086
16.6886
12.4131
9.59769
8.1349
9.05285
6.88696
5.96526
5.53809
6.65251
7.60043
7.4059
8.22717
14.0859
10.5801
8.45793
7.57143
6.89917
6.40254
7.00726
5.70045
7.35073
7.35689
7.36647
7.40363
14.5322
12.44
11.0941
7.95417
7.61181
7.46184
7.03668
6.5515
7.82406
6.58426
6.55274
7.32796
11.3684
13.5859
11.5259
11.0698
7.8303
6.9978
6.04945
5.14595
6.7707
7.46816
6.77393
7.81216
12.4733
10.3199
14.4476
0
6.87256
6.78776
6.09029
5.78901
6.23568
8.73586
6.52809
7.90277
13.2392
13.2346
9.60271
9.36753
7.12571
8.22894
7.12956
4.97892
7.5376
6.74647
7.22326
7.95231
12.7451
10.8178
15.5012
8.20545
7.35014
7.13227
5.84606
6.57754
7.57035
7.1372
5.68519
7.92074
18.8465
9.65334
9.54213
10.0907
6.5573
6.39419
6.41104
7.15631
7.32096
6.75045
6.50688
7.23926
