#HCal cosmic fit parameters obtained 9_1_2022
#Exponential fit for i PMTs -> y = P0_i*exp(-P1_i*x)+P2_i, P2_i = 
-105.108
-103.796
-102.445
-102.409
-115.431
-113.873
-111.52
-113.737
-101.611
-100.248
-96.7312
-101.021
-103.336
-104.137
-104.219
-101.199
-114.841
-112.452
-114.371
-113.396
-99.6273
-99.7261
-101.43
-100.845
-103.965
-103.859
-102.86
-102.563
-115.998
-114.116
-115.641
-115.564
-99.9552
-99.7278
-99.8913
-99.8397
-101.451
-102.239
-100.34
-100.843
-112.837
-111.439
-109.878
-109.274
-98.0347
-95.7346
-97.8597
-98.4018
-102.701
-100.594
-100.687
-99.8655
-107.974
-108.92
-109.44
-109.991
-96.8705
-95.3259
-95.5996
-94.7881
-105.944
-104.341
-102.112
-101.649
-110.437
-107.29
-110.36
-112.235
-98.3777
-97.3265
-94.1835
-93.4398
-106.478
-104.327
-103.432
-103.601
-115.969
-115.68
-112.358
-114.083
-98.4574
-99.9359
-98.8222
-96.552
-105.799
-105.715
-104.856
-102.532
-111.98
-111.808
-112.368
-113.107
-100.743
-98.7136
-99.4598
-96.125
-106.206
-104.393
-103.822
-102.517
-112.01
-112.025
-112.439
-113.059
-98.7832
-97.6608
-97.7442
-95.4473
-108.325
-106.739
-104.05
-102.547
-111.451
-110.562
-111.842
-111.382
-98.6187
-98.8657
-96.9456
-94.1074
-104.181
-106.16
-103.075
-102.51
-110.426
-111.061
-110.103
-109.401
-97.5888
-96.5416
-96.4025
-95.6346
-106.378
-104.111
-103.255
-102.934
-111.956
-111.372
-112.048
-110.443
-97.3192
-96.3512
-94.1102
-92.5444
-99.6178
-100.82
-101.637
-98.5706
-112.04
-109.507
-110.156
-111.42
-93.5397
-94.1083
-92.7016
-90.4817
-101.003
-102.435
-97.7746
-99.8484
-105.243
-108.312
-104.954
-106.708
-92.7563
-93.2424
-88.4237
-89.1061
-105.067
-102.596
-99.543
-100.337
-108.495
-107.948
-107.096
-106.926
-94.9436
-92.9195
-92.3151
-88.7643
-102.84
-101.236
-96.8193
-97.7938
-110.387
-109.187
-105.146
-106.335
-93.0497
-89.1975
-91.1552
-88.5137
-100.836
-103.01
-101.772
-99.7995
-111.449
-107.004
-108.6
-109.239
-92.7432
-94.6625
-89.3008
-90.3468
-121.789
-121.303
-115.526
-117.474
-106.833
-106.182
-122.877
-123.342
-108.7
-109.026
-86.6047
-85.7401
-100.398
-102.215
-96.9162
-99.7706
-125.442
-123.292
-105.595
-103.41
-90.7007
-89.4968
-105.538
-106.297
-99.5953
-99.7262
-98.2713
-96.72
-126.287
-124.894
-104.524
-106.005
-90.8295
-87.0741
-106.599
-105.006
-102.796
-100.307
-95.8724
0
-124.895
-123.361
-106.245
-105.256
-91.9285
-88.5988
-106.948
-104.131
-103.105
-102.39
-98.0001
-96.5598
-108.162
-104.823
-102.281
-105.868
-91.2818
-89.561
-87.7662
-86.7975
-100.555
-98.64
-94.7509
-96.2825
-106.183
-103.477
-104.809
-103.31
-87.8228
-88.7479
-86.5207
-83.7812
-116.304
-116.708
-97.6545
-98.3346
-105.121
-102.769
-121.433
-123.152
-88.3254
-88.7049
-86.8371
-84.6038
