#HCal TDC offsets obtained 1_27_2023
#Offsets obtained from fits over cosmic TDC distributions = 
-643.734
-658.493
-636.072
-644.755
-776.987
-749.801
-736.43
-758.592
-650.3
-643.676
-650.982
-607.537
-622.733
-634.283
-638.638
-627.617
-751.295
-741.585
-762.83
-776.979
-615.332
-632.888
-663.839
-599.274
-622.726
-661.97
-638.599
-629.985
-759.56
-756.725
-772.728
-773.585
-626.97
-632.759
-646.298
-600.003
-604.886
-609.635
-609.923
-626.566
-737.326
-741.823
-722.756
-720.972
-608.288
-594.308
-606.33
-609.582
-609.061
-603.388
-615.863
-607.96
-693.181
-721.868
-723.576
-731.923
-612.118
-596.329
-601.743
-592.495
-572.357
-626.062
-623.534
-638.196
-724.98
-698.831
-731.516
-749.752
-624.933
-625.904
-591.457
-537.009
-618.176
-671.565
-678.281
-680.937
-779.701
-767.361
-751.154
-772.183
-630.251
-632.924
-609.848
-561.349
-620.288
-641.304
-646.365
-649.851
-749.764
-755.563
-761.564
-767.451
-658.017
-645.856
-639.765
-572.974
-619.939
-633.342
-641.339
-634.912
-747.218
-748.047
-758.062
-759.399
-632.843
-627.22
-636.155
-596.649
-659.872
-651.737
-652.1
-653.587
-737.711
-746.128
-756.615
-758.342
-637.956
-658.07
-641.934
-613.738
-610.543
-643.67
-635.706
-646.645
-723.355
-744.761
-742.832
-744.423
-640.97
-636.914
-644.259
-596.064
-618.522
-627.976
-643.108
-649.91
-741.241
-747.697
-753.139
-762.215
-639.914
-636.307
-611.98
-583.187
-620.443
-625.685
-630.568
-631.294
-762.869
-742.098
-744.534
-738.207
-605.331
-614.245
-595.172
-562.167
-588.234
-610.891
-598.772
-628.617
-696.964
-725.991
-708.961
-725.409
-613.868
-614.875
-576.184
-583.761
-606.514
-612.922
-615.283
-626.751
-715.467
-709.685
-725.718
-731.441
-618.6
-654.184
-606.349
-573.033
-582.669
-611.525
-594.875
-595.728
-723.714
-734.186
-703.695
-712.219
-608.218
-587.852
-613.997
-557.81
-596.525
-630.15
-618.561
-624.589
-747.88
-712.311
-734.697
-758.832
-619.676
-629.244
-597.557
-561.091
-772.642
-794.767
-755.086
-792.623
-697.046
-699.388
-870.162
-879.859
-760.125
-784.878
-578.714
-585.523
-584.704
-619.275
-589.449
-623.592
-869.235
-863.714
-709.75
-701.177
-607.283
-600.651
-748.21
-741.215
-602.536
-591.641
-598.725
-602.398
-876.018
-881.987
-705.969
-731.157
-601.426
-584.982
-767.517
-754.464
-610.041
-601.539
-615.038
-606.963
0
-865.065
-722.372
-724.145
-607.844
-611.9
-772.039
-754.334
-630.936
-631.652
-596.226
-607.064
-719.556
-698.309
-691.944
-729.604
-607.991
-623.059
-605.001
-601.535
-177.125
-585.747
-587.56
-596.557
-704.388
-687.42
-715.301
-712.64
-582.236
-594.132
-595.89
-576.962
-719.931
-721.754
-613.611
-634.21
-703.556
-695.001
-871.426
-898.422
-607.74
-619.431
-609.933
-575.287
