#HCal cosmic fit parameters obtained 1_27_2023
#Exponential fit for i PMTs -> y = P0_i*exp(-P1_i*x)+P2_i, P0_i = 
9.96102
4.69868
7.93438
5.89756
26.6257
8.33582
29.4252
15.6918
7.21529
26.7155
26.6039
27.9117
10.1918
8.3357
9.28099
13.6299
22.5902
5.40066
27.5254
14.5992
15.9843
12.3248
14.0574
26.1145
27.2283
26.9894
1.92932
12.3456
12.2039
8.95046
6.01866
4.86644
22.9977
13.6109
27.4821
30
27.6272
16.5372
7.48812
7.21355
21.7453
16.5063
11.2829
13.6708
19.8804
6.39083
8.68253
27.6678
25.1175
27.0771
7.17248
12.3784
13.2102
30
9.39415
10.2779
23.1516
18.63
7.64043
30
27.2867
10.2685
15.9666
8.91917
11.9866
30
6.06929
8.94686
8.24626
17.1034
12.7308
9.65916
27.611
27.6388
29.9829
26.2962
10.6063
30
26.2329
11.1489
16.1148
9.58267
11.7352
25.1867
8.08576
12.6286
4.13413
5.64611
30
25.8848
25.949
30
16.0472
9.22715
8.90463
28.4664
26.7079
9.44185
10.7087
22.4377
5.44857
5.62968
8.64936
10.3853
9.04991
17.5653
13.114
4.02212
29.1784
7.52995
7.21593
17.2825
15.0639
10.0712
14.0944
10.4488
13.2419
26.4212
8.34442
3.54835
27.6101
9.2431
17.5336
10.3842
5.89522
9.4019
12.172
10.7352
8.59096
5.67259
27.4523
26.9056
28.0244
6.19312
7.08152
5.26787
7.94775
9.68066
3.9089
11.9449
9.76219
17.5795
4.54061
28.2626
30
8.33924
9.87406
7.51515
9.715
14.134
14.364
10.0838
12.6854
30
5.12626
17.8814
1.85455
8.67247
6.64253
7.24813
11.4698
6.79962
7.41426
10.6355
8.70232
6.34498
2.575
27.1165
27.6664
5.54099
8.20206
5.96976
8.23458
9.07868
4.54697
6.92354
7.2797
26.6037
9.01639
26.9044
30
8.98795
5.93307
20.6042
13.0584
7.42669
18.7692
22.55
10.1877
6.2259
27.1828
27.229
25.6555
7.74155
11.0027
25.9962
9.20072
26.0691
17.7292
7.96891
11.6705
8.78777
3.71953
26.9277
30
7.89954
8.65514
11.0025
7.9763
17.775
8.34459
7.82076
12.9075
6.3914
8.24646
26.9952
27.7484
12.5937
12.4704
6.55932
13.1285
7.65535
7.71131
8.33188
8.07251
10.8011
4.38463
27.5579
30
4.65876
6.42609
9.76752
9.50193
8.12063
12.3263
11.8662
9.34001
9.82132
3.49927
1.52993
26.6091
8.72021
0
10.1219
0
5.43248
7.58625
9.78045
14.5216
12.4312
1.94753
27.1621
7.67476
8.88661
10.3344
5.67055
11.4843
5.54356
4.32499
8.128
9.87093
6.81917
5.3304
26.1543
0
14.8834
5.39251
4.09545
13.0849
7.50934
11.3373
9.49709
6.74554
7.51067
6.12036
25.7745
26.5517
27.005
30
27.2847
29.2121
27.2621
9.8616
10.7839
2.13275
13.5952
3.85372
26.9801
