#HCal cosmic fit parameters obtained 9_16_2022
#Exponential fit for i PMTs -> y = P0_i*exp(-P1_i*x)+P2_i, P1_i = 
0.0857113
0.987539
0.0707343
0.00043542
0.185475
0.132611
0.015948
4.21885e-15
0.102946
0.189902
0.00267194
1.83187e-15
4.76302e-06
2.81553e-13
0.105711
0.00616752
0.133595
0.21115
2.99427e-13
0
0.230464
0.175854
0.1084
0.224624
0.000445612
0.00353137
0.248042
0.00412759
0.103962
0.0331041
0.001521
0.0843393
0.30747
0.129534
0.00233089
0.111904
0.00388685
0.0569115
0.271057
0.00485259
0.175032
0.00022515
0.0616741
0.0250321
0.0152686
0.100353
0.0769372
0.0496582
0.019631
0.0055859
0.119194
0.0505384
0.116652
0.0213483
0.132983
0.0865154
0.0748568
0.0045155
0.000780715
0.0749542
0.0380702
0.01274
0.048871
0.0617032
0.1682
0.117279
0.206597
0.0356596
0.191547
0.156631
0.00762585
0.0783786
0.0356274
0.169583
0.0197485
0.0389786
0.150938
0.0158732
0.104103
0.120296
0.112498
0.115954
0.0164448
0.0426377
2.46247e-13
1.00531e-12
0.174919
0.181207
0.00277738
0.063024
0.31496
0.00254608
0.000466122
0.0529619
0.00194683
0.0757675
0.0278753
0.119984
0.0667843
0.138787
0.00133628
0.00122393
0.113971
0.0625094
0.0958822
0.0603826
0.0368944
0.252833
0.0632408
0.106973
0.407104
0.0328934
0.000451666
0.274517
0.0271436
0.115665
0.0276651
0.0101027
0.000404426
0.0986158
2.70672e-13
0.0920918
0.134718
0.158904
0.0430968
0.214291
0.0322253
0.100642
0.0271125
0.0770923
0.00125525
0.313603
0.0316351
6.93279e-13
7.44286e-05
0.000685279
0.0849729
0.0123552
0.170043
0.17869
0.34599
0.0431926
0.148377
0.0182228
0.0319262
0.929286
0.105452
0.0961934
0.0331825
0.0885913
0.0418259
0.114728
0.0145127
0.141389
0.073461
0.0498371
0.0234172
0.0197704
0.0830897
0.0139381
0.00315197
0.0882147
0.11524
0.0458143
0.0153571
0.000745757
0.073544
0.0241626
0.168538
0.17359
0.0587074
0.0638986
0.0265904
0.119825
0.0018216
0.0204171
0.000390601
0.188419
0.0626471
0.0753103
0.0222394
0.0711419
0.0096735
0.0717507
0.0819579
0.114018
0.190574
0.056168
0.00085421
0.00116129
0.0366255
0.0447023
0.0239768
0.00839265
0.00637002
0.198262
0.217395
0.00160764
0.0798798
0.00407256
0.0090533
0.0887775
0.124732
0.0511686
0.106529
0.0129188
0.125507
0.0258611
0.19441
0.21016
0.105726
0.0913783
0.189831
0.0549132
0.0127281
0.0638192
0.0347048
0.046947
0.135168
0.0020249
0.0832674
0.00060343
0.069901
0.101117
0.166395
0.0717775
0.0658776
0.068282
0.013925
0.0321975
3.13027e-13
0.163098
0.0107213
0.274366
0.0476944
0.0400972
5.27689e-13
0.151385
0.155347
0.0363722
0.0135522
1.73528e-13
0.119435
0.138713
0
0.0968368
0.249158
0.138018
0.0938636
0.0779092
0.000264267
0.0163605
0.068778
0.0228231
0.000580753
0.0894549
0.0356258
0.00549477
0.00727904
0.0134051
0.10448
0.00455489
0.142066
0.0841242
0
0.345486
0.00471215
0.0738927
0.030412
0.148074
1.22125e-15
0.00831311
0.0205652
0.0599735
0.0107201
0.0551346
0.0189136
0.0503456
0.000285646
0.168728
0.260412
0.00147106
0.12433
0.0785161
0.106693
0.127061
2.17604e-14
0.00369324
