#HCal cosmic fit parameters obtained 9_16_2022
#Exponential fit for i PMTs -> y = P0_i*exp(-P1_i*x)+P2_i, P2_i = 
-66.3493
-67.8421
-70.0215
-95.1483
-69.3063
-68.4786
-68.3149
-77.1347
-70.0734
-67.2949
-91.5622
-81.273
-81.2917
-82.3374
-72.5399
-87.8086
-67.122
-67.7595
-76.4913
0
-67.1397
-67.7734
-73.3034
-82.1884
-92.588
-71.8581
-66.9234
-92.2985
-69.0446
-71.7967
-91.5778
-70.5194
-66.8844
-68.2498
-94.6337
-72.4326
-70.8238
-72.2398
-67.1695
-90.4587
-68.8783
-78.5957
-69.3352
-69.2039
-68.4773
-66.1081
-73.4824
-69.7581
-69.5314
-91.5239
-68.3806
-68.5058
-67.5543
-68.9994
-69.1158
-69.3734
-68.9034
-80.8375
-98.1653
-71.0179
-68.5167
-63.9208
-69.9429
-69.9811
-67.0374
-71.0956
-72.9732
-70.7652
-69.0363
-71.3065
-71.3677
-72.9108
-77.8396
-72.9012
-89.0706
-76.8019
-70.0339
-76.4589
-70.2654
-69.4321
-67.2731
-68.507
-74.0885
-83.7267
-78.9835
-80.8361
-72.738
-70.9684
-97.0585
-71.883
-70.3556
-96.4079
-79.8494
-72.6427
-97.8685
-66.3701
-71.0678
-71.0248
-70.9328
-68.9008
-80.794
-87.2316
-70.8373
-71.8224
-69.5632
-68.1347
-70.2773
-71.6834
-74.4919
-71.5131
-72.0541
-71.0139
-98.3058
-70.7595
-73.1823
-71.496
-70.8518
-75.0281
-101.374
-69.6209
-82.3559
-68.0512
-67.1714
-68.6463
-71.2419
-71.1757
-75.2258
-71.7194
-72.9206
-69.7381
-96.9561
-74.8131
-65.2696
-78.9969
-80.6719
-98.2916
-73.7997
-74.5523
-70.2239
-72.4697
-68.2944
-70.0469
-68.2885
-69.5707
-84.8718
-76.2
-72.0409
-67.5842
-79.0508
-70.9991
-70.3085
-68.528
-70.028
-68.4972
-69.7576
-70.2768
-76.8505
-71.0867
-70.6202
-71.2865
-97.7765
-74.2294
-68.6529
-72.9344
-83.9608
-98.3057
-72.2686
-73.6973
-66.7394
-69.7499
-71.1955
-71.272
-69.9096
-71.3047
-97.4678
-73.9025
-97.1779
-79.5645
-71.7844
-70.3759
-70.4276
-70.1597
-70.9586
-71.1177
-74.0292
-69.7642
-68.3614
-72.8864
-96.8998
-98.8237
-75.4226
-68.43
-74.2625
-81.9044
-74.3592
-70.307
-73.8122
-94.0457
-72.0357
-89.7829
-78.9209
-71.9845
-69.3936
-75.1235
-71.7819
-71.401
-71.2181
-72.7837
-71.1319
-73.2039
-70.8601
-73.7777
-72.1048
-80.6971
-74.9107
-71.1903
-66.5618
-72.8291
-73.2617
-96.5504
-72.0947
-98.567
-75.896
-70.2645
-72.6686
-72.2257
-74.067
-67.1953
-74.944
-72.8935
-80.3355
-71.0098
-77.2397
-71.3492
-72.7889
-79.7181
-80.1962
-70.385
-69.3919
-73.7651
-80.416
-81.8741
-117.104
-69.0183
0
-71.8046
-71.561
-70.9703
-72.7568
-72.7429
-101.055
-71.22
-66.2152
-78.6243
-97.4959
-70.6889
-71.1323
-74.7991
-74.2638
-71.4701
-69.9911
-89.1298
-69.0196
-74.7117
0
-74.5122
-75.5022
-71.1537
-69.3888
-73.9889
-71.2458
-75.5621
-73.8899
-70.9454
-71.5322
-73.3482
-82.2616
-70.0399
-96.3996
-66.5727
-69.6486
-91.7797
-71.9528
-72.9414
-71.0322
-69.9958
-82.7024
-87.2899
