#HCal ADCT offsets obtained 2_28_2023
#Offsets obtained from fits over cosmic ADCT distributions = 
-20.4649
-19.5384
-20.6772
-20.7928
-4.65864
-7.47262
-8.1121
-5.05684
-17.6004
-20.0466
-24.7217
-19.6783
-19.9502
-21.5213
-1.14663
-2.39055
-5.60107
-7.64476
-5.82366
-4.01665
-1.22661
-0.331756
-13.7345
-18.3618
-14.7631
0.802762
-0.771412
-4.59619
14.4984
11.785
15.804
15.0729
-0.774618
-0.0269941
0.687648
-0.556642
-3.06751
-1.25848
-2.64624
-0.713689
71.3733
70.9504
71.5944
78.1169
-0.379139
-1.5871
-0.409652
-0.106859
-0.497565
-1.82517
1.12742
60.6058
52.5873
52.7717
74.2833
75.1972
61.5949
58.2696
39.3308
-19.8985
-2.44491
-2.39288
-1.60786
60.1289
54.9714
52.0212
71.2489
74.4414
60.4166
61.3745
40.1462
-20.7975
1.5258
1.33348
1.8295
64.3941
74.9435
78.467
73.5111
75.8742
59.809
59.6295
58.3034
55.9917
-21.8962
-21.372
39.2596
38.9796
52.8538
52.1503
53.0246
54.7835
43.4257
41.4499
40.5054
43.0699
-0.52712
54.5712
59.2176
58.715
53.4289
51.6492
75.3766
74.8077
60.2687
59.9106
40.5717
40.9328
0.856632
60.1112
41.1192
40.8178
52.3669
53.8667
72.5759
73.3597
42.0377
42.8555
38.904
-20.0152
-3.51906
60.4151
60.4516
59.8755
51.8593
54.0681
72.2303
72.4662
60.7582
60.1247
43.516
-19.6023
-21.0015
38.7439
41.5333
43.1188
73.2879
73.791
56.0643
56.598
42.9948
41.9751
55.4212
61.7575
1.27741
1.56281
64.4043
66.8933
78.7609
74.6977
78.6262
79.0153
63.492
63.9324
58.2039
54.0414
-3.62297
58.5457
60.2478
61.8389
71.2514
73.4931
70.9181
73.2196
60.5304
62.4914
60.2676
57.6885
-20.3101
38.7607
41.1163
43.2442
72.0987
70.2879
54.4631
55.2809
42.2592
-15.857
60.9572
-3.21262
-5.09212
57.5972
59.9362
59.3984
72.0849
72.4817
70.5874
72.4773
61.6482
60.5276
59.2766
54.7062
-2.45182
56.1227
60.4706
60.1977
75.7599
69.4821
76.0079
77.7087
61.1047
63.878
61.0723
59.7026
-3.83124
86.4562
53.6399
60.8288
70.4607
69.6231
71.1942
74.0838
59.8434
60.9793
57.5875
60.9757
-1.79281
1.20509
57.7332
62.3791
72.0375
73.8693
73.4709
72.0992
60.66
61.4209
56.9541
61.1326
-2.85637
-4.07503
56.498
59.2024
74.7991
73.3234
71.2448
74.8951
59.2418
57.1241
60.4981
61.1453
-1.14105
-0.011887
-2.0092
63.7626
59.8892
52.5658
73.575
74.3653
60.3938
62.3767
43.0526
44.3675
-1.32701
-1.31781
-4.33035
59.1613
53.2224
48.5174
69.2841
71.2824
59.2415
59.2996
40.0347
37.8414
-339.997
-4.03246
-3.44082
59.8676
52.9638
50.1857
74.6893
72.5279
57.9582
58.879
41.0212
36.9417
-20.2397
-19.1979
-20.9791
41.1699
52.3055
51.487
54.5963
56.4931
40.0445
40.1435
39.0729
38.7539
