#HCal TDC offsets obtained 2_28_2023
#Offsets obtained from fits over cosmic TDC distributions = 
-255.089
-255.089
-250.535
-259.775
-386.477
-364.1
-343.428
-364.037
-255.874
-252.395
-220.988
-289.242
-243.437
-243.437
-250.911
-243.808
-375.31
-360.431
-379.559
-400.384
-241.362
-240.974
-276.665
-229.736
-255.089
-284.963
-259.357
-247.516
-378.584
-373.604
-395.499
-397.977
-248.856
-254.643
-279.421
-264.133
-255.089
-216.016
-227.08
-244.022
-954.355
-953.626
-946.841
-950.289
-238.106
-224.379
-237.17
-263.794
-69.5618
-69.5618
-69.5618
-562.512
-653.118
-665.818
-665.365
-667.622
-586.231
-542.746
-578.829
-69.5618
-235.554
-298.324
-233.242
-847.241
-671.44
-652.251
-954.043
-970.986
-842.007
-844.874
-502.51
-69.5618
-296.553
-331.246
-286.985
-889.318
-991.033
-991.04
-966.486
-987.375
-850.371
-858.855
-871.007
-835.784
-237.403
-291.962
-887.028
-877.696
-972.109
-977.147
-979.454
-991.342
-884.938
-872.095
-874.938
-877.747
-228.23
-856.274
-867.871
-864.932
-977.631
-973.266
-982.129
-985.64
-863.415
-850.967
-844.915
-814.451
-264.492
-875.953
-869.032
-875.312
-963.469
-968.93
-979.157
-980.159
-864.106
-881.913
-860.778
-244.568
-244.469
-883.791
-862.259
-867.342
-939.195
-962.968
-961.039
-964.748
-863.353
-866.083
-767.922
-248.13
-279.31
-861.446
-859.018
-863.341
-956.55
-958.712
-963.465
-975.603
-844.951
-863.235
-904.186
-843.723
-69.5618
-69.5618
-568.014
-569.629
-704.184
-679.275
-686.157
-677.683
-543.594
-552.349
-543.492
-512.11
-162.826
-834.491
-816.556
-837.239
-908.152
-937.926
-917.514
-941.531
-826.109
-826.464
-1022.03
-760.868
-284.253
-842.946
-831.748
-839.411
-934.365
-923.276
-939.389
-945.518
-827.214
-267.366
-852.563
-216.166
-69.5618
-556.541
-804.049
-807.902
-936.602
-945.149
-646.688
-660.511
-818.995
-796.373
-825.266
-803.3
-173.474
-845.659
-842.541
-836.685
-959.855
-921.143
-942.905
-964.857
-819.535
-830.775
-820.578
-1786.95
-378.623
-1025.73
-956.566
-1003.42
-906.464
-905.241
-1075.56
-1093.55
-973.218
-996.417
-805.792
-809.273
-231.297
-224.988
-815.091
-830.409
-1084.09
-1071.78
-916.543
-919.785
-813.511
-817.591
-976.889
-982.58
-192.577
-225.169
-815.878
-823.512
-1095.45
-1093.07
-921.926
-953.198
-817.906
-804.79
-1007.73
-972.156
-215
-249.078
-69.5618
-821.841
-1076.86
-1077.22
-941.697
-945.443
-832.995
-822.725
-975.575
-977.456
-283.694
-244.419
-207.656
-834.357
-923.678
-915.929
-905.21
-942.11
-832.474
-826.762
-816.324
-826.778
-177.125
-177.125
-193.566
-806.317
-912.049
-905.093
-917.17
-929.616
-799.292
-830.05
-828.913
-915.344
-261.816
-362.358
-243.51
-855.516
-915.454
-902.6
-1085.31
-1102.64
-829.948
-808.536
-822.677
-1844.09
