#HCal TDC offsets obtained 3_1_2023
#Offsets obtained from fits over TDC distributions = 
-1863.03
-1863.03
-1817.81
-1909.55
-3167.52
-2945.35
-2740.11
-2944.72
-1870.82
-1836.28
-1524.45
-2202.12
-1747.34
-1747.34
-1821.54
-1751.02
-3056.65
-2908.92
-3098.84
-3305.6
-1726.74
-1722.88
-2077.25
-1611.31
-1863.03
-2159.63
-1905.4
-1787.84
-3089.16
-3039.71
-3257.1
-3281.7
-1801.14
-1858.6
-2104.61
-1952.82
-1863.03
-1475.09
-1584.94
-1753.15
-2808.69
-2844.59
-2732.42
-2740.35
-1694.41
-1558.12
-1685.12
-1949.45
1044.32
1044.32
1069.88
1102.28
308.386
63.2772
5.23477
-84.3815
1059.6
1174.83
1183.52
1332.3
-1669.07
-2292.29
-1646.12
-1791.53
22.8788
221.348
-2839.65
-2969.12
-1725.56
-1739.59
1240.65
1583.06
-2274.7
-2619.16
-2179.71
-2212.32
-3170.02
-3069.12
-2923.47
-3150.98
-1756.83
-1857.66
-1832.18
-1148.6
-1687.43
-2229.12
-1833.27
-1850.67
-2807.54
-2894.33
-2951.1
-3083.82
-2047.53
-1820.06
-1961.27
-2576
-1596.35
-1737.8
-1789
-1684.19
-2774.15
-2738.84
-2909.07
-2964.22
-1774.21
-1722.46
-1867.04
-1637.76
-1956.38
-1821.27
-1814.52
-1844.26
-2676.55
-2745.46
-2846
-2859.17
-1755.18
-1994.81
-1888.58
-1758.57
-1757.59
-1908.64
-1798.22
-1859.33
-2537.02
-2761.83
-2762.47
-2797.57
-1777.48
-1828.58
-2233.43
-1793.93
-2103.51
-1743.95
-1845.91
-1862.82
-2775.03
-2820.01
-2877.24
-2989.33
-1760.53
-1784.77
-1707.94
-2078.27
1124.55
957.671
934.841
908.423
-355.76
-126.315
-148.08
-105.483
1174.78
1083.97
1110.62
1267.32
-946.987
-1574.65
-1397.42
-1610.73
-2318.12
-2586.21
-2421.17
-2609.84
-1497.67
-1516.49
-1266.88
-1476.56
-2152.58
-1654.67
-1370.78
-1597.41
-2485.74
-2394.44
-2553.57
-2640.52
-1559.58
-1984.92
-1527.89
-1476.58
1383.55
1205.43
-1359.36
-1308.38
-2575.03
-2668.49
265.299
182.195
-1478.37
-1318.31
-1470.72
-1725.01
-1052.71
-1405.44
-1567.41
-1583.02
-2776.91
-2408.89
-2639.81
-2876.8
-1464.27
-1594.41
-1424.8
-1571.4
-3089.54
-3427.14
-2866.52
-3274.34
-2229.88
-2264.01
-3937.17
-4103.05
-2937.98
-3181.74
-1180.32
-1425.01
-1626.81
-1564.17
-949.995
-1504.01
-3993
-3878.45
-2353.96
-2372.41
-1373.9
-1438.07
-2919.75
-3408.86
-1242.37
-1565.96
-1506.97
-1358.08
-4080.65
-4112.35
-2369.23
-2638.75
-1421.62
-1313.35
-3137.83
-2898.88
-1465
-1803.35
2470.94
-1510.56
669.643
-3977.89
-2620.46
-2679.39
-1593.89
-1630.36
-3150.73
-3174.44
-2147.03
-1757.09
-1392.08
-1452.83
-2511.54
-2389.06
-2369.8
-2819.29
-1629.41
-1694.18
-1656.39
-1420.99
-1088.96
-1088.96
-1252.19
-1411.21
-2512.36
-2315.67
-2645.36
-2673.22
-1473.65
-1506.62
-1467.06
-1014.92
-1929.82
-2928.05
-1748.06
-1972.99
-2325.21
-2608.12
-4020.86
-4270.49
-1389.81
-1480.37
-1635.38
-1444.92
