#HCal cosmic fit parameters obtained 3_1_2023
#Exponential fit for i PMTs -> y = P0_i*exp(-P1_i*x)+P2_i, P0_i = 
0
20
30
30
12.6425
18.0839
12.2615
15.0468
27.9639
9.51671
2.1218e-11
30
20
20
30
7.95849
20.6612
9.6138
9.07289
4.54807
8.53192
13.4105
11.6237
30
20
20
30
15.5906
11.1353
10.9264
6.42037
8.93548
12.7527
12.7358
30
11.1863
20
6.68355
9.55511
7.90186
9.68211
9.54473
13.2151
30
30
12.0276
7.5276
30
20
30
30
14.7061
13.6187
10.9685
15.0118
11.4475
11.7279
20.4493
4.60734
30
20
30
30
23.1174
10.168
9.48959
15.0572
16.8592
12.5338
10.2067
19.6433
30
20
4.37635
8.57791
9.25724
10.3096
28.3938
13.1133
13.6825
15.835
25.0893
30
3.23897e-08
22.421
30
9.94547
9.79765
8.47446
8.89843
15.3761
13.4984
11.064
10.6932
11.1717
30
20
10.6559
20.8863
12.0143
10.2815
7.47842
12.117
15.4323
13.001
11.228
30
7.52639
27.7986
7.61496
7.46042
8.29755
9.06519
12.7688
10.303
23.0282
9.33404
14.2353
19.8953
30
30
30
10.0044
12.3278
11.7831
9.67567
13.9905
14.0977
12.8634
10.3319
18.3154
30
3.29736e-13
16.3746
22.0672
11.3137
13.3851
14.5064
12.2134
10.3521
10.8701
30
30
30
30
30
13.1398
7.36806
6.86193
10.4339
14.9015
22.234
14.0725
21.4648
30
28.1452
30
9.42497
8.64342
11.7568
9.26948
14.1457
11.7882
15.0995
11.6556
9.20905
12.2006
30
17.921
22.3933
12.0551
8.62582
13.1205
17.7899
12.2464
11.62
9.94267
11.4776
30
30
30
30
9.46444
12.163
12.2039
17.6862
21.8142
17.4545
10.9499
19.456
30
24.5604
24.5208
4.68459e-12
11.0248
12.0094
8.7968
27.1497
16.8713
9.27635
11.8207
17.4065
11.1746
30
29.9998
30
14.7869
12.8593
23.0329
17.7962
11.4534
12.2266
25.3111
18.3962
11.7433
30
29.0993
30
9.37923
18.5476
9.80875
12.2358
23.7813
15.4592
13.6357
12.8135
30
3.66788
7.3544e-08
3.51432
11.4722
11.7394
18.7806
17.8986
12.6013
11.7509
9.45522
30
4.76513
30
5.126e-08
30
4.13819e-10
18.3983
0
10.8324
11.7923
11.3867
19.5239
16.9026
26.2622
23.7321
1.9984e-14
30
30
6.94902
7.28069
8.5396
15.0493
12.3702
9.89062
14.0677
30
11.3617
0
30
30
29.5449
7.3433
9.74895
13.6014
12.6537
9.79837
8.55421
19.6865
30
20
30
9.75613
14.3053
11.8249
9.61916
10.0026
16.066
9.33449
9.86918
8.11329
29.94
