#HCal cosmic fit parameters obtained 3_1_2023
#Exponential fit for i PMTs -> y = P0_i*exp(-P1_i*x)+P2_i, P0_i = 
0
0
0
0
0
0
0
0
0
0
0
0
0
0
20
20
20
0
0
0
0
0
0
0
20
20
20
30
24.1418
20
20
20
20
20
0
0
20
29.5655
30
10.0259
25.1019
30
28.6358
29.873
26.3311
20
20
20
20
30
30
15.8743
11.0269
30
19.1707
30
30
22.4019
20
0
20
30
12.2126
10.7075
13.1193
20.101
30
12.6229
30
30
20
20
20
23.0662
16.3119
30
11.9965
21.6
20.4163
21.7064
29.9808
30
24.9627
20
30
12.2214
12.2194
9.48175
20.0255
18.4732
25.2298
17.9492
11.507
23.7888
28.1605
20
30
17.7432
13.5049
11.8448
11.6732
9.54644
13.8779
28.1753
11.3813
30
27.4914
20
20
21.5136
23.8673
6.20622
9.5833
9.50531
15.4054
13.6506
25.7081
23.427
28.1194
20
29.7245
30
15.1921
12.1514
7.75963
13.4254
18.6693
22.0367
3.96167
27.6043
20
20
30
9.40449
15.3175
7.34081
22.1357
12.2369
12.0301
9.97332
30
24.2258
26.5925
20
30
30
9.01854
9.45081
30
16.1018
30
30
30
30
28.4352
20
30
20.0085
9.69394
20.9372
10.2767
14.6931
15.1062
23.7761
17.6353
27.2712
20
20
30
30
6.99686
5.24394
16.4083
14.0677
6.29455
8.20253
30
30
29.0674
20
20
30
24.0423
18.8628
30
28.4216
30
30
2.24604
25.0974
30
20
20
30
30
9.68388
30
25.2709
15.6795
24.0951
30
30
1.91932e-08
20
20
29.5217
30
30
30
30
14.896
20.6819
30
18.3032
20
20
20
27.5289
30
29.9981
24.7623
30
30
29.9325
20
20
20
20
20
20
20
28.059
20
20
20
20
20
20
20
20
20
20
20
20
20
20
20
20
20
20
20
20
20
20
20
20
20
20
20
20
20
20
20
20
20
20
20
20
20
20
20
20
20
20
20
20
20
20
20
20
20
20
20
20
20
20
20
20
