#HCal cosmic fit parameters obtained 2_28_2023
#Exponential fit for i PMTs -> y = P0_i*exp(-P1_i*x)+P2_i, P0_i = 
0
0
0
0
0
0
0
0
0
0
0
0
0
0
0
0
0
0
0
0
0
0
0
0
0
0
0
0
0
0
0
0
0
0
0
0
0
0
0
0
6.33574
30
30
30
0
0
0
0
0
0
0
30
16.8346
8.14223
21.3719
30
30
20
20
0
0
0
0
30
8.91107
30
30
30
30
30
22.3192
0
0
0
0
29.4794
23.5981
30
15.4225
30
17.0291
30
1.37057e-12
20
0
0
30
5.53163
19.431
30
7.06534
1.4605e-12
30
6.8143e-08
28.8802
20
0
4.12077
26.1303
8.31939
29.7245
30
16.9926
30
2.91001e-11
2.02172e-12
30
20
0
20
30
15.351
14.7363
30
28.4352
12.0172
30
29.6792
20
0
0
22.314
9.73453e-09
8.58043
30
16.6678
30
16.5806
30
30
21.9574
0
0
23.3961
30
30
27.3027
11.3366
30
30
29.1694
30
20.7509
0
0
0
30
30
4.85362e-09
4.83287
30
30
15.1107
30
2.61757e-11
20
0
20
23.9396
7.31484
6.66134e-14
24.4275
30
30
30
2.498e-14
29.8847
20
0
19.7316
5.93893
10.0218
30
22.029
7.25383
4.996e-14
30
0
20
0
0
20
30
13.5104
30
30
30
22.3848
30
30
1.46216e-11
20
0
20
27.6071
8.88156
10.1102
19.3899
30
1.3786e-10
30
1.01302
18.7028
30
0
20
20
30
30
30
14.6404
30
19.5229
30
30
30
0
0
20
30
30
30
30
30
30
13.0655
30
12.6078
0
0
20
20
30
30
30
30
30
30
30
28.4029
0
0
0
8.55466e-11
1.63931e-08
30
30
30
29.4604
2.69967e-11
2.93099e-13
18.5693
0
0
0
20
20
30
30
0
30
1.9984e-14
20
20
0
0
0
20
20
8.65974e-14
30
19.0631
19.821
20
20
20
0
0
0
20
20
20
20
20
20
20
20
20
