#HCal cosmic fit parameters obtained 3_1_2023
#Exponential fit for i PMTs -> y = P0_i*exp(-P1_i*x)+P2_i, P0_i = 
26.2789
12.3915
8.84984
9.46534
8.0515
10.9339
13.62
30
21.0133
7.24369
28.2093
30
4.70308
23.8459
11.1583
10.3301
10.5523
12.888
8.9868
8.77612
14.2288
13.9338
11.0602
30
13.4883
6.47741
8.52314
9.51177
9.26507
12.4342
10.6876
14.8244
12.9711
15.7234
8.89438
17.2627
20.5849
18.9968
10.8561
10.3851
12.8801
15.2805
11.4283
9.72939
11.3535
9.60647
9.15195
30
16.1956
14.1651
14.0305
14.9673
12.3595
12.5319
16.2506
10.2079
12
13.192
30
30
18.4965
10.6417
11.8593
11.6358
13.1168
14.0307
7.78232
11.2296
11.3358
12.2375
20.2571
30
30
14.2226
5.63043
8.9369
11.599
1.76203e-07
11.4767
9.66898
15.5255
10.362
30
30
6.73663
9.9957
10.7938
7.91338
10.4592
9.10804
12.545
19.5549
10.0731
16.4261
12.2009
15.0724
18.9074
20.4176
13.7729
11.9552
9.13704
12.8685
11.7475
12.4083
10.1529
13.046
30
30
15.0964
11.3541
8.86639
9.79781
13.8176
12.4071
10.2335
13.7854
12.0913
14.6217
16.4434
30
8.8509
17.3644
10.5382
10.7162
11.3291
10.8657
11.5159
11.9977
10.6731
11.0538
30
30
9.85073
6.9135
8.46532
10.0419
13.4294
10.3664
10.9872
12.6854
13.6286
12.2636
15.9243
29.9976
10.5605
10.8406
9.02935
8.64068
7.99424
13.0763
23.3164
18.5323
17.0785
18.41
26.4184
0
12.7762
15.7204
13.1995
12.207
15.6176
11.5683
10.1153
9.14704
12.2612
10.4756
8.36877
26.9146
30
11.5059
10.3281
10.4567
13.311
11.1651
12.2088
11.5629
7.30039
8.16327
15.2888
9.53324
16.2606
18.6933
11.4805
11.1579
12.8886
13.8693
16.3719
27.2628
11.0204
17.5375
14.9047
29.9997
12.9246
14.1029
12.9577
11.5005
12.657
11.8623
10.8363
9.22654
17.9284
10.4586
10.4877
29.4564
19.9291
10.138
13.857
12.7825
10.9446
15.1039
14.99
13.3576
13.4423
17.2781
25.2759
30
28.5293
15.83
13.7455
10.8306
12.9157
11.9923
11.575
11.0904
23.4502
13.0604
24.6522
30
30
13.2919
15.7889
13.2637
10.5876
10.4277
17.7413
9.99643
10.545
10.4561
8.18665
30
17.4847
9.71084
0
14.4301
0
11.6229
12.9834
10.8676
9.94433
10.3663
10.9846
30
27.9729
19.8611
6.8788
8.00835
8.56914
9.43358
8.39881
12.0551
7.61433
16.4115
6.24977
30
27.9205
7.27314
7.64188
8.61115
10.0778
11.7203
9.89346
12.1711
8.06831
8.49048
26.0884
30
12.1365
14.8427
9.06027
6.46493
9.66904
9.99021
9.22645
10.8778
8.22861
14.9775
9.08954
15.3086
