#HCal cosmic fit parameters obtained 3_1_2023
#Exponential fit for i PMTs -> y = P0_i*exp(-P1_i*x)+P2_i, P1_i = 
0.103613
0.0193735
0.027246
0.032503
0.0427094
0.0366673
0.0534197
0.0979649
0.0583568
0.0129195
0.0807336
0.000662392
0.0207834
0.086529
0.0423291
0.0346932
0.0411685
0.0484222
0.0379264
0.0255323
0.0526509
0.0496245
0.043087
0.166238
0.033404
0.0328998
0.0296887
0.0327131
0.0377694
0.0395463
0.075666
0.0803227
0.045445
0.0844029
0.0324458
0.0197736
0.0908847
0.0585039
0.0423078
0.0421717
0.0610941
0.0601227
0.0408473
0.0259381
0.023363
0.0179282
0.0291645
0.221411
0.0367599
0.0446914
0.0369981
0.0445922
0.0428402
0.0555346
0.0556915
0.0268201
0.0293512
0.0139368
0.109305
0.144156
0.0969751
0.0226261
0.0381097
0.040765
0.0415841
0.0388264
0.0142972
0.0374455
0.0333704
0.0540667
0.0788697
0.122609
0.106861
0.124818
0.0372631
0.0488557
0.0479941
0.680834
0.0324465
0.0270615
0.031203
0.0182223
0.0963059
0.289481
0.0172042
0.0439186
0.0417521
0.0304436
0.048187
0.0398986
0.047739
0.0982196
0.0402422
0.0733394
0.0514058
0.0260831
0.0959583
0.0538017
0.0564582
0.0381771
0.028004
0.0363243
0.0439884
0.0397328
0.0143783
0.0389156
0.0853276
0.242221
0.0608642
0.0376502
0.0313107
0.0325099
0.0522857
0.0429315
0.0274317
0.0420556
0.0358243
0.0621087
0.101714
0.00802104
0.0759785
0.0569654
0.0278008
0.0256015
0.0429384
0.031565
0.030153
0.0356124
0.0205845
0.0174131
0.158448
0.00405193
0.119428
0.0220675
0.0297396
0.0371705
0.0487909
0.0274285
0.037347
0.0448931
0.0446805
0.025435
0.042796
0.00215685
0.0634731
0.0944007
0.0371765
0.0409232
0.0435313
0.0597983
0.0596709
0.0554802
0.0397537
0.0452149
0.0596896
0.10078
0.0131539
0.0554631
0.0441041
0.0444426
0.0699021
0.0364508
0.0285308
0.0275252
0.0399417
0.0236562
0.0181731
9.40692e-13
0.197506
0.0320613
0.0430541
0.0383518
0.0426226
0.0370986
0.0429434
0.0356033
0.0139923
0.031358
0.020227
0.0135478
0.0333502
0.0610183
0.0317236
0.0332657
0.0508709
0.0563456
0.0423249
0.0698057
0.0219878
0.0421964
0.0312166
0.00116383
0.0225234
0.0795226
0.0338777
0.0350718
0.0676069
0.0371302
0.0273659
0.037355
0.0679833
0.023345
0.0127061
0.002998
0.0729302
0.0288415
0.0480814
0.0376549
0.0300066
0.0588315
0.0470824
0.0442215
0.0428221
0.0569731
3.14795e-05
0.0133483
0.123395
0.0333412
0.0418873
0.0353616
0.0374263
0.0353605
0.0393702
0.0298166
0.0846754
0.028917
0.0666694
0.00245072
0.104554
0.0290136
0.0400322
0.0443201
0.0323407
0.041842
0.0714612
0.0282654
0.0217819
0.0326559
0.0195799
0.0840326
0.0557891
0.0250403
0.111718
0.0419104
0.0917276
0.0521953
0.0557
0.0274552
0.0210511
0.0365364
0.042091
0.229217
0.0708792
0.0786784
0.0121352
0.013434
0.0188419
0.0270949
0.0117959
0.038082
0.0105482
0.0639608
0.0106471
0.202199
0.12118
0.0111813
0.0141998
0.0151688
0.0376726
0.0389591
0.0320746
0.0462272
0.0141257
0.016454
1.46641e-05
0.139412
0.0237472
0.0141662
0.0076679
0.00848328
0.0214513
0.0360503
0.029808
0.0289397
0.0102428
0.0345494
0.043627
0.0218158
