#HCal cosmic fit parameters obtained 3_1_2023
#Exponential fit for i PMTs -> y = P0_i*exp(-P1_i*x)+P2_i, P1_i = 
0
0
0
0
0
0
0
0
0
0
0
0
0
0
0
0
0
0
0
0
0
0
0
0
0
0
0
0
0
0
0
0
0
0
0
0
0
0
0
0
0
0
0
0
0.2
0
0
0
0
0
0
0
0
0
0.256718
0.799882
0.27489
0.276542
0
0
0
0
0
0
0
0.324099
0.0797749
0.0429827
0.00224953
0.0323885
0.0116932
0
0
0
0
0
0.0267617
2.77556e-16
0.130571
0.218461
3.40283e-14
0.00352936
0
0
0
0
0
0
0.579255
2.10942e-14
0.0366368
0.166479
4.22326e-09
0.162828
0.0146862
0
0
0
0
0.2
0.00171938
0.0343138
0.00174389
0.0848268
0.0748411
0.0544286
0.243452
0
0
0
0
1.10467e-14
1.66533e-16
0.0257224
0.108673
0.0623301
0.191753
0.0643717
0.0394565
0
0
0
0
0.0349154
0.218693
0.184758
0.171589
0.0431554
0.0528681
0.431951
0
0
0
0
0
1.38778e-15
0.0685482
0.00150455
0.140283
0.118694
0.357799
0.152458
4.21885e-15
0
0
0
0
0.0749647
0.307415
0.0398172
0.0289184
0.0436581
0.0597654
0.00264235
0.0263941
0.2
0
0
0
0.0344147
0.130469
0.0370831
0
0.115779
0.0705431
0.677937
0.0985125
3.16414e-15
0
0
0
0.0529825
0.019002
0.0229746
0.126697
0.0677093
0.129552
0
0.00866414
0.910245
0
0
0
0.386037
4.44367e-13
0.0328276
0.0754266
0.015046
9.86433e-14
0.214918
0.109467
0
0
0
0
0.307829
0.0861588
0.117385
0.0619589
0.367574
0.0068372
0.0389948
0.0026142
3.84026e-13
0
0
0
0.2
0.035269
0.0772709
0.0434536
0.220287
0.381231
0.33862
0.125597
0.132804
0
0
0
0.035314
0.0615051
0.190111
0.000698111
0.00870697
0.765376
0.299735
0.0429248
0.143107
0
0
0
0.2
0.0979837
0.00732998
0.153276
0.000982696
0.00292446
0.00148334
0.0178107
0.0271933
0
0
0
0
0.2
0.2
0.0682231
0.582087
0.0503368
0.00431343
0
0.2
0
0
0
0
0.2
0.0778278
0.0798737
0.0722845
0.377561
0.2
0.0255695
0.2
0
0
0
0
1.79767e-05
0.2
0.0122293
8.13238e-14
0.282257
0.0245974
0.02224
0.989841
0
0
0
0
0
0.0121051
0.2
0.2
0.0166322
0.246468
0.254002
0.2
