#HCal cosmic fit parameters obtained 3_2_2023
#Exponential fit for i PMTs -> y = P0_i*exp(-P1_i*x)+P2_i, P1_i = 
0
0
0
0
0
0
0
0
0
0
0
0
0
0
0
0
0
0
0
0
0
0
0
0
0
0
0
0
0
0
0
0
0
0
0
0
0
0
0
0
0.0654481
0.00212789
0.00960489
0.0310295
0
0
0
0
0
0
0
0.0012252
0.0159172
0.027777
8.32667e-16
0.00157709
0.0132264
0.2
0.2
0
0
0
0
0.00219842
0.00571749
0.00188749
0.0224942
0.00754079
0.037474
0.592032
0.016042
0
0
0
0
0.0119266
0.104244
0.0260898
0.0286996
0.123145
1.44479e-12
0.0525693
0.648359
0.2
0
0
0.10142
0.0396635
0.0115828
0.468551
0.0325437
0.304247
0.188307
0.386071
0.0138874
0.2
0
5.18791e-12
0.00393869
0.000449152
0.000128936
0.00199733
0.0392222
0.144446
0.00536073
0.995072
0.0520331
0.2
0
0.2
0.140707
0.0191109
0.0502671
0.000383547
0.0308973
0.0528372
0.00280766
0.00117811
0.2
0
0
0.00712231
0.681461
0.0301431
0.125966
0.046955
0.00371832
0.013445
0.0409904
0.0323018
0.0486551
0
0
0.0162883
0.0487172
0.0937961
0.0432223
0.00713858
0.0914355
0.492027
0.000414901
0.152264
0.0092393
0
0
0
0.384569
0.269702
0.0968263
0.0416324
0.0707792
0.110421
0.0101131
0.127178
0.228432
0.2
0
0.2
0.0311826
0.0336825
0.107622
0.136845
0.136505
0.0761001
0.0174872
0.344977
1.55762e-05
0.2
0
0.0124829
1.53148e-11
0.0737047
0.118754
0.0343223
0.0197154
0.102626
0.154857
0
0.2
0
0
0.2
0.0531103
0.0232926
0.00293534
0.215464
0.0720339
0.0453323
0.00569468
0.0243091
0.246483
0.2
0
0.2
1.60399e-12
0.010503
0.00839767
0.0300859
0.0666784
0.298701
0.14539
5.89528e-14
7.67858e-12
0.0778986
0
0.2
0.2
0.0508655
0.00514501
0.0989323
0.0492142
0.0909627
0.026624
0.0177167
0.00588212
0.024421
0
0
0.2
0.0209622
0.0816055
0.126228
0.0041538
0.067435
0.0881503
0.000172644
0.110272
0.2
0
0
0.2
0.2
0.00572537
0.0478758
0.116611
0.066429
0.0769293
0.132225
0.020148
0.0162109
0
0
0
0.294405
0.22283
0.0318063
0.0270583
0.0241129
0.081115
0.284672
0.341399
0.00793811
0
0
0
0.2
0.2
0.0603043
0.0139002
0.134968
0.0140974
0.108235
0.2
0.2
0
0
0
0.2
0.2
0.0629375
0.0396929
0.00328518
0.00229556
0.2
0.2
0.2
0
0
0
0.2
0.2
0.2
0.2
0.2
0.2
0.2
0.2
0.2
