#HCal cosmic fit parameters obtained 2_28_2023
#Exponential fit for i PMTs -> y = P0_i*exp(-P1_i*x)+P2_i, P2_i = 
0
0
0
0
0
0
0
0
0
0
0
0
0
0
0
0
0
0
0
0
0
0
0
0
0
0
0
0
0
0
0
0
0
0
0
0
0
0
0
0
-71.651
-92.1579
-73.6292
-65.1652
0
0
0
0
0
0
0
-90.1967
-71.958
-68.888
-78.5015
-69.6004
-82.9116
-80
-80
0
0
0
0
-93.6392
-71.2597
-94.075
-84.2664
-84.8661
-81.0517
-71.4613
-79.6287
0
0
0
0
-101.246
-73.2934
-72.9698
-77.4684
-70.4337
-82.2791
-59.5096
-72.7
-80
0
0
-73.8658
-72.1054
-84.0398
-79.3241
-83.538
-75.3873
-73.4222
-78.7631
-78.5764
-80
0
-73.6208
-87.3857
-77.6286
-97.338
-97.176
-71.7867
-71.3436
-71.2826
-69.7667
-89.425
-80
0
-80
-69.6104
-77.0482
-69.6516
-99.7197
-82.2472
-77.7493
-99.6056
-97.1689
-80
0
0
-77.8776
-69.9
-67.6782
-72.1906
-76.3624
-95.9125
-81.2833
-70.5038
-78.382
-78.5597
0
0
-77.2616
-66.9332
-70.0486
-73.8552
-76.4454
-73.1063
-74.2433
-98.2077
-82.9075
-79.4798
0
0
0
-65.1282
-63.0902
-71.5577
-67.2606
-69.9855
-69.2448
-73.4603
-69.9937
-96
-80
0
-80
-76.1153
-70.254
-75.5443
-75.2048
-73.7566
-76.8624
-84.8936
-84.2778
-45.355
-80
0
-80.2117
-74.9775
-76.0858
-72.6007
-78.0075
-77.4233
-75.01
-73.4162
0
-80
0
0
-80
-63.7595
-68.9062
-94.5684
-73.1902
-67.6733
-71.1125
-94.4009
-93.7878
-100.5
-80
0
-80
-65.7739
-67.1202
-79.1111
-72.4636
-73.3552
-77.1436
-68.5968
-69.5844
-80.9172
-101.71
0
-80
-80
-66.8811
-89.6847
-72.3013
-73.3371
-73.1862
-70.3367
-91.4351
-79.3266
-69.3505
0
0
-80
-37.41
-66.4143
-70.7398
-93.3644
-71.5777
-69.8325
-83.0638
-77.1517
-71.5
0
0
-80
-80
-80.3824
-66.8246
-74.4494
-72.8262
-69.5376
-70.991
-64.0195
-80.0064
0
0
0
-81.5002
-113.5
-68.3236
-72.3958
-77.9898
-71.6084
-93.3334
-80.5001
-80.5082
0
0
0
-80
-80
-70.9064
-99.3168
-91.2778
-91.6103
-109.5
-80
-80
0
0
0
-80
-80
-132.5
-129.657
-80.7341
-80.1312
-80
-80
-80
0
0
0
-80
-80
-80
-80
-80
-80
-80
-80
-80
