#HCal cosmic fit parameters obtained 3_1_2023
#Exponential fit for i PMTs -> y = P0_i*exp(-P1_i*x)+P2_i, P2_i = 
0
0
0
0
0
0
0
0
0
0
0
0
0
0
-80
-80
-80
0
0
0
0
0
0
0
-80
-80
-80
-44.0166
-74.4989
-80
-80
-80
-80
-80
0
0
-80
-53.9487
-45.0494
-50.7983
-52.4167
-48.1499
-60.8358
-37.3729
-69.8206
-80
-80
-80
-80
-68.2898
-76.8764
-76.7961
-77.2564
-81.6779
-79.5228
-89.236
-65.0845
-79.7984
-80
0
-80
-37.6786
-46.7762
-50.7664
-78.057
-79.4061
-57.8503
-48.7333
-71.664
-40.4849
-80
-80
-80
-76.1544
-76.1931
-76.7397
-50.2813
-50.9677
-51.1284
-51.5107
-72.1489
-63.9319
-73.2018
-80
-65.7597
-50.6889
-55.6437
-51.4411
-54.0399
-58.9015
-54.748
-67.1553
-49.0168
-75.1036
-65.6599
-80
-35.7121
-47.4814
-46.8117
-48.753
-49.0359
-51.0924
-50.499
-50.7342
-49.1513
-73.6634
-68.1748
-80
-80
-47.0426
-74.9778
-47.4055
-46.684
-49.408
-50.7509
-52.207
-71.3838
-75.6861
-3.61918
-80
-49.3674
-60.9915
-45.1605
-45.0166
-49.2644
-48.8047
-49.5968
-49.5068
-42.7421
-65.7487
-80
-80
-54.9313
-51.6911
-47.0431
-52.6918
-50.0912
-48.9038
-50.6693
-54.8589
-70.7591
-74.3642
-69.0883
-80
-75.8108
-93.097
-81.3303
-73.9157
-86.5699
-77.7156
-78.1033
-76.8262
-71.2519
-91.5996
-8.93519
-80
-18.0729
-43.3576
-43.9259
-47.9092
-52.9686
-49.3286
-50.1925
-47.7689
-49.864
-67.0777
-80
-80
-62.6805
-53.3502
-49.0887
-47.5964
-46.848
-48.2727
-50.155
-48.4
-74.0424
-107.583
-65.1987
-80
-80
-81.3866
-44.5149
-58.3403
-48.5723
-47.5611
-74.6504
-76.2452
-45.1869
-72.7132
-99.1075
-80
-80
-42.523
-40.2971
-45.8447
-52.7486
-49.287
-50.1224
-61.0367
-68.7594
-67.3361
-68
-80
-80
-52.7717
-47.3036
-42.8333
-48.7877
-50.2793
-49.0692
-49.3145
-48.0701
-81.5305
-80
-80
-80
-66.029
-39.9521
-63.9014
-73.356
-46.4326
-51.8021
-74.4138
-80
-80
-80
-80
-80
-80
-80
-2.5589
-80
-80
-80
-80
-80
-80
-80
-80
-80
-80
-80
-80
-80
-80
-80
-80
-80
-80
-80
-80
-80
-80
-80
-80
-80
-80
-80
-80
-80
-80
-80
-80
-80
-80
-80
-80
-80
-80
-80
-80
-80
-80
-80
-80
-80
-80
-80
-80
-80
-80
-80
-80
-80
-80
-80
-80
